901 7
2576 16
2544 16
1241 15
1401 9
384 16
1560 9
1704 17
2527 1
1193 14
616 3
3164 16
399 9
1985 13
2702 2
2956 13
729 8
2525 7
3118 9
707 15
553 8
2220 9
1643 13
3251 16
1542 14
642 15
34 16
432 13
1456 19
278 8
1546 16
989 14
1906 5
2371 16
1482 9
341 13
2611 18
498 8
1547 13
3517 4
3165 1
2519 9
3001 9
1812 8
2386 13
1896 16
3559 5
709 4
2361 13
2424 3
1650 15
3074 16
2758 9
3250 9
2360 6
2417 6
1707 8
2092 4
3067 13
2305 15
2878 8
1666 18
3278 15
1438 8
618 15
2197 15
640 17
494 3
2281 13
1953 19
3241 15
1252 16
3007 8
318 9
822 15
2244 3
2064 15
781 3
1594 16
230 8
770 8
1673 15
551 3
923 9
2933 16
862 9
2474 15
534 15
1881 13
2898 5
2953 15
603 16
379 13
3091 5
438 7
1243 8
1949 16
2201 7
1755 13
2904 19
1862 13
380 9
3534 9
1303 16
1825 8
1798 13
2055 4
478 13
733 8
968 13
2628 13
2445 13
2905 18
1672 9
788 13
442 9
529 13
389 3
612 1
1526 13
302 16
3275 16
981 15
2273 9
3179 9
2964 8
2083 9
1865 17
502 16
87 13
2731 13
3409 7
1196 8
1664 9
713 13
63 8
3317 17
721 8
3228 15
980 7
1965 13
1884 13
2116 15
9 2
894 15
1216 16
1675 8
2198 8
2230 16
1842 19
1080 1
2927 3
2464 16
2070 10
2036 15
2232 15
3340 15
3196 3
2752 8
1123 5
3189 13
2658 13
3147 13
1845 15
1061 16
1981 9
1973 4
946 5
1189 6
1891 16
3237 9
2710 15
545 16
1857 14
1713 7
3286 4
420 13
2901 13
1426 14
2843 4
749 2
1837 16
869 5
3057 2
3423 13
2413 15
178 7
1860 18
789 2
3073 7
2582 16
2526 16
2530 16
2750 8
3465 15
2432 9
2339 15
2540 8
225 19
954 9
3424 16
1441 9
2866 9
390 19
47 15
1599 15
1470 13
3427 15
1718 3
2545 8
1996 13
1872 19
3339 9
2423 2
905 16
2142 9
1667 9
1602 19
1449 1
1851 14
1234 19
42 14
226 18
2774 3
2091 13
617 8
1930 9
1260 13
2463 16
1218 9
2913 9
440 13
2374 13
1995 1
2639 1
2680 7
973 9
2869 13
2786 15
2976 19
40 4
3393 13
2451 15
2643 8
3369 8
3083 13
582 15
590 5
3477 13
1262 15
886 15
1531 4
3049 8
579 3
1296 13
1369 15
164 3
777 9
2821 15
2097 13
265 4
1972 16
1330 5
68 9
2988 9
1724 8
1274 15
2105 13
646 3
723 1
1161 19
3476 9
2469 15
1929 13
1350 19
3444 3
1797 14
1447 9
3429 13
171 14
536 10
3525 9
3173 16
3403 13
312 8
3530 10
2849 13
3053 15
1581 5
2918 9
3152 13
2181 15
2141 15
1008 9
2318 15
2965 16
2202 13
955 7
2690 6
2204 15
1688 16
1921 7
2966 9
1140 15
2678 15
1909 13
1129 15
1156 13
2381 15
2264 6
719 15
2677 9
1393 2
643 9
2379 19
1964 8
2287 16
1319 13
1429 16
2106 13
2388 13
2782 8
3076 13
2089 19
1408 8
737 13
1811 15
1936 9
1627 1
605 5
2266 15
512 13
2027 15
1563 16
2912 9
3055 13
1007 9
2457 3
1138 16
1998 7
1054 13
961 13
2528 7
753 16
1382 15
2017 15
2669 13
3293 16
2284 8
188 8
1253 8
978 9
2419 15
4 16
3045 9
2847 14
182 8
758 16
460 15
395 13
1928 15
2572 8
3362 16
3038 15
1633 19
3297 15
3125 9
287 2
1771 16
859 7
1384 9
846 4
2186 7
2351 15
1991 3
3197 8
1534 9
3169 13
1418 13
426 10
3392 9
2513 16
1250 13
790 1
1404 9
933 15
987 10
1605 1
1801 9
2397 9
3161 15
2402 5
1986 3
3554 7
1178 7
2126 9
2716 8
2067 13
1212 18
174 16
746 9
2719 16
1933 3
860 2
491 8
320 13
516 15
3014 13
939 7
340 13
533 13
1564 7
2009 13
3068 8
126 3
1649 15
2925 1
571 16
1669 15
3110 2
2732 9
2583 18
424 16
1944 13
2621 13
1440 15
3222 13
2642 2
405 16
1592 10
2406 19
1679 6
2823 3
587 6
865 13
1386 9
3265 9
1360 8
2798 19
144 3475
526 258
921 2908
1020 1138
1235 139
1363 2793
1372 3441
1381 1680
1385 1267
1422 829
1428 1084
1442 922
1506 1646
1533 300
1561 2705
1580 3113
1751 1766
1800 257
2056 66
2131 469
2147 2154
2158 3019
2168 451
2272 453
2301 2030
2354 1984
2420 374
2458 1604
2515 1149
2531 2832
2666 1577
2764 276
2790 2634
2824 1503
2844 3426
2882 1602
2947 1194
3065 2006
3066 3515
3219 2068
3242 2609
3314 329
3349 2400
3381 2645
3458 107
3471 2987
3486 1218
3496 1858
3555 2934
3563 2731
3564 90
3565 1081
3566 1921
3567 2581
3568 2453
3569 277
3570 2696
3571 2791
3572 1641
3573 2600
3574 3009
3575 1811
3576 2035
3577 1143
3578 1021
3579 1135
3580 2603
3581 1458
3582 716
3583 3149
3584 3005
3585 3404
3586 1174
3587 2215
3588 772
3589 3003
3590 1376
3591 2176
3592 1234
3593 3045
3594 3116
3595 1827
3596 2021
3597 799
3598 1188
3599 487
3600 2625
3601 3105
3602 110
3603 123
3604 2263
3605 2812
3606 516
3607 3455
3608 734
3609 3253
3610 2827
3611 2789
3612 2038
3613 1132
3614 3250
3615 988
3616 608
3617 292
3618 631
3619 1611
3620 816
3621 2745
3622 2785
3623 143
3624 2295
3625 180
3626 770
3627 708
3628 2985
3629 3187
3630 1764
3631 3168
3632 374
3633 1305
3634 1894
3635 1949
3636 1399
3637 174
3638 959
3639 2537
3640 2489
3641 2256
3642 3034
3643 706
3644 1528
3645 2201
3646 1129
3647 1814
3648 2061
3649 2606
3650 2946
3651 2292
3652 3165
3653 2268
3654 390
3655 2357
3656 1009
3657 2802
3658 530
3659 2950
3660 2912
3661 1836
3662 2641
3663 1148
3664 3175
3665 3489
3666 1646
3667 1325
3668 3101
3669 1505
3670 3558
3671 3263
3672 764
3673 1983
3674 2811
3675 2787
3676 3023
3677 1023
3678 2363
3679 2884
3680 1113
3681 2082
3682 2182
3683 975
3684 1790
3685 3100
3686 2120
3687 543
3688 147
3689 1206
3690 1462
3691 205
3692 2917
3693 94
3694 2477
3695 3532
3696 1563
3697 533
3698 3466
3699 2218
3700 778
3701 1643
3702 2435
3703 1871
3704 48
3705 667
3706 2219
3707 1856
3708 1612
3709 2362
3710 1253
3711 2100
3712 1473
3713 986
3714 456
3715 1392
3716 1268
3717 171
3718 82
3719 546
3720 2973
3721 625
3722 377
3723 441
3724 451
3725 2424
3726 746
3727 3226
3728 1429
3729 757
3730 566
3731 1423
3732 2177
3733 1321
3734 314
3735 1214
3736 1653
3737 224
3738 2571
3739 1897
3740 2472
3741 2709
3742 3325
3743 372
3744 707
3745 3180
3746 3268
3747 3561
3748 2151
3749 1228
3750 2915
3751 30
3752 2828
3753 2366
3754 1892
3755 688
3756 2839
3757 687
3758 745
3759 826
3760 1033
3761 2902
3762 3224
3763 466
3764 488
3765 2775
3766 2167
3767 3406
3768 2977
3769 2234
3770 612
3771 2302
3772 2173
3773 715
3774 994
3775 2135
3776 1404
3777 3479
3778 39
3779 1321
3780 2744
3781 1296
3782 529
3783 2504
3784 3085
3785 2566
3786 3231
3787 1976
3788 2353
3789 377
3790 1166
3791 15
3792 1750
3793 3416
3794 408
3795 1463
3796 3294
3797 76
3798 401
3799 178
3800 1945
3801 809
3802 1115
3803 1861
3804 2126
3805 1306
3806 404
3807 2730
3808 1267
3809 1114
3810 3279
3811 3333
3812 783
3813 165
3814 2493
3815 1712
3816 3472
3817 2184
3818 1686
3819 808
3820 2556
3821 166
3822 868
3823 785
3824 2315
3825 2192
3826 335
3827 53
3828 1169
3829 2943
3830 313
3831 3098
3832 693
3833 1099
3834 606
3835 2298
3836 2337
3837 251
3838 1730
3839 1593
3840 3231
3841 2382
3842 1866
3843 2735
3844 1010
3845 3518
3846 913
3847 1056
3848 3192
3849 191
3850 3255
3851 2480
3852 693
3853 1443
3854 1145
3855 1685
3856 2475
3857 776
3858 3119
3859 587
3860 752
3861 1432
3862 1437
3863 3520
3864 1188
3865 2268
3866 2670
3867 808
3868 691
3869 3243
3870 2902
3871 465
3872 2337
3873 1146
3874 1057
3875 520
3876 220
3877 870
3878 1319
3879 1962
3880 1712
3881 1264
3882 269
3883 567
3884 2459
3885 3114
3886 3299
3887 2648
3888 3146
3889 1709
3890 521
3891 2831
3892 3532
3893 1841
3894 918
3895 1245
3896 359
3897 2660
3898 1106
3899 476
3900 1228
3901 2088
3902 1485
3903 286
3904 3003
3905 1984
3906 1621
3907 1842
3908 1432
3909 1853
3910 882
3911 1714
3912 573
3913 861
3914 773
3915 879
3916 2575
3917 2894
3918 3408
3919 3451
3920 837
3921 2958
3922 1529
3923 224
3924 2558
3925 2812
3926 1619
3927 2102
3928 73
3929 2242
3930 13
3931 1522
3932 2782
3933 1254
3934 2595
3935 3263
3936 1567
3937 255
3938 3293
3939 1742
3940 746
3941 3337
3942 89
3943 2704
3944 2320
3945 129
3946 1357
3947 319
3948 2353
3949 969
3950 2474
3951 3053
3952 3087
3953 3011
3954 2964
3955 1890
3956 2699
3957 3105
3958 3358
3959 2508
3960 3023
3961 1711
3962 2820
3963 1176
3964 290
3965 2520
3966 195
3967 3034
3968 2100
3969 3505
3970 2814
3971 2783
3972 596
3973 514
3974 1179
3975 3249
3976 340
3977 1342
3978 77
3979 3351
3980 2630
3981 3167
3982 1003
3983 201
3984 1388
3985 2233
3986 851
3987 2976
3988 160
3989 2442
3990 1304
3991 3400
3992 2874
3993 1156
3994 1333
3995 179
3996 3235
3997 354
3998 1321
3999 1421
4000 2203
4001 2995
4002 3185
4003 195
4004 907
4005 3240
4006 3013
4007 2766
4008 13
4009 2881
4010 370
4011 981
4012 3055
4013 2191
4014 439
4015 1706
4016 1545
4017 3244
4018 783
4019 808
4020 2018
4021 156
4022 210
4023 1701
4024 629
4025 1414
4026 2943
4027 2123
4028 2991
4029 2604
4030 1840
4031 3548
4032 3533
4033 2689
4034 1131
4035 2957
4036 1578
4037 561
4038 359
4039 2691
4040 1228
4041 2049
4042 710
4043 724
4044 1609
4045 2916
4046 1315
4047 568
4048 2842
4049 975
4050 1687
4051 1185
4052 1465
4053 1899
4054 560
4055 298
4056 757
4057 2167
4058 1647
4059 3380
4060 2134
4061 2191
4062 2812
4063 3485
4064 1150
4065 565
4066 2860
4067 828
4068 2376
4069 1462
4070 69
4071 1744
4072 2128
4073 1660
4074 2578
4075 2242
4076 43
4077 304
4078 1436
4079 1841
4080 2333
4081 1146
4082 2855
4083 317
4084 3505
4085 2146
4086 1703
4087 292
4088 3326
4089 3020
4090 1172
4091 878
4092 2391
4093 1780
4094 824
4095 2624
4096 1327
4097 2977
4098 2976
4099 1470
4100 1103
4101 1829
4102 1295
4103 2248
4104 3110
4105 136
4106 1053
4107 2795
4108 510
4109 2815
4110 333
4111 1542
4112 873
4113 3316
4114 943
4115 1695
4116 3426
4117 1535
4118 2558
4119 3050
4120 1661
4121 1652
4122 3025
4123 2206
4124 1769
4125 2556
4126 705
4127 1468
4128 2324
4129 141
4130 2979
4131 1755
4132 1362
4133 2021
4134 2668
4135 1006
4136 1716
4137 1299
4138 944
4139 2643
4140 1655
4141 1872
4142 30
4143 498
4144 2729
4145 2088
4146 2245
4147 660
4148 2644
4149 908
4150 1001
4151 1772
4152 468
4153 2052
4154 720
4155 1486
4156 166
4157 1338
4158 97
4159 2029
4160 1514
4161 942
4162 273
4163 728
4164 331
4165 3346
4166 159
4167 990
4168 9
4169 987
4170 1854
4171 413
4172 2521
4173 2720
4174 440
4175 1274
4176 1817
4177 3057
4178 851
4179 1938
4180 2216
4181 1787
4182 1067
4183 2169
4184 2334
4185 906
4186 297
4187 2327
4188 210
4189 530
4190 491
4191 1969
4192 3428
4193 2900
4194 1460
4195 97
4196 387
4197 3229
4198 982
4199 184
4200 1773
4201 425
4202 778
4203 549
4204 2669
4205 842
4206 300
4207 2416
4208 352
4209 3504
4210 2826
4211 3081
4212 3424
4213 1541
4214 845
4215 2240
4216 234
4217 3306
4218 2234
4219 2340
4220 1167
4221 2684
4222 2575
4223 1308
4224 1854
4225 406
4226 765
4227 1971
4228 2857
4229 1349
4230 3354
4231 400
4232 1398
4233 1001
4234 3266
4235 2148
4236 1003
4237 2222
4238 2203
4239 2405
4240 3365
4241 482
4242 2064
4243 2902
4244 2686
4245 3082
4246 1334
4247 1183
4248 367
4249 3305
4250 272
4251 1485
4252 2267
4253 934
4254 1826
4255 1146
4256 2967
4257 726
4258 1014
4259 2746
4260 1513
4261 835
4262 2586
4263 1140
4264 785
4265 3450
4266 3125
4267 2213
4268 3231
4269 104
4270 2642
4271 3073
4272 2196
4273 1406
4274 1834
4275 46
4276 1186
4277 867
4278 2381
4279 3316
4280 1125
4281 2032
4282 1645
4283 348
4284 1849
4285 3547
4286 3232
4287 3092
4288 2467
4289 3277
4290 2606
4291 2036
4292 2303
4293 2053
4294 123
4295 402
4296 2299
4297 499
4298 894
4299 2774
4300 3211
4301 2006
4302 756
4303 3445
4304 2512
4305 49
4306 748
4307 690
4308 1735
4309 2725
4310 1576
4311 104
4312 1269
4313 438
4314 2214
4315 190
4316 840
4317 366
4318 3519
4319 1185
4320 257
4321 1604
4322 1203
4323 1846
4324 3137
4325 1648
4326 1134
4327 2665
4328 946
4329 1191
4330 289
4331 656
4332 2018
4333 388
4334 1993
4335 535
4336 2900
4337 517
4338 2107
4339 1883
4340 397
4341 2750
4342 2684
4343 898
4344 132
4345 1888
4346 2096
4347 508
4348 2347
4349 2228
4350 2032
4351 1862
4352 2225
4353 1941
4354 1586
4355 824
4356 1149
4357 2278
4358 824
4359 2929
4360 567
4361 1636
4362 2306
4363 844
4364 2893
4365 790
4366 3158
4367 1123
4368 1159
4369 795
4370 1369
4371 3439
4372 1018
4373 1025
4374 1773
4375 2461
4376 1982
4377 2643
4378 3203
4379 52
4380 2212
4381 2171
4382 1589
4383 3388
4384 2773
4385 1999
4386 1803
4387 2621
4388 2793
4389 1344
4390 1723
4391 3231
4392 564
4393 1041
4394 534
4395 3247
4396 2300
4397 1260
4398 1696
4399 753
4400 3064
4401 2463
4402 998
4403 2700
4404 2887
4405 241
4406 1118
4407 1606
4408 1734
4409 2100
4410 3150
4411 84
4412 2327
4413 2192
4414 1976
4415 3175
4416 1361
4417 1225
4418 2902
4419 1660
4420 1313
4421 224
4422 107
4423 2714
4424 1050
4425 3407
4426 89
4427 3417
4428 3305
4429 1038
4430 252
4431 1029
4432 2297
4433 2711
4434 1310
4435 1546
4436 1389
4437 2958
4438 2207
4439 2479
4440 585
4441 3245
4442 2979
4443 671
4444 3398
4445 2051
4446 3347
4447 3080
4448 463
4449 429
4450 3315
4451 724
4452 2591
4453 822
4454 1542
4455 2000
4456 3287
4457 2523
4458 2355
4459 2931
4460 2861
4461 1713
4462 2693
4463 2992
4464 1559
4465 995
4466 1632
4467 1369
4468 29
4469 3046
4470 1997
4471 2080
4472 3295
4473 3519
4474 3254
4475 1864
4476 2389
4477 2954
4478 3155
4479 1303
4480 2930
4481 442
4482 398
4483 3327
4484 824
4485 276
4486 959
4487 1748
4488 2095
4489 2213
4490 1728
4491 2724
4492 1976
4493 1144
4494 3223
4495 1445
4496 2184
4497 1823
4498 2744
4499 3127
4500 1563
4501 2883
4502 548
4503 886
4504 2996
4505 2777
4506 213
4507 994
4508 1478
4509 263
4510 3043
4511 874
4512 1316
4514 1218
4515 1434
4516 1801
4517 25
4518 2967
4519 3448
4520 3313
4521 2701
4522 465
4523 613
4524 1821
4525 968
4526 2093
4527 1423
4528 3249
4529 1833
4530 3414
4531 2222
4532 3024
4533 1632
4534 2661
4535 2274
4536 2468
4537 1988
4538 1083
4539 3379
4540 1621
4541 576
4542 2634
4543 1091
4544 46
4545 2198
4546 2032
4547 3296
4548 192
4549 2365
4550 1882
4551 3401
4552 3472
4553 496
4554 3319
4555 2965
4556 2087
4557 265
4558 1921
4559 840
4560 350
4561 2786
4562 385
4563 1256
4564 100
4565 2985
4566 571
4567 558
4568 149
4569 3203
4570 269
4571 1382
4572 2369
4573 675
4574 857
4575 1698
4576 378
4577 956
4578 3412
4579 2169
4580 531
4581 643
4582 2218
4583 2020
4584 2663
4585 640
4586 3474
4587 1890
4588 2368
4589 2826
4590 1485
4591 1795
4592 1152
4593 2499
4594 2341
4595 249
4596 1991
4597 170
4598 1893
4599 2001
4600 2964
4601 2378
4602 1630
4603 1979
4604 2414
4605 1111
4606 3427
4607 2558
4608 2810
4609 1273
4610 1793
4611 2732
4612 2090
4613 1657
4614 2689
4615 205
4616 1291
4617 2036
4618 3308
4619 3057
4620 181
4621 1061
4622 3524
4623 47
4624 2573
4625 2052
4626 2015
4627 698
4628 1878
4629 1891
4630 2997
4631 2628
4632 1286
4633 2013
4634 2258
4635 2012
4636 1687
4637 2521
4638 119
4639 205
4640 92
4641 1601
4642 1725
4643 3476
4644 1614
4645 524
4646 2456
4647 602
4648 1629
4649 1973
4650 1682
4651 838
4652 1412
4653 3359
4654 1786
4655 3051
4656 2745
4657 797
4658 415
4659 2880
4660 3536
4661 3274
4662 2250
4663 40
4664 1259
4665 2937
4666 2343
4667 1884
4668 2918
4669 880
4670 1853
4671 1296
4672 1594
4673 903
4674 1629
4675 2263
4676 2601
4677 3272
4678 1373
4679 120
4680 3007
4681 1035
4682 248
4683 1165
4684 1352
4685 548
4686 729
4687 2891
4688 2408
4689 2630
4690 1082
4691 1974
4692 2637
4693 2563
4694 2512
4695 1405
4696 1984
4697 733
4698 3326
4699 1318
4700 256
4701 681
4702 3529
4703 3089
4704 3487
4705 2836
4706 1342
4707 687
4708 903
4709 3257
4710 1828
4711 702
4712 3073
4713 3312
4714 2986
4715 1067
4716 2000
4717 1766
4718 164
4719 191
4720 2003
4721 211
4722 1391
4723 3489
4724 3358
4725 1248
4726 2333
4727 2724
4728 1157
4729 3127
4730 1912
4731 875
4732 2046
4733 705
4734 676
4735 259
4736 342
4737 1064
4738 3424
4739 2704
4740 414
4741 3544
4742 2193
4743 1429
4744 1574
4745 3240
4746 2628
4747 2879
4748 2919
4749 2215
4750 843
4751 3550
4752 63
4753 3057
4754 1336
4755 1756
4756 2691
4757 13
4758 1121
4759 3180
4760 3267
4761 82
4762 2958
4763 2235
4764 1524
4765 611
4766 46
4767 1589
4768 2140
4769 3145
4770 404
4771 1884
4772 2200
4773 423
4774 1437
4775 3439
4776 1352
4777 1457
4778 3276
4779 3400
4780 3320
4781 2705
4782 2270
4783 1028
4784 2468
4785 2981
4786 412
4787 1951
4788 1284
4789 1783
4790 3325
4791 593
4792 2122
4793 1116
4794 1075
4795 3398
4796 922
4797 2904
4798 2917
4799 1095
4800 3391
4801 767
4802 2828
4803 31
4804 1742
4805 3045
4806 3463
4807 3428
4808 2965
4809 2737
4810 3445
4811 1429
4812 1566
4813 2953
4814 840
4815 3087
4816 3556
4817 3140
4818 1560
4819 218
4820 1435
4821 46
4822 1582
4823 1994
4824 1474
4825 244
4826 446
4827 419
4828 1429
4829 1601
4830 374
4831 1092
4832 3042
4833 2447
4834 1152
4835 1287
4836 1466
4837 882
4838 2751
4839 1896
4840 2741
4841 1564
4842 333
4843 1478
4844 1053
4845 3295
4846 1459
4847 2713
4848 3390
4849 1270
4850 1982
4851 2370
4852 3006
4853 1503
4854 2552
4855 390
4856 3291
4857 1989
4858 1897
4859 1804
4860 1378
4861 2715
4862 1033
4863 3402
4864 701
4865 1239
4866 336
4867 2406
4868 680
4869 771
4870 2134
4871 2731
4872 3268
4873 2321
4874 2537
4875 2152
4876 1025
4877 183
4878 2873
4879 8
4880 651
4881 1239
4882 3157
4883 182
4884 252
4885 1597
4886 3504
4887 1137
4888 34
4889 1330
4890 2392
4891 2898
4892 1347
4893 1570
4894 52
4895 1059
4896 1110
4897 837
4898 1712
4899 2358
4900 1133
4901 2792
4902 3296
4903 1405
4904 155
4905 3239
4906 1209
4907 482
4908 3371
4909 48
4910 2059
4911 325
4912 3348
4913 1885
4914 2423
4915 2546
4916 83
4917 1798
4918 2751
4919 894
4920 309
4921 2166
4922 683
4923 1466
4924 988
4925 2162
4926 1619
4927 2133
4928 259
4929 678
4930 1328
4931 844
4932 2260
4933 1831
4934 2449
4935 1448
4936 1281
4937 2102
4938 1292
4939 1803
4940 1982
4941 2548
4942 360
4943 3445
4944 2697
4945 1639
4946 2729
4947 2171
4948 3374
4949 2922
4950 2284
4951 268
4952 1098
4953 2941
4954 2753
4955 1319
4956 1066
4957 2620
4958 2874
4959 3092
4960 3189
4961 1864
4962 2118
4963 2098
4964 3560
4965 1259
4966 3070
4967 336
4968 1761
4969 2700
4970 1208
4971 1254
4972 3116
4973 3144
4974 3190
4975 2491
4976 1649
4977 645
4978 1721
4979 3010
4980 536
4981 3048
4982 3003
4983 1934
4984 2754
4985 1344
4986 755
4987 2155
4988 1745
4989 3461
4990 1505
4991 457
4992 2652
4993 1500
4994 1895
4995 1483
4996 3112
4997 3093
4998 1956
4999 1193
5000 2381
5001 2103
5002 392
5003 1037
5004 1053
5005 955
5006 1835
5007 667
5008 1208
5009 1003
5010 3390
5011 1538
5012 987
5013 3521
5014 3359
5015 980
5016 3542
5017 3456
5018 706
5019 717
5020 2105
5021 897
5022 2810
5023 1314
5024 1301
5025 3492
5026 2849
5027 593
5028 323
5029 1934
5030 2648
5031 279
5032 2886
5033 1154
5034 2013
5035 1592
5036 2945
5037 3102
5038 1966
5039 849
5040 2099
5041 2365
5042 1163
5043 2555
5044 1701
5045 783
5046 2568
5047 3147
5048 1777
5049 449
5050 1291
5051 3204
5052 2334
5053 1591
5054 278
5055 3433
5056 2509
5057 1716
5058 928
5059 3339
5060 1009
5061 1100
5062 2789
5063 1016
5064 1841
5065 1839
5066 1698
5067 1587
5068 3266
5069 2372
5070 2042
5071 3348
5072 858
5073 2371
5074 553
5075 3069
5076 1021
5077 1823
5078 1312
5079 1205
5080 464
5081 230
5082 3136
5083 3336
5084 1024
5085 2077
5086 3544
5087 2766
5088 2978
5089 591
5090 2845
5091 2474
5092 380
5093 3151
5094 2701
5095 1142
5096 3348
5097 1839
5098 2205
5099 1550
5100 2683
5101 2093
5102 1732
5103 2710
5104 3019
5105 2342
5106 891
5107 2875
5108 2415
5109 2286
5110 339
5111 1013
5112 3413
5113 2466
5114 3046
5115 670
5116 1281
5117 524
5118 1
5119 1979
5120 40
5121 2715
5122 3050
5123 3025
5124 2303
5125 1495
5126 1322
5127 413
5128 1088
5129 1996
5130 866
5131 206
5132 2186
5133 525
5134 3083
5135 2961
5136 1087
5137 3358
5138 3009
5139 65
5140 3018
5141 2035
5142 2296
5143 695
5144 2363
5145 3038
5146 468
5147 1529
5148 1833
5149 3523
5150 2011
5151 1789
5152 3344
5153 2788
5154 3212
5155 912
5156 561
5157 104
5158 2978
5159 2868
5160 64
5161 3259
5162 644
5163 1007
5164 649
5165 2217
5166 2729
5167 2859
5168 1578
5169 608
5170 1117
5171 19
5172 2772
5173 169
5174 2317
5175 2245
5176 1875
5177 2493
5178 2546
5179 1488
5180 1193
5181 385
5182 3450
5183 336
5184 1119
5185 2215
5186 1349
5187 99
5188 2696
5189 3525
5190 3020
5191 3362
5192 2704
5193 2973
5194 1834
5195 2867
5196 996
5197 3489
5198 1002
5199 3480
5200 2324
5201 704
5202 3553
5203 1081
5204 86
5205 1423
5206 1309
5207 3182
5208 694
5209 2823
5210 1737
5211 3229
5212 282
5213 278
5214 1648
5215 3154
5216 1436
5217 1574
5218 2783
5219 903
5220 3128
5221 432
5222 2087
5223 2103
5224 1723
5225 168
5226 3103
5227 1254
5228 316
5229 3406
5230 1136
5231 1736
5232 3167
5233 914
5234 504
5235 2012
5236 3089
5237 1781
5238 293
5239 2112
5240 2127
5241 1702
5242 2589
5243 3350
5244 2257
5245 979
5246 68
5247 3221
5248 1294
5249 2219
5250 3085
5251 2003
5252 272
5253 1774
5254 810
5255 2853
5256 1732
5257 2261
5258 915
5259 1559
5260 1077
5261 3206
5262 1325
5263 183
5264 468
5265 2328
5266 1886
5267 2924
5268 3540
5269 2014
5270 767
5271 1108
5272 1440
5273 894
5274 2422
5275 2703
5276 2365
5277 3319
5278 3357
5279 3037
5280 306
5281 3392
5282 1557
5283 399
5284 2411
5285 1398
5286 505
5287 2160
5288 1742
5289 2454
5290 1359
5291 903
5292 2522
5293 2751
5294 1309
5295 1908
5296 2306
5297 2059
5298 482
5299 16
5300 367
5301 1211
5302 1116
5303 1591
5304 2284
5305 3417
5306 1183
5307 1527
5308 3087
5309 357
5310 375
5311 3260
5312 443
5313 1541
5314 3090
5315 922
5316 1882
5317 2176
5318 1443
5319 2925
5320 3212
5321 2106
5322 1737
5323 375
5324 419
5325 300
5326 234
5327 685
5328 793
5329 681
5330 3538
5331 2604
5332 3482
5333 2121
5334 3189
5335 1023
5336 2400
5337 2342
5338 3147
5339 3098
5340 522
5341 1908
5342 688
5343 2777
5344 2908
5345 1084
5346 2249
5347 1402
5348 437
5349 813
5350 1829
5351 1156
5352 2855
5353 1699
5354 708
5355 1802
5356 3084
5357 3367
5358 3022
5359 988
5360 1612
5361 2859
5362 3082
5363 2954
5364 3329
5365 1288
5366 3313
5367 3130
5368 1753
5369 1429
5370 413
5371 1376
5372 2120
5373 461
5374 3076
5375 1965
5376 2765
5377 1118
5378 2404
5379 3328
5380 772
5381 468
5382 1507
5383 424
5384 1412
5385 2992
5386 550
5387 322
5388 2243
5389 117
5390 1358
5391 1763
5392 2249
5393 1151
5394 848
5395 3310
5396 2911
5397 237
5398 2899
5399 3159
5400 2843
5401 467
5402 3534
5403 3379
5404 3199
5405 1036
5406 2576
5407 1592
5408 449
5409 455
5410 3298
5411 645
5412 785
5413 2597
5414 939
5415 392
5416 2840
5417 1404
5418 585
5419 2185
5420 65
5421 1330
5422 106
5423 3096
5424 2345
5425 1789
5426 1856
5427 394
5428 1158
5429 3005
5430 915
5431 1334
5432 850
5433 155
5434 256
5435 3432
5436 44
5437 3547
5438 2242
5439 2424
5440 644
5441 1450
5442 1829
5443 2246
5444 3430
5445 1729
5446 2461
5447 1987
5448 3280
5449 1903
5450 971
5451 49
5452 1079
5453 3430
5454 2038
5455 3155
5456 398
5457 17
5458 1582
5459 651
5460 464
5461 340
5462 2259
5463 355
5464 2429
5465 968
5466 409
5467 2939
5468 1146
5469 434
5470 1886
5471 2961
5472 2510
5473 1291
5474 1657
5475 455
5476 1352
5477 931
5478 1402
5479 289
5480 1610
5481 2544
5482 1138
5483 400
5484 496
5485 296
5486 3325
5487 276
5488 2587
5489 1569
5490 79
5491 2012
5492 3549
5493 2025
5494 2669
5495 491
5496 3116
5497 2439
5498 2924
5499 1438
5500 3347
5501 2735
5502 2679
5503 2677
5504 414
5505 399
5506 3123
5507 1448
5508 2319
5509 1047
5510 1348
5511 2345
5512 2051
5513 1351
5514 1572
5515 2636
5516 1715
5517 1196
5518 525
5519 2795
5520 3142
5521 2532
5522 349
5523 885
5524 908
5525 3543
5526 1715
5527 214
5528 1975
5529 580
5530 1988
5531 1193
5532 2736
5533 3173
5534 1517
5535 1096
5536 364
5537 2402
5538 2023
5539 1795
5540 1890
5541 216
5542 1175
5543 156
5544 3278
5545 922
5546 2004
5547 472
5548 1828
5549 2826
5550 2134
5551 2915
5552 493
5553 2103
5554 3253
5555 3038
5556 770
5557 132
5558 3559
5559 3234
5560 2349
5561 3482
5562 667
5563 1908
5564 3252
5565 2886
5566 2725
5567 1365
5568 1724
5569 735
5570 2517
5571 1355
5572 2710
5573 2130
5574 1861
5575 1315
5576 1712
5577 2592
5578 1108
5579 3110
5580 3452
5581 2086
5582 1789
5583 1976
5584 288
5585 2310
5586 2075
5587 153
5588 3049
5589 2106
5590 744
5591 3162
5592 3064
5593 1212
5594 2268
5595 3299
5596 2771
5597 3480
5598 1856
5599 2099
5600 2066
5601 2823
5602 2495
5603 2192
5604 882
5605 2267
5606 2787
5607 2640
5608 2048
5609 1856
5610 2257
5611 1437
5612 1191
5613 3085
5614 3114
5615 3231
5616 3292
5617 2757
5618 2039
5619 2289
5620 413
5621 1099
5622 633
5623 64
5624 2383
5625 3047
5626 1286
5627 3431
5628 3301
5629 522
5630 1462
5631 660
5632 1794
5633 1900
5634 1946
5635 11
5636 647
5637 2308
5638 2951
5639 1274
5640 1099
5641 1186
5642 719
5643 1589
5644 1344
5645 996
5646 2835
5647 201
5648 1305
5649 1402
5650 1334
5651 975
5652 2280
5653 2880
5654 391
5655 1140
5656 2369
5657 2192
5658 2958
5659 2622
5660 1910
5661 963
5662 3501
5663 2344
5664 465
5665 3266
5666 2895
5667 2912
5668 2150
5669 2165
5670 2390
5671 1214
5672 595
5673 2240
5674 2632
5675 120
5676 1073
5677 1818
5678 1700
5679 1088
5680 607
5681 3039
5682 1754
5683 3554
5684 1984
5685 2674
5686 3446
5687 2324
5688 2881
5689 556
5690 1240
5691 173
5692 1172
5693 2002
5694 1565
5695 2584
5696 3222
5697 414
5698 286
5699 742
5700 3008
5701 3071
5702 3221
5703 1449
5704 657
5705 1473
5706 58
5707 1958
5708 2586
5709 97
5710 2740
5711 2409
5712 661
5713 1656
5714 3220
5715 2644
5716 3053
5717 2807
5718 2117
5719 2911
5720 2455
5721 545
5722 3312
5723 170
5724 625
5725 803
5726 2995
5727 1573
5728 595
5729 103
5730 814
5731 549
5732 3523
5733 549
5734 1109
5735 1518
5736 1898
5737 157
5738 2731
5739 2941
5740 999
5741 1012
5742 788
5743 829
5744 2427
5745 3504
5746 3220
5747 168
5748 1025
5749 902
5750 1532
5751 2212
5752 956
5753 1744
5754 2252
5755 2026
5756 397
5757 3455
5758 1111
5759 1379
5760 2546
5761 870
5762 843
5763 3245
5764 2583
5765 509
5766 3385
5767 1520
5768 1056
5769 817
5770 3257
5771 2209
5772 2894
5773 2127
5774 1651
5775 3210
5776 1333
5777 154
5778 2665
5779 2846
5780 2616
5781 2394
5782 519
5783 193
5784 2573
5785 2252
5786 987
5787 1395
5788 2538
5789 3426
5790 2810
5791 2215
5792 2207
5793 2851
5794 3305
5795 1474
5796 905
5797 2357
5798 2842
5799 2896
5800 2747
5801 708
5802 1841
5803 2409
5804 2150
5805 686
5806 2742
5807 2406
5808 2459
5809 2991
5810 2208
5811 2095
5812 431
5813 1236
5814 277
5815 2088
5816 895
5817 913
5818 2010
5819 2625
5820 343
5821 1935
5822 2878
5823 198
5824 2156
5825 340
5826 1636
5827 769
5828 2777
5829 846
5830 1018
5831 2090
5832 3290
5833 1204
5834 664
5835 1273
5836 1194
5837 1166
5838 300
5839 1038
5840 1617
5841 731
5842 3012
5843 1317
5844 808
5845 2303
5846 3317
5847 3021
5848 3098
5849 171
5850 517
5851 1572
5852 3273
5853 3010
5854 1615
5855 2358
5856 1908
5857 3405
5858 135
5859 525
5860 289
5861 3310
5862 539
5863 2336
5864 661
5865 3122
5866 1049
5867 1239
5868 257
5869 1730
5870 1134
5871 2228
5872 1768
5873 2591
5874 1607
5875 3394
5876 1470
5877 11
5878 2419
5879 574
5880 801
5881 1551
5882 2322
5883 614
5884 3487
5885 1874
5886 2775
5887 395
5888 2837
5889 1770
5890 328
5891 487
5892 2750
5893 1893
5894 2559
5895 2771
5896 2041
5897 2413
5898 3539
5899 1649
5900 3132
5901 1523
5902 2810
5903 1250
5904 1542
5905 278
5906 2665
5907 276
5908 2218
5909 2497
5910 162
5911 3339
5912 2331
5913 1421
5914 1022
5915 2657
5916 997
5917 1258
5918 2503
5919 782
5920 2419
5921 27
5922 1851
5923 1053
5924 0
5925 1654
5926 2161
5927 798
5928 1384
5929 3327
5930 2390
5931 785
5932 2610
5933 1053
5934 408
5935 2269
5936 2258
5937 2336
5938 2505
5939 1130
5940 599
5941 1084
5942 2838
5943 2174
5944 1618
5945 2169
5946 815
5947 2956
5948 2922
5949 741
5950 1634
5951 2387
5952 3317
5953 2663
5954 2076
5955 1633
5956 72
5957 2290
5958 2678
5959 2752
5960 1026
5961 1551
5962 2300
5963 1977
5964 3345
5965 2978
5966 2983
5967 1572
5968 2450
5969 1498
5970 1906
5971 3183
5972 2518
5973 1003
5974 1301
5975 3130
5976 1456
5977 605
5978 1705
5979 2331
5980 2246
5981 3430
5982 530
5983 373
5984 2479
5985 3485
5986 2078
5987 3109
5988 2467
5989 1007
5990 1864
5991 549
5992 2841
5993 694
5994 3295
5995 562
5996 3460
5997 2382
5998 2620
5999 1333
6000 499
6001 346
6002 2684
6003 2012
6004 2669
6005 2614
6006 1063
6007 1680
6008 1211
6009 735
6010 1106
6011 255
6012 2067
6013 2574
6014 263
6015 2814
6016 3050
6017 2932
6018 849
6019 1918
6020 2236
6021 1803
6022 2203
6023 2201
6024 1074
6025 1955
6026 2784
6027 421
6028 2880
6029 335
6030 999
6031 1977
6032 111
6033 3513
6034 1734
6035 2710
6036 1106
6037 2780
6038 2652
6039 593
6040 1
6041 1814
6042 1038
6043 2599
6044 2722
6045 2816
6046 2949
6047 1348
6048 2214
6049 2144
6050 2512
6051 2035
6052 2588
6053 3333
6054 352
6055 539
6056 1644
6057 985
6058 2588
6059 2956
6060 2533
6061 2805
6062 438
6063 3511
6064 1297
6065 2400
6066 3094
6067 2537
6068 2895
6069 951
6070 980
6071 2032
6072 2707
6073 1
6074 1521
6075 3181
6076 5
6077 2735
6078 3079
6079 3106
6080 2088
6081 753
6082 637
6083 2581
6084 2570
6085 1978
6086 358
6087 795
6088 64
6089 2625
6090 2507
6091 2863
6092 763
6093 1029
6094 1815
6095 1490
6096 2774
6097 2907
6098 2333
6099 1758
6100 1443
6101 2184
6102 833
6103 1084
6104 2082
6105 642
6106 2828
6107 3331
6108 1596
6109 2559
6110 2629
6111 2491
6112 1067
6113 310
6114 3506
6115 1699
6116 461
6117 345
6118 1618
6119 114
6120 1476
6121 2655
6122 1607
6123 1786
6124 2286
6125 2238
6126 2580
6127 703
6128 2322
6129 1691
6130 1353
6131 1207
6132 1655
6133 1190
6134 2656
6135 748
6136 3190
6137 935
6138 1072
6139 16
6140 1297
6141 796
6142 1075
6143 487
6144 622
6145 1275
6146 1159
6147 586
6148 97
6149 1242
6150 2092
6151 462
6152 1855
6153 942
6154 299
6155 2987
6156 3118
6157 3164
6158 2261
6159 1536
6160 3560
6161 100
6162 67
6163 3472
6164 499
6165 2603
6166 1489
6167 1538
6168 3287
6169 2557
6170 1609
6171 3020
6172 3294
6173 868
6174 1474
6175 2603
6176 1419
6177 666
6178 3494
6179 1459
6180 1601
6181 1545
6182 2809
6183 1600
6184 53
6185 230
6186 2033
6187 363
6188 1844
6189 1219
6190 1702
6191 2932
6192 2201
6193 3003
6194 327
6195 181
6196 1826
6197 1268
6198 2668
6199 159
6200 2221
6201 2735
6202 695
6203 2059
6204 3002
6205 1569
6206 188
6207 156
6208 1335
6209 2952
6210 1168
6211 1040
6212 3440
6213 1083
6214 2541
6215 661
6216 1436
6217 1999
6218 2488
6219 2057
6220 3106
6221 1172
6222 313
6223 1630
6224 1869
6225 1123
6226 1903
6227 1890
6228 74
6229 3292
6230 2112
6231 2974
6232 2622
6233 839
6234 1723
6235 1540
6236 1421
6237 2707
6238 1562
6239 254
6240 972
6241 523
6242 1677
6243 1264
6244 531
6245 2267
6246 2718
6247 3326
6248 2016
6249 586
6250 2149
6251 945
6252 3422
6253 152
6254 2769
6255 2926
6256 2588
6257 2473
6258 543
6259 1697
6260 2608
6261 1226
6262 2640
6263 2997
6264 52
6265 845
6266 229
6267 2663
6268 1823
6269 1019
6270 1794
6271 1424
6272 2091
6273 2421
6274 1117
6275 1979
6276 2852
6277 211
6278 1658
6279 3296
6280 3085
6281 151
6282 1143
6283 3092
6284 2183
6285 923
6286 3064
6287 2143
6288 2460
6289 1002
6290 3424
6291 545
6292 3516
6293 3293
6294 1987
6295 14
6296 934
6297 1637
6298 2473
6299 483
6300 1556
6301 1413
6302 17
6303 3472
6304 1085
6305 2931
6306 1105
6307 494
6308 2898
6309 2676
6310 1346
6311 2230
6312 3410
6313 245
6314 2128
6315 2924
6316 1732
6317 1787
6318 830
6319 2331
6320 3513
6321 456
6322 1901
6323 2841
6324 1177
6325 2823
6326 2590
6327 2183
6328 3022
6329 1985
6330 3172
6331 3158
6332 889
6333 2473
6334 1924
6335 646
6336 84
6337 1361
6338 1613
6339 1828
6340 412
6341 2634
6342 960
6343 2025
6344 2779
6345 3473
6346 2915
6347 3176
6348 2425
6349 1725
6350 320
6351 1427
6352 875
6353 308
6354 1883
6355 2181
6356 868
6357 417
6358 643
6359 377
6360 3358
6361 451
6362 2778
6363 2189
6364 1698
6365 1404
6366 2982
6367 2754
6368 1660
6369 1584
6370 472
6371 974
6372 551
6373 1706
6374 2154
6375 1766
6376 1160
6377 234
6378 1841
6379 756
6380 525
6381 3316
6382 3509
6383 1881
6384 3302
6385 2011
6386 1056
6387 794
6388 2696
6389 2229
6390 104
6391 2278
6392 564
6393 1810
6394 1177
6395 1753
6396 1704
6397 279
6398 1292
6399 1147
6400 463
6401 524
6402 1030
6403 960
6404 2928
6405 2369
6406 1907
6407 1904
6408 2290
6409 952
6410 1657
6411 1720
6412 25
6413 2371
6414 2468
6415 1675
6416 1904
6417 2015
6418 2958
6419 153
6420 1945
6421 2650
6422 2840
6423 2850
6424 1328
6425 2977
6426 1418
6427 411
6428 2232
6429 2611
6430 185
6431 1374
6432 2151
6433 1313
6434 3493
6435 214
6436 2129
6437 843
6438 1921
6439 2452
6440 665
6441 2233
6442 292
6443 765
6444 1410
6445 558
6446 2522
6447 53
6448 1482
6449 651
6450 257
6451 3516
6452 1946
6453 2537
6454 3262
6455 634
6456 2400
6457 85
6458 555
6459 134
6460 3386
6461 2403
6462 759
6463 2577
6464 1521
6465 1469
6466 3240
6467 1304
6468 931
6469 400
6470 3275
6471 3387
6472 2741
6473 758
6474 865
6475 24
6476 732
6477 3548
6478 2361
6479 497
6480 1464
6481 1133
6482 3028
6483 3497
6484 1305
6485 592
6486 557
6487 1524
6488 3276
6489 1681
6490 3474
6491 16
6492 923
6493 2183
6494 1433
6495 707
6496 1191
6497 3527
6498 1379
6499 2753
6500 1983
6501 2619
6502 2674
6503 3493
6504 2837
6505 465
6506 1743
6507 2138
6508 3128
6509 3164
6510 334
6511 2956
6512 237
6513 3040
6514 2962
6515 2441
6516 1134
6517 594
6518 1196
6519 1326
6520 3302
6521 3459
6522 2900
6523 1727
6524 862
6525 2593
6526 1820
6527 1307
6528 1254
6529 2014
6530 965
6531 212
6532 2446
6533 2989
6534 1284
6535 1250
6536 2279
6537 1384
6538 2535
6539 256
6540 383
6541 2746
6542 811
6543 1953
6544 1905
6545 2992
6546 249
6547 10
6548 1053
6549 1345
6550 1115
6551 3511
6552 216
6553 1944
6554 171
6555 87
6556 1407
6557 338
6558 1872
6559 1892
6560 664
6561 1867
6562 963
6563 618
6564 2176
6565 3162
6566 459
6567 2178
6568 239
6569 1390
6570 1015
6571 2366
6572 437
6573 1552
6574 1414
6575 3519
6576 1627
6577 371
6578 3070
6579 2938
6580 194
6581 407
6582 612
6583 67
6584 2143
6585 594
6586 468
6587 2765
6588 3059
6589 1485
6590 1797
6591 1713
6592 2465
6593 291
6594 1596
6595 1065
6596 431
6597 1816
6598 1232
6599 3126
6600 625
6601 76
6602 787
6603 1535
6604 982
6605 2950
6606 626
6607 985
6608 1581
6609 1429
6610 1304
6611 1958
6612 240
6613 2733
6614 2619
6615 242
6616 40
6617 148
6618 1469
6619 2452
6620 3117
6621 235
6622 2202
6623 521
6624 1468
6625 2264
6626 3522
6627 3267
6628 2663
6629 646
6630 1448
6631 2748
6632 2687
6633 336
6634 1738
6635 2329
6636 3081
6637 3516
6638 443
6639 1688
6640 2339
6641 2083
6642 6
6643 2973
6644 2258
6645 437
6646 1649
6647 2519
6648 2375
6649 3009
6650 1706
6651 553
6652 2412
6653 1835
6654 1105
6655 90
6656 727
6657 1956
6658 281
6659 3084
6660 1000
6661 2547
6662 1025
6663 1918
6664 3444
6665 3225
6666 2066
6667 3542
6668 122
6669 1775
6670 215
6671 1579
6672 380
6673 3126
6674 1672
6675 899
6676 582
6677 1705
6678 1052
6679 2665
6680 3023
6681 1083
6682 1298
6683 679
6684 948
6685 3187
6686 2163
6687 2874
6688 764
6689 1496
6690 2195
6691 959
6692 2828
6693 2070
6694 675
6695 255
6696 1731
6697 2872
6698 1626
6699 1840
6700 436
6701 1252
6702 731
6703 735
6704 1970
6705 3404
6706 1762
6707 2204
6708 595
6709 1579
6710 2189
6711 2589
6712 2022
6713 380
6714 1815
6715 2993
6716 1229
6717 1473
6718 3291
6719 2002
6720 2879
6721 2447
6722 756
6723 1605
6724 2916
6725 1365
6726 3163
6727 2616
6728 762
6729 319
6730 3525
6731 3094
6732 3457
6733 831
6734 3292
6735 2639
6736 1317
6737 2745
6738 3019
6739 75
6740 2014
6741 2985
6742 1924
6743 2160
6744 3220
6745 1843
6746 555
6747 3179
6748 580
6749 304
6750 2392
6751 1632
6752 1083
6753 2201
6754 2429
6755 2567
6756 2775
6757 3183
6758 2066
6759 2178
6760 1061
6761 825
6762 957
6763 2297
6764 417
6765 2702
6766 1318
6767 2009
6768 202
6769 583
6770 485
6771 1616
6772 2832
6773 2712
6774 1354
6775 3244
6776 1118
6777 532
6778 2822
6779 2930
6780 676
6781 596
6782 547
6783 478
6784 2619
6785 3034
6786 155
6787 1075
6788 3160
6789 430
6790 3363
6791 3120
6792 2435
6793 1366
6794 2647
6795 399
6796 187
6797 871
6798 636
6799 955
6800 1134
6801 1698
6802 299
6803 1752
6804 2871
6805 1411
6806 363
6807 1383
6808 1877
6809 1272
6810 2455
6811 1943
6812 1640
6813 2107
6814 2124
6815 2751
6816 3212
6817 3268
6818 1592
6819 1457
6820 551
6821 3367
6822 605
6823 3119
6824 2611
6825 1189
6826 336
6827 724
6828 3019
6829 3220
6830 3141
6831 2143
6832 2627
6833 32
6834 3135
6835 3234
6836 1309
6837 2397
6838 3086
6839 359
6840 715
6841 2534
6842 1485
6843 3081
6844 1200
6845 32
6846 2475
6847 596
6848 1384
6849 700
6850 2218
6851 983
6852 1208
6853 0
6854 1405
6855 1181
6856 2729
6857 258
6858 1531
6859 2905
6860 183
6861 3512
6862 502
6863 3135
6864 1472
6865 260
6866 2201
6867 1898
6868 91
6869 181
6870 2682
6871 2619
6872 3126
6873 297
6874 2779
6875 1380
6876 3062
6877 3433
6878 733
6879 3070
6880 3311
6881 931
6882 3228
6883 763
6884 3440
6885 194
6886 3405
6887 3040
6888 70
6889 2554
6890 3232
6891 3084
6892 3319
6893 882
6894 2881
6895 1391
6896 90
6897 1670
6898 2488
6899 1445
6900 129
6901 131
6902 1805
6903 2627
6904 2027
6905 1190
6906 1856
6907 2094
6908 3231
6909 2548
6910 1150
6911 3300
6912 1258
6913 994
6914 394
6915 2220
6916 1352
6917 2923
6918 2996
6919 2668
6920 709
6921 3213
6922 123
6923 967
6924 2472
6925 139
6926 2377
6927 1891
6928 1816
6929 2418
6930 1839
6931 3208
6932 873
6933 234
6934 3303
6935 2651
6936 966
6937 294
6938 1895
6939 135
6940 1558
6941 370
6942 2739
6943 1400
6944 37
6945 978
6946 1160
6947 1631
6948 2836
6949 110
6950 217
6951 930
6952 667
6953 2229
6954 447
6955 2389
6956 2421
6957 1541
6958 2970
6959 2306
6960 2851
6961 511
6962 196
6963 2282
6964 211
6965 2419
6966 2033
6967 196
6968 1759
6969 2302
6970 3463
6971 2547
6972 433
6973 934
6974 1804
6975 3347
6976 3183
6977 1191
6978 2592
6979 831
6980 2061
6981 1038
6982 2902
6983 2295
6984 2589
6985 419
6986 2811
6987 1041
6988 2050
6989 1864
6990 1755
6991 3158
6992 1214
6993 2865
6994 2426
6995 574
6996 593
6997 1400
6998 120
6999 2024
7000 1817
7001 2775
7002 1813
7003 2879
7004 1913
7005 2271
7006 59
7007 2775
7008 1112
7009 2197
7010 191
7011 1728
7012 516
7013 1548
7014 3155
7015 2373
7016 988
7017 439
7018 2883
7019 3199
7020 529
7021 978
7022 2760
7023 2661
7024 1512
7025 2331
7026 290
7027 954
7028 1576
7029 1605
7030 1508
7031 540
7032 2394
7033 2922
7034 1424
7035 1339
7036 2975
7037 220
7038 1334
7039 3392
7040 1483
7041 2222
7042 1810
7043 3556
7044 810
7045 3174
7046 606
