4608 5
1556 24
4093 9
3744 5
3879 5
4292 9
4016 3
4904 13
4932 15
4636 1
2834 35
559 10
4963 15
3922 5
3463 13
1023 3
1832 32
1306 13
4111 15
853 8
5092 4
4719 13
3767 5
1094 5
4434 16
4522 29
2448 19
3760 16
1288 8
4723 13
3900 24
4676 2
4590 27
4607 9
4652 7
4235 5
4721 16
2196 16
4589 32
1478 12
4338 3
4019 16
5018 2
2390 25
4262 8
411 16
4130 16
3673 8
4754 4
4345 19
2086 27
3480 24
1966 8
4706 29
3868 15
4698 3
3578 17
4665 16
1800 16
4657 8
4532 18
4507 13
3765 15
3811 18
3819 8
4889 13
4094 34
4613 9
4455 9
2267 24
4441 15
3240 16
1662 14
1796 16
4642 12
4825 9
484 8
1236 7
2802 24
3763 2
3797 15
1436 16
4622 15
4136 15
3739 14
1959 35
3320 14
4303 18
3621 16
436 18
2131 19
447 14
3207 25
1416 8
4802 19
557 16
4293 8
625 34
3851 14
4594 24
2191 27
4602 16
4540 6
4318 28
4447 27
4451 29
2296 31
4822 24
3951 34
207 24
3919 29
651 8
2115 35
4973 14
2312 8
4807 29
4863 4
4910 13
3932 8
4075 28
3611 16
1776 13
1374 14
3854 10
4527 12
4233 19
4341 13
4107 11
4424 3
1019 9
4186 13
1569 8
3406 8
4365 16
3937 13
4820 16
4994 15
3736 3
4702 12
4242 13
3026 31
3642 13
2170 8
1337 24
3028 15
4924 13
2514 17
2062 8
2016 19
4283 15
274 16
3973 6
3116 15
4313 19
3266 7
1674 18
4380 31
2520 10
4871 18
4452 9
4374 30
4050 12
2991 27
834 31
1631 7
3672 13
1978 31
3527 16
4453 29
907 27
4609 13
5066 3
3416 8
2759 13
4804 27
4872 19
1121 35
4627 14
429 24
3 3
4819 10
3691 4
2979 9
3756 13
2876 9
4362 18
1097 8
2412 35
4556 29
4268 9
4653 15
4355 18
4281 15
4777 13
3895 16
4197 5
5084 32
2984 17
2645 13
3637 13
5096 8
3783 15
3239 8
2225 8
4500 16
4370 18
3596 8
2701 6
3762 19
3553 8
3792 13
2212 13
2939 29
4442 16
4014 13
1495 8
4905 13
4990 8
3902 16
1816 7
4218 31
3249 10
4185 2
3084 5
2773 8
2868 3
393 8
1539 3
1286 24
2056 7
4972 13
762 8
2427 13
974 7
4223 3
3800 13
1983 24
5033 15
4469 32
2261 8
4437 19
1364 14
4843 4
3586 15
4138 15
3108 16
4126 13
2950 15
4696 13
1292 22
4771 9
2613 16
4163 32
3507 17
3220 27
4914 13
4700 3
3988 3
4612 13
4575 15
4582 3
3107 16
1668 8
3892 9
4096 13
4885 13
3344 16
3314 5
4797 15
4939 26
4361 34
1970 17
4853 10
3724 9
4477 31
4562 15
4704 16
2605 9
725 5
3991 28
5089 13
2929 9
1695 18
4150 18
4467 7
1018 31
110 17
4322 3
3478 22
3790 3
2883 5
830 4
3930 17
5102 16
664 16
3016 29
4660 16
3786 16
4555 5
2829 27
5053 16
4947 19
3784 8
5049 6
3997 13
1391 9
2707 27
4826 34
3682 18
1931 9
376 24
1790 9
4810 16
1873 3
1063 30
4559 24
4066 9
3971 31
3684 1
4052 16
4550 32
1562 16
4273 28
4624 19
4468 3
3985 4
3590 19
4244 9
3860 13
4867 24
3934 9
4925 10
123 16
3567 5
3867 9
4861 4
4775 16
4249 5
4296 9
4085 9
3366 4
2586 24
2969 17
3993 6
1541 8
2171 8
1510 32
1813 18
4236 9
4681 5
4800 5
3591 13
213 27
3633 16
4324 15
28 22
4879 15
4524 16
4221 1
1034 8
4711 7
4803 13
4978 9
352 25
2159 12
4685 24
3620 13
4535 14
4294 5
511 4
95 4
926 24
4529 13
1346 19
4037 15
704 7
759 9
2476 22
3698 35
3861 19
4955 14
2559 7
3865 15
257 7
4086 16
1565 25
3689 9
4473 17
4169 15
3976 9
3151 17
2547 16
4079 13
2867 5
1924 4
3182 3
4808 16
4617 15
4390 3
467 15
4106 3
3830 15
29 12
4013 1
2262 3
4768 34
522 27
4662 16
4691 24
3859 7
4722 16
5076 9
3773 3
1861 15
5058 7
2030 16
1101 2
3915 9
2007 19
4010 29
3536 9
4175 35
4017 10
3752 35
3908 5
4030 16
1684 8
4109 31
1984 5
3609 8
4044 9
4877 25
3950 15
3544 3
5038 32
3665 9
4162 15
1791 16
4114 9
3907 32
4805 9
4121 27
3905 15
4565 5
745 22
4547 13
4936 31
4480 24
4265 8
3598 18
4024 15
5093 32
4110 19
4776 22
4001 24
5048 16
3643 25
566 16
1144 8
3568 14
1967 25
4131 18
4393 22
4298 13
2323 19
3580 19
4061 2
4824 8
4029 7
4377 8
3474 4
4124 13
4661 18
4757 15
2117 27
39 9
4506 32
5074 13
2384 9
1335 7
3681 8
3388 13
4703 14
3312 15
2363 12
3254 9
4987 13
4418 16
3631 1
98 28
4697 15
4483 17
4258 1
3180 9
2629 24
3101 27
3520 7
184 14
2975 14
3872 9
3898 13
1166 24
4423 32
2745 9
2738 16
4431 24
619 13
3805 9
4937 18
4 3551
8 193
9 123
12 1706
13 2549
14 2661
15 2415
18 4134
19 2375
21 4049
22 1056
24 2880
34 3544
36 3287
37 360
38 1402
40 2990
41 574
42 1654
44 1015
45 3729
46 4588
47 262
51 3858
63 3042
64 4273
67 4222
68 1146
71 3821
73 4611
83 1011
87 850
90 1583
91 2121
100 3968
102 2618
103 1826
104 1800
105 2058
107 4058
114 4542
118 2986
121 1513
124 3624
126 444
127 4003
129 2794
135 3061
136 3803
137 1671
138 1644
141 125
145 3453
146 5107
149 1346
151 803
153 3891
154 736
158 3795
159 4705
161 1144
164 1803
167 4460
168 4239
170 2939
171 1130
172 1258
174 2317
178 3854
180 847
182 2183
185 85
188 2761
195 2449
201 2084
206 664
219 543
221 1135
225 3214
226 4396
230 3137
231 2014
232 4970
234 1070
241 1132
242 3774
249 1285
252 1329
253 1799
254 1059
259 415
265 2556
268 4139
270 2664
271 1188
276 2712
278 559
285 4433
286 2571
287 4276
291 2094
292 3739
294 1460
295 72
298 3718
299 441
302 3018
304 2759
308 4964
309 4172
310 725
311 4794
312 4974
316 2192
318 3614
320 2448
329 4585
331 4297
333 1357
340 2153
341 4428
342 2672
345 3586
346 3945
347 4960
351 4702
355 2031
356 4765
361 2069
363 3988
364 4347
367 957
368 4755
369 1038
370 4966
371 2800
373 322
374 3108
375 2755
377 4405
378 4300
379 4508
380 3791
382 233
383 687
384 1733
386 4571
389 4686
390 338
391 3358
392 2479
394 3171
395 4275
399 4853
400 3016
403 4297
404 4296
405 4959
414 1299
417 2213
419 300
420 3869
422 2359
423 1593
424 1225
426 288
430 4609
432 3145
433 607
438 4524
440 467
442 4138
450 1254
451 2322
454 2131
460 3957
461 1374
464 3758
472 4192
473 867
474 2024
478 4463
480 3432
481 1792
482 4775
483 4032
485 3933
486 319
489 817
491 597
492 2995
494 3526
495 4288
498 1308
499 2721
502 3868
503 3742
507 4770
509 3799
512 4560
514 3010
515 3614
516 3365
517 4193
518 4977
519 2272
526 4831
529 3513
533 2258
534 2407
535 132
536 745
537 1491
538 4349
544 4849
545 3458
546 4902
551 1683
553 204
555 1776
561 521
562 4950
565 1206
567 2535
571 670
577 222
578 2792
579 2415
581 4791
582 1006
587 4035
590 2692
592 934
594 4305
595 2672
602 228
603 757
604 332
605 2054
608 3724
610 1286
612 4924
613 1074
614 3131
616 4588
617 5083
618 4666
623 4229
627 4887
628 4459
632 1792
633 5016
637 1951
640 3131
641 3292
642 3751
643 4784
646 1028
652 1095
653 2967
654 4415
661 4208
662 4522
665 3642
666 4352
667 2707
669 2433
674 1437
676 3955
678 2358
682 4910
685 4776
690 2282
691 2826
692 1102
694 1520
699 4799
700 4403
702 49
703 3907
707 2234
708 3580
709 4633
713 4766
717 1036
719 5014
720 2692
721 3355
723 1206
728 92
729 2051
733 927
734 84
737 193
738 1668
739 1959
746 3934
749 3727
752 4187
753 3855
758 663
760 3831
763 2840
764 199
770 942
776 4539
777 4016
778 1285
781 3373
783 3574
788 4587
789 3842
790 3042
793 1856
802 2706
812 1915
813 3707
816 3069
820 3838
821 956
822 2040
823 2355
827 2796
829 4300
831 4593
839 1787
846 4651
848 3584
855 2192
856 1016
857 4304
858 4793
859 4139
860 1576
862 2934
865 4986
869 2826
873 2921
875 3249
876 1654
880 1690
882 4956
883 716
886 5023
887 1490
892 4134
893 4501
894 742
895 439
896 3432
897 3416
901 4038
902 3877
903 3591
905 3772
909 3595
912 339
914 3708
919 522
923 3592
925 664
928 4432
933 2682
935 2128
938 1146
939 2763
940 3358
941 4091
943 4940
944 2001
946 4394
949 2851
954 3400
955 706
959 2755
960 624
961 1436
962 1257
963 1712
968 4890
973 2894
977 1803
978 4530
980 2567
981 1790
982 2850
986 2609
987 1207
988 3994
989 4776
991 3486
995 2635
1000 542
1007 4110
1008 1207
1010 3550
1014 3960
1025 2459
1030 4421
1032 439
1039 4007
1043 3632
1044 4848
1046 1809
1054 4162
1055 3795
1061 3703
1066 1295
1069 3600
1071 3203
1073 2166
1080 3584
1081 2118
1084 4132
1088 1320
1089 3679
1093 2005
1100 4766
1105 412
1106 951
1108 281
1111 2504
1112 4988
1113 4050
1116 4115
1120 2032
1122 4228
1123 4716
1124 3682
1125 4007
1126 2618
1129 4708
1136 4039
1137 4639
1138 49
1139 1343
1140 4069
1149 2886
1155 3267
1156 4705
1158 3486
1161 243
1162 3853
1165 3767
1167 4887
1168 3734
1169 3186
1173 4003
1178 2861
1180 93
1182 2427
1185 4096
1186 4145
1189 3644
1191 4246
1193 1041
1195 3051
1196 5024
1200 3523
1204 3104
1205 1577
1208 2265
1210 1487
1212 3782
1216 2491
1218 4582
1221 1725
1222 3400
1223 4598
1224 3745
1232 3695
1234 3258
1235 3487
1237 3447
1240 3773
1241 4064
1243 173
1244 3655
1247 2108
1250 3034
1252 705
1253 4306
1256 2159
1259 4990
1260 609
1262 4863
1265 2700
1269 2350
1270 4061
1272 510
1274 4150
1277 4712
1278 2961
1279 3249
1280 2663
1289 501
1293 5112
1296 2618
1303 4455
1310 1097
1313 2268
1319 4983
1322 3665
1326 1787
1330 4364
1331 493
1332 1082
1333 4753
1338 3314
1340 1329
1341 3827
1344 2649
1345 321
1347 2659
1348 3255
1350 4105
1353 3550
1354 3734
1355 2846
1360 2856
1362 4131
1367 4526
1368 1835
1369 2088
1371 4013
1372 3676
1375 4373
1376 4843
1377 365
1381 2754
1382 1245
1384 3911
1386 3462
1389 3430
1390 4368
1393 243
1394 1016
1395 257
1398 4616
1399 4042
1401 1285
1404 348
1408 240
1409 4050
1410 5023
1414 3249
1418 1787
1423 4247
1426 3521
1428 3031
1429 4422
1430 4664
1431 4981
1432 4491
1433 3145
1434 5010
1435 530
1438 4894
1440 4365
1441 3956
1442 4854
1443 4196
1447 4201
1449 1832
1450 4557
1452 2500
1456 4654
1459 4219
1461 2939
1462 1993
1465 2378
1469 888
1470 4632
1472 4018
1476 3700
1480 1631
1482 522
1484 2420
1488 4750
1492 2894
1496 4733
1497 2960
1500 1415
1503 3920
1504 1848
1512 1890
1514 3452
1516 4697
1522 218
1524 849
1525 3287
1526 55
1527 4561
1528 1871
1529 1171
1531 3996
1532 1228
1533 1595
1534 1290
1537 497
1538 1184
1542 3690
1545 3397
1546 2653
1547 1468
1560 5084
1561 1622
1563 1334
1564 5105
1567 3193
1570 4753
1571 3553
1575 1767
1579 4676
1580 4064
1581 4627
1584 1471
1585 4431
1587 4601
1590 4912
1591 3712
1592 2553
1594 157
1598 2307
1599 3221
1600 4638
1601 4453
1602 5014
1603 877
1604 993
1605 1502
1609 3653
1611 890
1613 1709
1615 1192
1618 1317
1626 4273
1627 3538
1629 3238
1633 4634
1634 634
1636 3552
1639 3119
1641 3404
1642 1392
1643 4741
1649 5016
1650 958
1651 3877
1652 5038
1659 3742
1660 864
1661 1078
1663 3682
1664 1536
1665 4651
1666 4367
1667 2364
1669 4656
1672 123
1673 3804
1675 3756
1676 4413
1678 4909
1679 4813
1680 4607
1681 727
1687 677
1688 1505
1689 3195
1692 4976
1694 1281
1696 1715
1697 1005
1700 3667
1701 1900
1704 2689
1705 2808
1707 5084
1708 2593
1710 4094
1711 85
1713 280
1714 4607
1718 4173
1720 1343
1724 5045
1726 96
1729 657
1731 3261
1736 2236
1739 2412
1740 3701
1742 3016
1744 3522
1745 4051
1748 1019
1749 4254
1752 4331
1753 2783
1755 3682
1759 4191
1764 972
1766 5013
1768 2313
1771 3358
1773 250
1778 4494
1779 4085
1786 4816
1788 5129
1793 282
1794 2537
1795 1568
1797 61
1798 979
1801 387
1804 4299
1805 965
1808 1387
1810 4123
1811 755
1812 184
1814 3982
1815 4896
1817 2043
1818 550
1819 5118
1820 1565
1821 1275
1823 826
1824 2488
1825 2182
1828 4440
1830 1077
1833 2400
1834 1997
1837 3718
1839 2656
1841 3638
1842 469
1845 4410
1847 1018
1850 951
1851 4298
1854 4608
1855 3886
1857 4619
1858 3758
1859 3679
1860 3644
1862 3214
1863 3485
1865 4695
1866 4119
1868 2420
1872 4256
1874 2103
1875 4537
1876 3254
1879 3782
1881 1760
1884 1141
1886 3221
1891 4359
1893 523
1894 648
1896 4205
1897 2253
1899 200
1902 4629
1903 323
1906 4810
1907 2987
1909 5041
1910 1294
1916 4102
1918 838
1919 844
1921 3674
1922 1758
1923 1770
1926 4818
1928 25
1929 3365
1930 2302
1933 2148
1934 4581
1935 110
1936 4891
1939 3717
1942 2542
1943 2863
1944 1170
1946 647
1949 4280
1952 1060
1953 3814
1957 1888
1960 4341
1964 5069
1965 2302
1969 3759
1972 3306
1973 528
1975 4897
1977 1924
1980 3137
1981 5116
1982 3808
1985 1582
1986 2375
1988 1958
1991 1802
1995 3694
1996 132
1998 3979
1999 4630
2000 2375
2002 2659
2003 1314
2004 3813
2006 1018
2009 1358
2012 2551
2013 2081
2017 3914
2018 1721
2020 3869
2022 1796
2023 1574
2025 2670
2026 3773
2027 184
2028 3484
2034 5126
2035 4478
2036 2191
2039 2608
2042 3790
2044 3231
2045 1864
2049 1099
2052 2490
2055 4863
2057 3056
2059 4214
2063 4414
2064 4792
2067 334
2068 808
2070 4026
2071 4649
2072 2247
2073 532
2074 3185
2075 2865
2077 4355
2080 3945
2082 4972
2083 1292
2085 550
2089 3605
2090 1323
2091 520
2092 3984
2095 4955
2097 96
2098 3270
2105 4933
2106 1983
2110 4580
2113 2983
2114 1019
2116 2216
2120 2459
2123 1320
2125 2096
2126 3634
2129 4400
2134 4373
2135 3609
2138 926
2141 2258
2142 3564
2143 3140
2144 1885
2145 3149
2149 2741
2150 3635
2152 1486
2157 3866
2162 5076
2163 2122
2172 2108
2181 4340
2184 4218
2186 2173
2189 3674
2193 911
2195 3857
2197 3995
2198 86
2200 4494
2201 1937
2202 2701
2203 548
2204 3895
2206 4130
2218 4196
2219 3881
2220 2587
2221 1869
2226 4134
2227 4118
2228 4964
2230 3624
2232 2959
2237 5009
2238 1477
2242 1312
2244 527
2250 3225
2252 4075
2254 5123
2255 2127
2259 644
2264 3349
2266 3058
2269 3356
2270 4821
2271 5124
2273 1048
2276 568
2280 4884
2281 696
2283 523
2284 1656
2286 3310
2287 3536
2288 3920
2289 5055
2290 1662
2291 281
2293 5001
2295 2548
2299 3621
2301 4060
2304 4434
2305 3591
2308 1175
2309 1873
2310 4362
2311 531
2316 2805
2318 956
2320 4115
2321 339
2326 1036
2327 629
2328 1453
2330 4792
2332 110
2333 3426
2336 907
2337 4227
2339 3516
2342 2876
2344 5121
2347 5076
2349 5015
2351 4379
2352 4275
2356 303
2360 782
2361 4297
2366 3356
2368 910
2369 908
2371 3876
2372 4237
2374 429
2379 4194
2380 3195
2381 950
2386 872
2388 4352
2392 4205
2393 3707
2397 2877
2398 4155
2402 3995
2405 4926
2406 125
2408 255
2410 3239
2411 2711
2413 1268
2417 3610
2418 4258
2419 4935
2421 3868
2423 4568
2424 5006
2425 4850
2428 3249
2429 4414
2430 2420
2432 3863
2435 931
2436 2623
2438 2261
2439 3011
2441 3888
2442 2840
2443 2857
2444 1358
2445 3616
2446 3770
2447 3664
2450 2302
2451 2382
2452 1767
2453 4942
2454 2895
2455 2724
2456 1451
2457 4367
2458 2246
2460 4868
2462 4802
2463 2058
2464 1144
2466 548
2467 4899
2468 4254
2469 2306
2470 1118
2474 3680
2475 1716
2477 4598
2480 10
2483 5013
2484 93
2485 3442
2494 4909
2496 948
2499 3994
2501 4067
2503 4340
2505 4562
2506 1540
2508 4100
2509 3680
2512 621
2513 504
2515 4588
2517 2498
2519 111
2523 132
2524 4832
2525 4296
2526 4813
2527 4673
2528 501
2530 3484
2534 4647
2536 4648
2540 1809
2541 3813
2544 1683
2545 2359
2554 1021
2560 4992
2561 2947
2569 5071
2570 4266
2572 2943
2576 2755
2577 216
2578 3420
2580 4357
2582 1070
2583 4703
2585 4766
2590 3887
2592 2631
2595 4792
2598 120
2600 4217
2604 4390
2606 2093
2607 630
2611 1730
2615 1380
2616 824
2619 4019
2621 2076
2625 1495
2626 2209
2628 4112
2639 3252
2640 4339
2641 4326
2642 1405
2643 4166
2644 1892
2646 5087
2650 638
2652 775
2654 2755
2655 3880
2658 4069
2660 3195
2662 4805
2665 3865
2669 745
2673 4749
2674 3725
2677 4552
2678 1648
2680 1436
2683 240
2684 5026
2690 3708
2694 1184
2697 5061
2702 4074
2704 3828
2705 3747
2708 2340
2709 3827
2710 2217
2713 95
2714 4116
2716 619
2718 2897
2719 2575
2720 2863
2726 4776
2731 4781
2732 1288
2733 1187
2734 4429
2737 4812
2739 2054
2742 4008
2743 3561
2748 2571
2750 4887
2752 4310
2753 3367
2756 3185
2757 4650
2758 1490
2760 3629
2764 4763
2765 3325
2766 3643
2768 52
2769 3149
2774 1671
2776 4431
2778 2118
2779 4301
2782 4189
2784 747
2786 4891
2789 4655
2793 4484
2795 203
2797 807
2798 5046
2801 348
2804 2029
2806 2648
2809 1199
2811 4864
2816 2783
2821 3190
2823 3266
2828 2229
2832 74
2833 3303
2835 4882
2836 3981
2838 4826
2842 1578
2843 4803
2844 5029
2845 4147
2847 4021
2848 952
2849 3886
2866 3960
2869 2932
2872 3753
2873 4836
2875 3841
2878 4376
2887 366
2892 851
2893 3440
2896 4284
2898 3835
2899 4343
2901 1248
2904 4559
2905 1489
2912 1402
2913 1187
2918 1481
2919 4045
2920 2686
2924 3523
2925 1735
2927 315
2930 2322
2933 689
2937 1684
2940 3871
2941 4396
2942 156
2944 3643
2945 2015
2946 3144
2949 1569
2952 948
2953 3797
2956 1586
2957 4973
2963 3402
2964 4161
2965 4626
2966 4888
2970 3589
2971 1619
2972 4925
2974 5
2976 1487
2977 4199
2978 3312
2981 5084
2982 256
2988 3634
2992 218
3001 755
3003 3713
3005 2975
3006 1822
3007 2689
3008 1607
3014 4023
3017 2377
3019 1848
3020 4176
3022 1144
3023 4859
3025 4259
3029 1757
3032 4341
3035 1357
3037 3368
3038 2364
3040 4620
3045 4241
3046 4725
3047 3736
3048 4225
3049 1898
3050 283
3053 1012
3054 5119
3055 1209
3057 4164
3060 1075
3064 4237
3067 2522
3068 2355
3073 130
3074 2762
3075 4025
3076 2863
3078 3090
3079 679
3083 2691
3087 1164
3091 2829
3093 162
3095 4963
3096 4009
3097 2938
3098 4614
3102 4180
3103 2148
3105 1932
3110 3790
3111 4350
3117 1671
3118 2617
3121 4057
3122 2613
3125 447
3128 4881
3130 4952
3134 2597
3135 4407
3138 349
3142 3714
3147 3277
3148 1677
3150 4944
3152 1209
3153 853
3154 4324
3155 4966
3156 3221
3159 3692
3160 4939
3161 247
3164 4487
3165 1023
3166 1610
3167 2300
3169 1184
3173 3146
3175 1421
3176 1565
3179 843
3181 3044
3189 441
3191 4777
3192 4795
3196 2174
3197 2030
3199 3768
3201 2136
3202 3326
3205 1068
3206 1197
3208 1363
3210 775
3212 884
3213 3912
3222 4701
3223 2378
3226 3957
3228 732
3233 4769
3235 4740
3237 908
3241 2910
3242 910
3245 3668
3246 501
3248 1317
3250 1867
3251 20
3256 3319
3262 3803
3264 3999
3265 2437
3268 3486
3269 4971
3274 3830
3275 4217
3276 1478
3278 2741
3281 4975
3283 3563
3284 3647
3286 55
3288 3739
3290 4058
3293 3947
3294 4289
3295 3291
3296 4618
3297 3581
3299 4895
3300 4987
3302 319
3305 3536
3309 4167
3313 3977
3317 4796
3324 4312
3328 3781
3329 3002
3332 1513
3334 4303
3336 2216
3338 3611
3339 645
3340 4825
3342 1968
3343 1695
3345 2239
3348 2858
3350 4331
3353 3370
3360 3694
3361 4789
3362 2839
3363 3478
3364 1617
3369 2688
3372 1645
3376 112
3378 2240
3379 974
3382 2587
3384 2653
3385 5041
3386 2529
3389 4592
3390 5066
3391 5081
3392 2791
3393 2210
3394 910
3403 344
3409 5028
3410 3508
3414 3344
3415 4247
3421 4651
3422 3532
3423 4672
3424 4932
3425 4019
3427 4268
3429 672
3431 4871
3433 110
3436 2520
3443 2005
3444 2826
3445 3786
3446 4628
3455 427
3456 2651
3457 1226
3459 2066
3464 3595
3465 4032
3470 4128
3471 2024
3473 4875
3475 4227
3476 1045
3477 301
3483 3218
3489 3686
3491 3072
3494 4071
3499 2542
3509 4062
3511 4624
3514 2261
3517 4001
3519 1494
3525 650
3528 1770
3530 3184
3531 462
3533 1737
3534 4017
3542 1110
3543 319
3546 3026
3547 4583
3549 2566
3554 1096
3556 2938
3559 2656
3587 2363
3628 4746
3785 3059
3807 4064
3825 1379
3840 4510
4097 4902
4143 3563
4165 569
4356 2895
4369 1068
4521 2050
4946 927
4993 5129
5052 1422
5062 4972
5090 3215
5109 974
5135 2614
5136 4029
5137 1904
5138 3058
5139 354
5140 3279
5141 2906
5142 2763
5143 3552
5144 4877
5145 1203
5146 885
5147 457
5148 4310
5149 30
5150 693
5151 2136
5152 983
5153 3478
5154 4228
5155 868
5156 3723
5157 564
5158 4486
5159 470
5160 2136
5161 600
5162 2613
5163 2637
5164 4487
5165 1640
5166 3857
5167 1738
5168 2688
5169 1076
5170 4333
5171 372
5172 3314
5173 1911
5174 3000
5175 1614
5176 1608
5177 5002
5178 4550
5179 1134
5180 3298
5181 3618
5182 150
5183 1146
5184 3263
5185 5020
5186 2659
5187 4623
5188 4781
5189 315
5190 3833
5191 4043
5192 3368
5193 2679
5194 4013
5195 3726
5196 836
5197 4443
5198 1656
5199 4837
5200 913
5201 2885
5202 1900
5203 3585
5204 4258
5205 4839
5206 1846
5207 1905
5208 3570
5209 4713
5210 4817
5211 1508
5212 4933
5213 1677
5214 3699
5215 2214
5216 5078
5217 583
5218 3744
5219 4151
5220 4252
5221 4202
5222 4569
5223 4951
5224 4180
5225 3280
5226 550
5227 3983
5228 4756
5229 2993
5230 2363
5231 3337
5232 4525
5233 4324
5234 2314
5235 3805
5236 4414
5237 1343
5238 459
5239 3776
5240 449
5241 2169
5242 4158
5243 2518
5244 3691
5245 3387
5246 4000
5247 4721
5248 4322
5249 4049
5250 406
5251 773
5252 3555
5253 2112
5254 3844
5255 4178
5256 1119
5257 2785
5258 4566
5259 5089
5260 5081
5261 814
5262 3810
5263 2489
5264 4747
5265 1796
5266 4679
5267 5071
5268 3599
5269 2959
5270 588
5271 3697
5272 4997
5273 3239
5274 4767
5275 4244
5276 2243
5277 2081
5278 1733
5279 4003
5280 4968
5281 4703
5282 4560
5283 4479
5284 2147
5285 2127
5286 795
5287 2574
5288 4958
5289 1114
5290 2535
5291 4633
5292 95
5293 2796
5294 204
5295 1142
5296 1045
5297 3200
5298 4788
5299 4776
5300 1187
5301 3626
5302 2687
5303 3439
5304 2178
5305 120
5306 4361
5307 427
5308 806
5309 3318
5310 2668
5311 4782
5312 626
5313 4010
5314 4000
5315 680
5316 29
5317 3746
5318 3777
5319 4175
5320 2282
5321 5119
5322 4561
5323 3398
5324 4569
5325 4680
5326 3439
5327 1954
5328 4238
5329 2936
5330 445
5331 1391
5332 1993
5333 4998
5334 228
5335 4091
5336 1836
5337 4647
5338 4040
5339 4787
5340 2400
5341 4342
5342 4360
5343 794
5344 3243
5345 1586
5346 1782
5347 3717
5348 4419
5349 2895
5350 2383
5351 2586
5352 3816
5353 4408
5354 2879
5355 2511
5356 3435
5357 4002
5358 1920
5359 4774
5360 3249
5361 5057
5362 4688
5363 452
5364 4848
5365 1658
5366 4551
5367 4142
5368 1683
5369 4135
5370 918
5371 1777
5372 5053
5373 3878
5374 4248
5375 4134
5376 4546
5377 3867
5378 2894
5379 3482
5380 3009
5381 4742
5382 193
5383 2973
5384 2689
5385 975
5386 2015
5387 3798
5388 706
5389 4903
5390 4722
5391 3373
5392 3100
5393 32
5394 3934
5395 109
5396 4122
5397 4623
5398 1094
5399 4012
5400 4637
5401 4200
5402 4473
5403 223
5404 2931
5405 4974
5406 4516
5407 3897
5408 435
5409 2612
5410 2240
5411 4430
5412 1421
5413 4579
5414 4915
5415 2645
5416 4791
5417 1984
5418 889
5419 1481
5420 872
5421 283
5422 2837
5423 2190
5424 1179
5425 2624
5426 3320
5427 5003
5428 4624
5429 2117
5430 3995
5431 3963
5432 4203
5433 5021
5434 4911
5435 4508
5436 2051
5437 2785
5438 2124
5439 2863
5440 1898
5441 2962
5442 4553
5443 2448
5444 229
5445 725
5446 950
5447 4129
5448 1445
5449 2567
5450 366
5451 3568
5452 4747
5453 3786
5454 2624
5455 5115
5456 2396
5457 4695
5458 4767
5459 4740
5460 1586
5461 3852
5462 2222
5463 4916
5464 2915
5465 573
5466 3910
5467 3221
5468 4703
5469 1732
5470 1370
5471 3545
5472 1849
5473 586
5474 5125
5475 35
5476 1670
5477 5030
5478 3071
5479 4510
5480 4440
5481 4398
5482 1738
5483 2772
5484 4808
5485 2007
5486 4427
5487 4327
5488 4313
5489 5040
5490 4035
5491 2069
5492 4280
5493 228
5494 3617
5495 524
5496 1329
5497 3442
5498 1655
5499 4390
5500 866
5501 3732
5502 3696
5503 4997
5504 2384
5505 2249
5506 5073
5507 1698
5508 4684
5509 675
5510 2384
5511 570
5512 4150
5513 1357
5514 1453
5515 4759
5516 3974
5517 4653
5518 506
5519 1508
5520 2490
5521 3814
5522 463
5523 4127
5524 2053
5525 1616
5526 3419
5527 1495
5528 3249
5529 1385
5530 2787
5531 3041
5532 4182
5533 1552
5534 2863
5535 3743
5536 2647
5537 1695
5538 1721
5539 1867
5540 907
5541 1702
5542 3689
5543 2909
5544 3758
5545 620
5546 2529
5547 192
5548 2151
5549 2596
5550 868
5551 2473
5552 4309
5553 1662
5554 3763
5555 506
5556 4283
5557 4884
5558 801
5559 4490
5560 1214
5561 1803
5562 3646
5563 4094
5564 4508
5565 267
5566 3557
5567 1083
5568 3896
5569 4076
5570 5079
5571 4555
5572 352
5573 4020
5574 465
5575 4300
5576 1475
5577 2792
5578 2840
5579 274
5580 2597
5581 4693
5582 4516
5583 4569
5584 4179
5585 965
5586 3808
5587 3224
5588 1134
5589 2722
5590 4105
5591 1453
5592 5097
5593 4656
5594 5082
5595 214
5596 3306
5597 3631
5598 3857
5599 1387
5600 162
5601 1616
5602 910
5603 2771
5604 2890
5605 3700
5606 300
5607 4379
5608 3642
5609 3689
5610 4072
5611 421
5612 4332
5613 2093
5614 3744
5615 4224
5616 1789
5617 1877
5618 4174
5619 540
5620 3018
5621 2546
5622 3958
5623 3732
5624 1315
5625 2384
5626 5078
5627 2664
5628 2566
5629 3910
5630 936
5631 3010
5632 5076
5633 4995
5634 4109
5635 4687
5636 425
5637 3649
5638 4867
5639 2208
5640 177
5641 2915
5642 4499
5643 4561
5644 4151
5645 4382
5646 2192
5647 2449
5648 65
5649 88
5650 740
5651 2011
5652 2571
5653 634
5654 4427
5655 824
5656 256
5657 1264
5658 4720
5659 3707
5660 4211
5661 4919
5662 3180
5663 2390
5664 2124
5665 3906
5666 3881
5667 2498
5668 2807
5669 2422
5670 599
5671 4865
5672 1050
5673 4148
5674 3764
5675 2495
5676 4768
5677 3327
5678 2241
5679 4749
5680 2005
5681 3903
5682 4200
5683 2653
5684 4654
5685 4700
5686 4016
5687 4851
5688 324
5689 4135
5690 5078
5691 3467
5692 2416
5693 1284
5694 2010
5695 3258
5696 4235
5697 1853
5698 1784
5699 1190
5700 4188
5701 5098
5702 2727
5703 3739
5704 4884
5705 4492
5706 4903
5707 5036
5708 2962
5709 1968
5710 1565
5711 2427
5712 1328
5713 4618
5714 1349
5715 3669
5716 3358
5717 4170
5718 2584
5719 871
5720 4822
5721 2191
5722 4048
5723 3186
5724 2656
5725 28
5726 3510
5727 1013
5728 4827
5729 3527
5730 3502
5731 3870
5732 2274
5733 4705
5734 3737
5735 1214
5736 3568
5737 4118
5738 1938
5739 408
5740 4639
5741 468
5742 3481
5743 4936
5744 606
5745 443
5746 3964
5747 4001
5748 3573
5749 803
5750 3243
5751 5004
5752 2775
5753 2247
5754 2668
5755 1219
5756 1012
5757 4032
5758 3388
5759 4351
5760 2014
5761 3190
5762 1691
5763 3579
5764 134
5765 213
5766 3368
5767 2679
5768 606
5769 5023
5770 1160
5771 2363
5772 3959
5773 4652
5774 3822
5775 1152
5776 3327
5777 922
5778 1709
5779 1301
5780 4136
5781 4653
5782 1517
5783 2603
5784 2354
5785 3387
5786 165
5787 3888
5788 2416
5789 953
5790 2216
5791 5105
5792 32
5793 4073
5794 2257
5795 1520
5796 3267
5797 530
5798 3466
5799 4827
5800 1132
5801 2664
5802 3766
5803 2081
5804 2146
5805 1150
5806 2170
5807 3890
5808 3633
5809 524
5810 3972
5811 3672
5812 3461
5813 3406
5814 4289
5815 2263
5816 4324
5817 3777
5818 4901
5819 3973
5820 4572
5821 1770
5822 636
5823 1052
5824 563
5825 710
5826 845
5827 4335
5828 765
5829 3504
5830 1463
5831 314
5832 2060
5833 4088
5834 3536
5835 4267
5836 487
5837 3862
5838 1150
5839 4204
5840 1021
5841 1789
5842 2175
5843 3759
5844 2762
5845 3272
5846 56
5847 4023
5848 531
5849 4235
5850 1553
5851 782
5852 1086
5853 3969
5854 904
5855 1596
5856 4083
5857 4723
5858 620
5859 3745
5860 4995
5861 2693
5862 3772
5863 3484
5864 3184
5865 4579
5866 3015
5867 4754
5868 891
5869 4305
5870 4366
5871 5029
5872 4668
5873 4496
5874 5027
5875 1035
5876 1871
5877 4093
5878 2711
5879 4228
5880 5017
5881 132
5882 3881
5883 445
5884 1420
5885 4001
5886 2815
5887 3141
5888 4262
5889 663
5890 3090
5891 4174
5892 3757
5893 3395
5894 5111
5895 3925
5896 3249
5897 3133
5898 4653
5899 3319
5900 0
5901 2014
5902 817
5903 3653
5904 4491
5905 2703
5906 3598
5907 969
5908 3539
5909 4736
5910 572
5911 3442
5912 4627
5913 2781
5914 3870
5915 3756
5916 1166
5917 4592
5918 1226
5919 4990
5920 4045
5921 2348
5922 3448
5923 2648
5924 4806
5925 3380
5926 443
5927 2177
5928 3211
5929 5083
5930 3796
5931 4780
5932 2112
5933 601
5934 2980
5935 4765
5936 3447
5937 3608
5938 4622
5939 4774
5940 4021
5941 1624
5942 4298
5943 576
5944 1203
5945 4459
5946 4773
5947 570
5948 95
5949 3550
5950 1311
5951 794
5952 2155
5953 4594
5954 2991
5955 4936
5956 932
5957 573
5958 4081
5959 1359
5960 1519
5961 3940
5962 3888
5963 4905
5964 79
5965 929
5966 1329
5967 4230
5968 3792
5969 2502
5970 3495
5971 4693
5972 5040
5973 1257
5974 1475
5975 2826
5976 1475
5977 1728
5978 3854
5979 3120
5980 3934
5981 1877
5982 4677
5983 4377
5984 3043
5985 1816
5986 444
5987 4100
5988 3652
5989 1725
5990 95
5991 2761
5992 5092
5993 4835
5994 5105
5995 5119
5996 4105
5997 990
5998 1307
5999 5043
6000 4866
6001 1299
6002 4286
6003 1477
6004 785
6005 5042
6006 4404
6007 2911
6008 874
6009 1458
6010 1716
6011 205
6012 1486
6013 4775
6014 4370
6015 3611
6016 3631
6017 1177
6018 4187
6019 348
6020 1299
6021 609
6022 1107
6023 1059
6024 3879
6025 4798
6026 1780
6027 3408
6028 3140
6029 1612
6030 599
6031 4414
6032 2414
6033 4905
6034 4788
6035 2822
6036 3912
6037 4431
6038 2796
6039 1754
6040 2060
6041 2780
6042 1747
6043 462
6044 540
6045 2053
6046 3448
6047 4378
6048 1209
6049 2730
6050 1074
6051 2856
6052 1056
6053 4720
6054 2225
6055 3857
6056 1535
6057 1215
6058 4027
6059 4679
6060 1536
6061 1518
6062 853
6063 994
6064 2212
6065 2019
6066 4547
6067 5043
6068 1287
6069 4111
6070 1682
6071 2549
6072 1467
6073 1885
6074 3482
6075 4483
6076 3902
6077 3924
6078 2699
6079 4324
6080 4021
6081 4271
6082 1027
6083 2567
6084 2735
6085 1104
6086 3408
6087 679
6088 4564
6089 3993
6090 4832
6091 2531
6092 4515
6093 3036
6094 2881
6095 3965
6096 1970
6097 2935
6098 4464
6099 2948
6100 4383
6101 2167
6102 2331
6103 4695
6104 3826
6105 4471
6106 2364
6107 4036
6108 3333
6109 4910
6110 3400
6111 525
6112 1085
6113 4064
6114 4918
6115 61
6116 216
6117 3326
6118 4774
6119 2209
6120 683
6121 4298
6122 3085
6123 328
6124 2645
6125 1128
6126 1325
6127 3183
6128 4562
6129 5115
6130 3906
6131 2950
6132 2567
6133 2465
6134 4371
6135 2355
6136 4507
6137 4179
6138 2303
6139 5011
6140 3216
6141 570
6142 4802
6143 3388
6144 3853
6145 3253
6146 4186
6147 4077
6148 3163
6149 4509
6150 4873
6151 3994
6152 3596
6153 2104
6154 4149
6155 4921
6156 5100
6157 94
6158 3516
6159 4318
6160 1157
6161 4004
6162 1127
6163 1018
6164 4098
6165 3492
6166 3413
6167 1144
6168 915
6169 3775
6170 3642
6171 4150
6172 508
6173 401
6174 1518
6175 4438
6176 3901
6177 4456
6178 4771
6179 3312
6180 730
6181 3859
6182 4668
6183 3405
6184 2081
6185 4076
6186 4326
6187 500
6188 1406
6189 936
6190 4294
6191 4092
6192 3552
6193 3795
6194 2229
6195 1063
6196 1904
6197 2153
6198 2761
6199 1148
6200 2260
6201 3610
6202 4779
6203 4280
6204 750
6205 3540
6206 5077
6207 4806
6208 3254
6209 134
6210 1491
6211 3263
6212 4373
6213 1535
6214 4299
6215 5035
6216 1782
6217 2251
6218 3308
6219 4658
6220 4915
6221 4482
6222 1379
6223 493
6224 904
6225 5078
6226 4599
6227 2880
6228 1463
6229 2857
6230 5065
6231 2343
6232 4444
6233 1767
6234 3311
6235 1065
6236 3381
6237 115
6238 5076
6239 3136
6240 4972
6241 4645
6242 4699
6243 4693
6244 4397
6245 4024
6246 2383
6247 1706
6248 86
6249 200
6250 2216
6251 4577
6252 3634
6253 3884
6254 3724
6255 4079
6256 1287
6257 2103
6258 3954
6259 1856
6260 622
6261 3875
6262 4901
6263 176
6264 1873
6265 4281
6266 3872
6267 449
6268 4537
6269 3597
6270 1784
6271 3742
6272 1809
6273 315
6274 4475
6275 3967
6276 4408
6277 3375
6278 2096
6279 2178
6280 4501
6281 441
6282 327
6283 4463
6284 1554
6285 3908
6286 4571
6287 75
6288 2755
6289 756
6290 3
6291 4281
6292 3267
6293 3401
6294 27
6295 2137
6296 1254
6297 3987
6298 4737
6299 4755
6300 1011
6301 798
6302 4342
6303 3634
6304 2245
6305 3824
6306 301
6307 199
6308 1955
6309 4841
6310 3771
6311 2796
6312 1549
6313 1958
6314 3890
6315 3247
6316 5025
6317 1727
6318 4345
6319 200
6320 4633
6321 908
6322 4190
6323 4694
6324 4695
6325 4426
6326 651
6327 3651
6328 3107
6329 4167
6330 3178
6331 4904
6332 4901
6333 4802
6334 2007
6335 4844
6336 2808
6337 4238
6338 2394
6339 4146
6340 4699
6341 1266
6342 4897
6343 2213
6344 2240
6345 999
6346 4824
6347 5024
6348 3211
6349 1509
6350 32
6351 475
6352 3580
6353 77
6354 3368
6355 4664
6356 4880
6357 1583
6358 4973
6359 740
6360 4266
6361 3697
6362 910
6363 2132
6364 1481
6365 4677
6366 2448
6367 3963
6368 4162
6369 2224
6370 108
6371 1493
6372 4289
6373 871
6374 711
6375 2991
6376 4266
6377 1914
6378 4177
6379 2493
6380 194
6381 5101
6382 4699
6383 3567
6384 4775
6385 993
6386 1099
6387 3510
6388 2054
6389 2915
6390 4073
6391 1556
6392 1026
6393 4590
6394 4164
6395 3760
6396 4862
6397 4007
6398 4243
6399 1887
6400 2627
6401 4386
6402 2831
6403 4726
6404 3177
6405 904
6406 277
6407 1239
6408 4336
6409 3315
6410 3878
6411 4432
6412 4361
6413 3806
6414 3971
6415 1578
6416 3018
6417 4046
6418 4693
6419 2412
6420 366
6421 3661
6422 556
6423 3405
6424 1380
6425 4865
6426 3000
6427 3998
6428 4661
6429 2649
6430 4768
6431 2214
6432 1962
6433 3788
6434 936
6435 4671
6436 4661
6437 863
6438 1932
6439 1356
6440 3580
6441 3027
6442 3069
6443 838
6444 2532
6445 0
6446 1291
6447 564
6448 5054
6449 4924
6450 2579
6451 3719
6452 10
6453 3867
6454 431
6455 2881
6456 4492
6457 4634
6458 1481
6459 2160
6460 4668
6461 1383
6462 3063
6463 4118
6464 2102
6465 97
6466 3684
6467 3548
6468 1831
6469 3808
6470 1197
6471 4228
6472 3999
6473 3772
6474 2858
6475 2824
6476 849
6477 936
6478 4411
6479 4730
6480 4785
6481 128
6482 4185
6483 1141
6484 4695
6485 2367
6486 4238
6487 2672
6488 2136
6489 1621
6490 5119
6491 5022
6492 4665
6493 410
6494 2614
6495 3523
6496 3886
6497 586
6498 5079
6499 1782
6500 439
6501 2991
6502 2666
6503 205
6504 979
6505 2117
6506 1637
6507 4471
6508 3961
6509 3484
6510 3221
6511 4557
6512 1647
6513 3690
6514 3780
6515 4340
6516 190
6517 1411
6518 1677
6519 3624
6520 4754
6521 2334
6522 4172
6523 1756
6524 2871
6525 4485
6526 2168
6527 3933
6528 7
6529 484
6530 2160
6531 3039
6532 3692
6533 3544
6534 531
6535 2613
6536 4989
6537 5070
6538 2790
6539 113
6540 4027
6541 3844
6542 248
6543 2608
6544 2187
6545 5072
6546 635
6547 3452
6548 2922
6549 1048
6550 1057
6551 4971
6552 59
6553 3722
6554 2313
6555 3481
6556 4889
6557 4401
6558 4970
6559 1160
6560 3319
6561 2635
6562 3660
6563 4938
6564 3947
6565 2292
6566 4010
6567 2722
6568 1034
6569 4508
6570 2897
6571 2300
6572 929
6573 30
6574 2346
6575 5035
6576 506
6577 948
6578 1686
6579 681
6580 1789
6581 3187
6582 4700
6583 1060
6584 1677
6585 3576
6586 3754
6587 5045
6588 75
6589 4360
6590 4755
6591 979
6592 3599
6593 5000
6594 4346
6595 2241
6596 2681
6597 2403
6598 3951
6599 3805
6600 3998
6601 4017
6602 3620
6603 3356
6604 279
6605 2350
6606 3254
6607 2671
6608 4944
6609 4524
6610 2699
6611 4460
6612 439
6613 4750
6614 1407
6615 2191
6616 3661
6617 1905
6618 2118
6619 1565
6620 447
6621 1179
6622 3937
6623 4603
6624 187
6625 88
6626 4049
6627 1328
6628 2211
6629 4080
6630 505
6631 4582
6632 4794
6633 4163
6634 4266
6635 583
6636 1763
6637 2300
6638 4023
6639 5008
6640 2395
6641 4178
6642 1103
6643 5055
6644 1264
6645 4969
6646 3813
6647 2596
6648 1383
6649 4817
6650 1164
6651 811
6652 429
6653 1822
6654 2856
6655 4852
6656 3901
6657 5
6658 1494
6659 1648
6660 157
6661 3636
6662 1785
6663 4796
6664 3249
6665 3555
6666 2216
6667 1264
6668 521
6669 4868
6670 3824
6671 1948
6672 3786
6673 4586
6674 1057
6675 3034
6676 4997
6677 353
6678 4133
6679 143
6680 343
6681 3646
6682 1102
6683 607
6684 754
6685 266
6686 915
6687 4245
6688 2488
6689 4851
6690 4486
6691 527
6692 4801
6693 4865
6694 1832
6695 3636
6696 2852
6697 125
6698 2932
6699 4277
6700 621
6701 2275
6702 4797
6703 4968
6704 1035
6705 722
6706 3691
6707 4176
6708 4758
6709 4654
6710 4899
6711 315
6712 4368
6713 1175
6714 2346
6715 4258
6716 3723
6717 471
6718 3240
6719 4196
6720 2645
6721 4338
6722 4334
6723 3608
6724 4516
6725 3942
6726 1229
6727 3365
6728 479
6729 2471
6730 3592
6731 606
6732 2623
6733 4491
6734 1685
6735 3688
6736 3717
6737 3536
6738 921
6739 570
6740 3993
6741 3951
6742 2229
6743 4800
6744 4881
6745 3820
6746 326
6747 4548
6748 2749
6749 3184
6750 5125
6751 2777
6752 4801
6753 1082
6754 2587
6755 504
6756 2935
6757 569
6758 4053
6759 658
6760 3535
6761 906
6762 775
6763 1878
6764 3257
6765 256
6766 2375
6767 695
6768 2315
6769 3664
6770 2240
6771 3991
6772 2608
6773 970
6774 3273
6775 730
6776 4604
6777 5049
6778 837
6779 4693
6780 4350
6781 2357
6782 1327
6783 2645
6784 570
6785 2514
6786 3187
6787 441
6788 4793
6789 1513
6790 1337
6791 1756
6792 3194
6793 3894
6794 1444
6795 3848
6796 3779
6797 4305
6798 4825
6799 2214
6800 4752
6801 525
6802 4148
6803 3928
6804 2298
6805 3679
6806 2048
6807 4067
6808 1219
6809 4338
6810 1583
6811 1153
6812 4627
6813 4924
6814 5035
6815 2268
6816 4116
6817 1258
6818 1622
6819 89
6820 2698
6821 446
6822 4121
6823 144
6824 4781
6825 2338
6826 885
6827 1979
6828 4582
6829 957
6830 4457
6831 4822
6832 2773
6833 3540
6834 1961
6835 3607
6836 1612
6837 1090
6838 4649
6839 1495
6840 5041
6841 4623
6842 3646
6843 446
6844 4044
6845 1068
6846 834
6847 3480
6848 2066
6849 3642
6850 2552
6851 3770
6852 5069
6853 4985
6854 1402
6855 1078
6856 3004
6857 348
6858 2216
6859 1065
6860 1993
6861 281
6862 4769
6863 731
6864 3691
6865 554
6866 622
6867 1329
6868 3901
6869 4283
6870 918
6871 3151
6872 2084
6873 3707
6874 1491
6875 3496
6876 4430
6877 1160
6878 920
6879 2610
6880 2323
6881 4022
6882 726
6883 1873
6884 3891
6885 792
6886 2146
6887 5015
6888 2471
6889 54
6890 3873
6891 2593
6892 3872
6893 4408
6894 3607
6895 1947
6896 4672
6897 4812
6898 539
6899 2589
6900 1085
6901 80
6902 4205
6903 3077
6904 3463
6905 2991
6906 3885
6907 4431
6908 1437
6909 3330
6910 3874
6911 156
6912 1551
6913 1887
6914 1908
6915 4177
6916 109
6917 4858
6918 3672
6919 3094
6920 2109
6921 4814
6922 4755
6923 3819
6924 4849
6925 456
6926 4494
6927 465
6928 1892
6929 4058
6930 4837
6931 4263
6932 4444
6933 3182
6934 4985
6935 4148
6936 4052
6937 3041
6938 1075
6939 2645
6940 4666
6941 4666
6942 5118
6943 2856
6944 4390
6945 3884
6946 4472
6947 765
6948 4663
6949 228
6950 397
6951 1662
6952 5034
6953 4489
6954 4834
6955 4631
6956 4770
6957 4994
6958 1049
6959 1624
6960 4050
6961 870
6962 4883
6963 4715
6964 3751
6965 66
6966 4430
6967 3930
6968 3650
6969 4315
6970 4921
6971 2807
6972 1315
6973 5011
6974 4145
6975 1048
6976 3796
6977 5102
6978 3771
6979 4343
6980 4697
6981 5113
6982 921
6983 952
6984 3435
6985 4432
6986 3773
6987 3859
6988 1131
6989 4423
6990 4617
6991 2984
6992 1827
6993 354
6994 5070
6995 1295
6996 3819
6997 4163
6998 693
6999 4270
7000 532
7001 2602
7002 1595
7003 830
7004 2121
7005 3975
7006 5076
7007 1621
7008 4233
7009 2841
7010 4599
7011 3795
7012 2128
7013 2440
7014 3627
7015 1638
7016 1653
7017 3760
7018 2510
7019 2651
7020 2922
7021 3806
7022 4556
7023 1417
7024 2593
7025 2954
7026 838
7027 2491
7028 3479
7029 1238
7030 258
7031 1311
7032 2324
7033 2211
7034 5055
7035 1287
7036 4166
7037 780
7038 2346
7039 1339
7040 3868
7041 2568
7042 3080
7043 5003
7044 4765
7045 4477
7046 4449
