2574 34
4557 41
3778 3
4046 6
4859 12
5413 18
1827 45
5232 32
5401 16
5274 14
3806 31
5684 8
4784 16
5438 13
321 8
5340 46
5516 12
2122 29
5351 9
5858 45
5874 16
5551 1
5043 27
2158 7
3645 33
5643 5
5706 16
5294 15
5226 1
5923 13
2234 33
4993 2
4521 14
5737 9
5866 13
1100 6
2881 24
3873 3
4201 16
1918 8
5890 13
5349 3
1407 31
4763 15
2248 25
5253 15
4034 16
5702 1
2754 42
5455 16
1457 12
3704 32
155 3
5501 15
5868 14
1435 35
5961 48
2924 32
5289 5
5414 35
1863 5
4610 8
5698 29
5683 14
5958 16
477 9
4718 14
2681 15
5023 16
4490 22
5287 31
4026 22
3274 22
3912 15
217 9
5137 16
1004 14
4854 16
5376 5
4765 14
5082 31
5553 4
5327 7
4419 35
3319 32
3309 13
5404 3
5762 27
2641 27
401 31
283 34
2153 22
3146 34
3874 45
4307 5
162 43
2753 8
5317 24
3822 41
5156 5
2081 19
5106 22
610 6
5701 2
4964 8
3399 12
3199 19
5503 3
5264 16
692 12
5427 19
4360 9
4619 16
2032 8
1091 46
5510 15
5910 15
5675 5
347 31
4413 12
5898 8
5532 3
2906 27
5938 24
5845 27
5113 32
5416 5
3696 24
665 9
5254 9
1585 37
5824 2
4350 34
3906 7
5149 4
3472 32
3600 14
5301 13
3371 24
5371 21
3404 5
601 22
4591 13
4200 15
5782 27
5308 9
1636 8
2769 15
2072 31
5218 15
5478 13
1962 5
1484 42
5163 13
5942 15
5030 21
3208 22
2509 42
1259 32
5805 5
5336 35
4554 19
423 31
4289 27
5934 5
4368 20
5167 3
4504 27
5134 13
159 8
2152 8
5605 15
4274 15
4528 34
3453 22
4832 16
1472 13
5466 8
2936 29
835 24
5234 3
771 12
5513 2
1210 8
2997 22
5135 32
332 8
2485 31
5178 19
4071 6
2074 32
5888 5
5889 26
5891 3
220 46
5392 15
1084 13
4813 6
5322 32
1621 24
5364 13
5810 13
817 12
5956 15
3044 12
5657 26
5223 13
2467 29
5462 19
5157 13
4147 34
3308 24
1433 24
4488 7
1994 8
5634 24
4475 31
5631 49
5467 35
5542 12
329 13
4919 3
5500 9
3995 29
221 8
5435 4
5835 15
5252 4
5833 13
3305 17
5487 15
1022 42
3259 27
5343 18
5231 3
5851 19
4883 19
5283 12
3065 6
5783 15
5333 26
5802 16
4385 32
5450 2
4141 3
2891 22
2945 8
292 22
2811 45
1265 8
4913 16
2490 16
5803 23
526 28
5424 4
5739 8
4645 5
3190 31
2593 13
4352 4
3439 12
5331 3
434 9
3541 5
3634 31
5422 4
5423 6
3080 9
308 14
5400 29
4072 12
2560 1
2854 15
4891 17
5185 29
2496 8
2579 27
5085 8
4463 15
3363 15
4604 12
507 25
1246 8
5719 16
5930 15
5940 13
1969 32
5346 9
5529 34
5581 18
175 35
5922 0
1499 24
5194 1
5065 27
4873 22
4330 32
5665 14
5773 15
3746 35
4005 43
5221 15
563 31
5476 32
4438 46
804 9
5278 27
5470 18
5133 15
4837 7
5607 24
1883 13
5566 14
2285 0
5655 4
4064 7
829 17
4116 24
1099 31
5765 7
5788 13
5269 5
3897 22
3077 46
5801 13
5901 8
5535 27
4906 30
1069 13
5861 15
5366 19
2804 22
5222 18
5630 15
285 24
5017 29
5444 13
5867 15
156 32
5909 16
5307 3
3426 27
5696 27
1066 54
5561 5
1830 32
119 8
2761 27
5306 13
5398 6
5865 9
2307 34
4156 27
5098 22
5484 16
1761 30
5112 32
3358 25
4165 31
4654 35
125 26
4694 27
5169 5
253 33
4397 5
5880 1
3886 16
4534 35
5205 10
5039 33
5196 15
3367 35
4041 16
2446 14
5959 15
4586 17
1406 28
5941 31
4396 5
5492 18
5170 13
5368 13
3827 8
4996 3
5183 22
793 15
5191 32
5045 34
752 54
3910 31
3967 16
4277 6
5751 15
5242 18
2173 29
5207 32
3 1184
4 3925
5 570
6 773
8 4735
9 2125
11 4429
13 5862
16 2954
24 5396
28 2993
29 2999
32 4308
33 5204
34 4349
36 4849
37 2632
39 653
40 800
42 3789
44 5697
46 5954
47 216
51 5213
52 3498
54 1387
56 1206
58 2440
59 4969
61 554
63 4765
67 1516
68 680
71 3370
72 1867
73 5365
78 5903
85 1390
86 1356
87 5024
89 1267
91 3928
95 5604
97 4045
98 3978
100 3565
101 5808
105 3804
110 3870
113 408
122 2095
123 1251
124 5805
126 5106
127 4640
129 3880
131 5425
135 2536
138 1968
144 5156
145 5349
146 5878
149 2614
151 5644
152 5824
153 373
157 5720
161 3956
163 2727
164 5140
166 690
169 1497
170 611
171 5714
174 4859
178 1854
179 2235
182 5127
184 2522
185 2624
188 4478
191 3532
192 1628
194 5424
195 4809
196 3066
202 693
204 214
207 3430
211 2816
213 4386
215 2624
222 173
223 4055
225 5859
226 5769
228 5209
230 5863
235 1761
240 5248
241 5718
242 4542
244 1297
247 319
249 3431
254 5047
257 2000
258 2251
262 1328
265 408
266 2206
268 4791
271 5344
274 3910
278 1870
280 5004
281 1894
282 5790
287 5572
288 5235
289 638
290 5118
291 1226
297 339
298 4961
299 2496
301 752
302 5369
304 3005
305 5801
309 158
312 5727
318 5007
320 1411
326 27
327 2499
334 5794
340 2221
341 18
345 5528
346 4174
351 3535
352 1152
353 531
356 1347
357 4518
360 2529
363 4551
364 3204
365 5235
369 1352
370 4352
371 2971
376 775
377 630
378 5248
379 1001
380 1207
382 3171
383 76
384 3941
385 5629
386 5655
389 797
390 5515
391 2694
393 5514
395 2862
397 5586
399 79
404 1915
405 3663
407 5286
411 1486
412 5440
413 588
414 4811
415 1938
419 580
420 1637
422 5250
424 1803
426 5910
429 3037
430 1595
432 473
436 4980
438 3677
439 4386
440 4369
442 2919
445 1769
446 3750
447 3214
448 871
450 5119
451 1427
454 452
455 5411
456 1128
458 505
459 5026
460 5908
465 5798
467 4852
471 5425
474 3217
475 3788
478 3593
480 2862
482 5331
484 4710
485 3146
486 3523
487 2810
489 3488
490 88
491 488
493 3059
494 317
495 5531
497 5479
498 1914
499 1864
502 5370
508 1772
510 611
511 1361
512 5206
513 2355
514 1809
515 5487
516 4301
517 5688
518 5323
520 3563
522 62
529 2926
532 5110
533 5218
534 877
535 4789
536 1830
537 355
538 1471
541 5285
543 1766
544 1661
545 801
548 5371
549 5884
551 2158
553 367
555 4275
557 4509
559 3635
561 2437
562 5555
566 99
568 19
569 461
571 2865
574 1257
579 5037
582 965
583 5489
587 5123
590 2858
592 5385
594 5509
595 4504
596 5244
598 645
603 5129
605 1926
607 3702
608 5708
609 4018
612 5335
613 3455
614 715
616 5408
617 3701
618 1915
619 5699
624 4521
625 477
626 1947
627 1344
628 3061
629 250
631 576
633 5429
635 4490
636 5587
637 428
640 2971
641 2862
642 4432
643 5469
644 5602
646 5187
647 4250
649 3037
650 4067
651 5390
652 128
655 1659
662 5640
664 5336
666 2327
667 5423
670 4002
675 5900
676 96
678 2317
681 4707
682 2681
685 4858
691 2919
694 444
695 463
697 5950
698 449
699 2407
701 5425
703 5452
704 5120
707 3435
708 293
709 5764
711 3840
713 4793
717 4893
719 1487
720 743
721 84
722 519
723 5563
725 5477
726 1485
727 5256
728 5115
729 5943
733 1926
734 5148
737 3383
739 840
741 4611
742 5177
744 3298
745 2242
746 5656
748 5290
749 5730
751 3585
753 3371
755 3510
758 3178
759 2401
760 5667
761 1624
762 2301
763 1377
764 1926
765 1077
768 3143
769 1716
770 2600
774 3399
777 66
779 1457
781 483
783 3728
784 5488
787 1088
788 3056
789 3184
790 2850
791 606
799 5941
803 656
806 3503
807 354
810 5675
812 5176
813 5483
814 5002
816 5906
819 2679
822 3931
823 5352
827 3794
830 2886
831 1521
832 1221
834 1459
842 2054
844 820
846 5836
847 4515
848 4852
849 2162
852 5446
853 4809
856 4330
857 5762
858 3812
859 3834
860 3914
861 219
862 1230
865 1781
869 5926
870 615
873 464
880 5685
883 23
885 1344
886 3882
887 1840
889 1392
890 4215
893 423
894 4435
897 5167
900 2839
901 521
903 4687
905 2686
906 5020
907 1463
909 4312
911 4769
912 2753
913 4142
914 5376
915 3089
920 5177
921 1246
923 1582
925 354
926 5202
928 3238
929 3363
930 2133
932 5617
933 3500
934 5243
935 5501
936 259
938 5251
939 942
940 5909
941 1587
943 1392
944 1199
945 1702
946 5963
948 3404
949 5634
950 5947
951 1281
954 3399
955 3449
957 5409
959 573
960 3168
961 464
962 3863
963 841
964 5101
968 1321
971 3124
973 828
974 1361
976 5124
977 5334
978 5948
979 4095
980 4388
981 988
983 3657
986 2263
987 416
989 526
991 5781
992 466
993 4849
994 5407
995 5405
996 4299
998 5821
999 5953
1007 1459
1008 5702
1009 1106
1010 2649
1012 4129
1015 3639
1017 5217
1018 3206
1019 5246
1021 130
1023 2714
1031 5717
1034 5622
1037 4866
1039 2954
1042 5338
1043 1238
1044 4591
1045 4496
1046 5712
1047 724
1049 3866
1050 5273
1051 772
1053 3917
1054 3481
1055 22
1057 1947
1059 1229
1061 2794
1062 4385
1063 5325
1070 796
1071 1064
1074 367
1075 168
1080 5490
1081 5599
1082 2072
1085 5242
1089 1068
1090 5145
1093 1772
1094 5844
1096 1445
1097 3430
1101 4965
1103 3683
1104 5397
1108 5677
1110 660
1111 5606
1113 4367
1114 3924
1116 4669
1117 162
1120 77
1121 4035
1122 2152
1123 5817
1125 176
1126 5652
1129 5174
1130 677
1134 3011
1136 5573
1138 4957
1140 1676
1141 5678
1144 4051
1145 107
1147 4995
1148 5739
1154 3731
1155 5740
1156 3519
1157 283
1159 3495
1161 2670
1162 2602
1163 106
1165 1
1166 5948
1168 2989
1178 2050
1179 5645
1182 2597
1183 5966
1185 208
1188 3570
1189 5579
1193 5045
1195 5133
1196 4632
1197 3454
1200 5251
1201 3124
1204 3728
1205 656
1208 5276
1209 4830
1212 5065
1213 4261
1215 4350
1216 5026
1218 5868
1220 5283
1223 5552
1224 838
1228 5528
1232 3690
1233 5632
1234 5449
1235 4531
1236 2931
1237 2814
1240 5442
1241 501
1243 3833
1244 394
1245 4458
1247 3395
1249 1016
1250 3305
1252 5757
1253 3514
1255 5079
1258 4779
1260 5430
1261 1854
1262 5139
1263 150
1264 4067
1270 4903
1272 3069
1274 5860
1276 4195
1283 5085
1286 5670
1287 2019
1288 3120
1292 1434
1293 5384
1295 2960
1296 1347
1302 5328
1303 1524
1306 1918
1309 1977
1310 5099
1315 1279
1316 5841
1317 4155
1319 4028
1322 1894
1324 3398
1330 4047
1331 677
1333 65
1335 1133
1336 84
1337 4173
1339 3387
1340 4386
1341 313
1346 5391
1348 4832
1350 898
1353 4930
1354 1741
1355 5136
1357 2488
1359 167
1360 2013
1363 4806
1364 1821
1367 3833
1369 1916
1374 1568
1382 2383
1383 4311
1384 2020
1386 5446
1389 3526
1391 1678
1393 838
1395 599
1399 3435
1400 4901
1401 5554
1403 3714
1404 2013
1408 331
1412 4669
1414 1064
1416 5380
1417 2822
1418 5365
1422 5227
1423 19
1425 2275
1426 1334
1428 3726
1429 4128
1431 3823
1432 5551
1436 2778
1438 2855
1439 851
1440 2137
1441 3521
1443 5930
1444 5717
1446 159
1447 2358
1449 1528
1450 687
1451 2895
1453 5400
1454 5861
1456 4047
1460 5050
1461 5463
1462 2486
1464 4632
1465 4172
1467 4847
1469 5324
1470 3755
1476 2410
1478 219
1481 3595
1482 2817
1488 3924
1489 3149
1495 3722
1496 5697
1498 5152
1500 2558
1501 766
1503 4062
1504 1190
1505 3280
1507 5458
1508 3431
1510 3755
1515 3663
1519 1683
1522 684
1523 4625
1526 3347
1527 5635
1529 2168
1530 1388
1531 1256
1532 1528
1534 5139
1539 2426
1541 5642
1542 1932
1544 2185
1545 5127
1546 5726
1547 1280
1549 5862
1550 1304
1552 1001
1554 5409
1556 347
1560 4769
1561 3066
1562 3720
1563 1778
1564 2589
1565 5086
1566 4250
1569 5472
1570 2192
1571 5302
1572 5400
1574 3326
1577 4396
1578 3020
1580 815
1581 740
1588 3666
1589 2337
1590 1916
1592 5962
1594 60
1596 5875
1597 3758
1598 3371
1599 5043
1602 5359
1603 5138
1604 2654
1605 5128
1607 947
1609 4869
1610 5583
1611 5861
1613 4546
1614 5141
1615 1947
1617 5264
1618 4018
1620 3641
1622 5489
1623 3772
1625 464
1626 5294
1627 2650
1629 5641
1631 4396
1632 2934
1633 2948
1638 5041
1639 5563
1642 5834
1643 5620
1646 5247
1648 316
1649 1691
1650 4761
1651 3015
1652 5921
1656 4243
1657 1405
1662 2348
1664 4072
1665 5232
1666 5398
1667 2285
1668 3307
1669 4429
1672 5612
1673 2376
1674 5030
1675 4765
1679 5184
1680 1948
1682 1160
1684 5644
1688 3202
1692 355
1693 4616
1695 1291
1696 5478
1698 671
1700 3158
1701 5501
1703 4119
1704 5541
1705 5273
1707 593
1709 5835
1710 5810
1713 2633
1715 1748
1718 2496
1719 5166
1720 3115
1723 5881
1724 3704
1725 1079
1726 3434
1729 4045
1730 5348
1731 4516
1733 5557
1734 4304
1736 5570
1737 5798
1738 2277
1739 5554
1740 3650
1742 1392
1744 5932
1745 5654
1750 1378
1751 2766
1752 843
1753 5618
1754 1728
1755 573
1757 5561
1759 5050
1762 5748
1764 563
1765 2850
1767 187
1768 4261
1771 4855
1773 5876
1774 14
1776 5777
1777 5621
1779 3414
1789 4975
1790 1658
1791 5341
1793 5417
1794 5317
1796 3606
1797 172
1798 3170
1800 4454
1801 5432
1804 2655
1805 5949
1807 374
1808 5639
1810 4426
1811 5190
1812 3727
1813 1681
1814 1387
1815 5380
1816 1717
1817 1583
1819 1890
1820 5849
1823 2810
1824 2691
1825 3986
1826 3252
1828 3501
1829 1378
1832 2161
1833 5496
1834 2654
1837 2664
1838 2471
1839 4763
1841 453
1842 4906
1843 622
1844 5455
1845 267
1847 3972
1848 2861
1849 154
1851 1553
1855 4225
1857 4225
1858 1073
1860 2436
1861 5554
1862 4689
1865 1394
1868 1475
1871 5964
1872 463
1873 4631
1874 2886
1875 317
1876 5254
1878 5274
1879 5624
1881 4484
1884 5129
1885 4090
1886 3307
1891 5364
1892 256
1893 840
1895 221
1896 1889
1897 808
1898 2768
1900 3776
1901 5629
1902 57
1903 1683
1905 4923
1906 1251
1907 3315
1908 165
1909 5862
1910 5238
1911 4033
1917 2024
1919 811
1921 1818
1922 1689
1924 3931
1925 671
1928 4956
1929 2587
1930 3496
1931 3948
1933 3931
1934 1186
1935 5731
1936 3224
1939 4949
1942 3890
1943 3532
1944 5060
1946 5697
1949 5608
1950 5898
1951 5611
1953 5695
1954 5329
1956 3666
1957 4042
1958 4715
1959 142
1960 5215
1961 3833
1963 786
1964 5452
1965 2949
1966 2794
1967 49
1970 1485
1971 4448
1972 5503
1973 1280
1975 5628
1976 2090
1978 793
1980 524
1981 14
1982 724
1983 878
1984 3225
1985 578
1986 1248
1987 917
1991 142
1993 3639
1995 14
1996 5322
1997 5132
1998 3896
1999 2442
2001 2506
2002 776
2003 1334
2004 5595
2006 2932
2007 4039
2009 2930
2010 2646
2011 715
2015 221
2016 1181
2017 585
2018 843
2022 2594
2027 2726
2028 2842
2029 1822
2030 3080
2036 1378
2039 3439
2040 5700
2042 1004
2043 5271
2044 4572
2045 2958
2047 5888
2048 5289
2052 5555
2053 5910
2055 1818
2056 5296
2057 4072
2059 3503
2061 3503
2062 1748
2064 5119
2065 4669
2066 1758
2067 2973
2068 796
2069 2862
2070 5473
2073 3696
2075 5525
2076 3219
2077 106
2078 5379
2080 4906
2082 3434
2083 5026
2085 1746
2086 3399
2089 5368
2091 375
2092 4300
2096 5458
2097 5145
2098 1407
2099 5234
2105 5723
2106 5421
2107 267
2111 1060
2114 4095
2115 1406
2116 2058
2117 796
2118 2376
2120 3733
2126 5171
2129 5615
2131 273
2132 5794
2134 5817
2135 4299
2136 2050
2138 3624
2139 2414
2140 4502
2141 4789
2142 3712
2143 2863
2144 1181
2145 4724
2146 2794
2148 1979
2149 5913
2150 2509
2154 3983
2155 3442
2157 5588
2159 3880
2164 5329
2169 5887
2170 1388
2171 5805
2172 5848
2174 1366
2176 5630
2177 5717
2178 1186
2179 4450
2181 5919
2183 315
2184 3291
2186 3247
2187 5255
2188 3455
2190 3011
2191 1275
2194 1540
2195 5316
2196 3522
2197 1770
2198 4148
2199 1177
2200 3316
2201 4854
2202 4342
2203 1513
2204 3571
2205 1379
2207 3211
2210 5154
2212 214
2213 2990
2214 896
2218 4240
2219 5942
2220 5263
2223 4147
2225 4039
2227 4360
2228 3290
2230 329
2232 780
2236 3414
2238 750
2240 5583
2244 141
2245 1176
2246 5767
2249 947
2250 3037
2252 654
2255 180
2256 3259
2259 1540
2260 1231
2261 4735
2262 41
2264 5744
2265 2875
2266 1067
2267 2489
2269 1356
2270 1352
2271 2871
2273 5209
2274 5738
2276 5889
2278 3812
2280 1914
2281 4046
2282 2322
2284 5626
2286 5254
2287 2301
2288 3702
2289 273
2290 4502
2291 5124
2292 3834
2293 3694
2295 1036
2296 5480
2297 898
2298 5242
2300 1343
2302 5673
2304 4747
2305 3209
2308 5661
2310 1409
2312 2112
2315 5208
2316 5799
2318 4996
2320 5575
2321 5301
2323 5008
2324 663
2325 5524
2326 5166
2328 5602
2329 5060
2330 3648
2331 425
2332 300
2333 4964
2334 4892
2338 1926
2339 1127
2340 785
2341 2387
2342 3719
2343 180
2344 4715
2347 5894
2351 4055
2353 133
2354 1172
2359 5243
2360 1463
2361 1221
2362 2840
2363 3722
2366 3778
2367 4245
2368 877
2369 700
2371 4043
2374 3886
2378 5613
2379 4758
2380 303
2381 1133
2382 2694
2384 159
2386 5204
2388 234
2389 801
2390 4926
2391 5752
2393 1313
2394 1424
2397 580
2398 1494
2399 1640
2402 3043
2403 2104
2405 5948
2406 1005
2408 4087
2409 5339
2411 4342
2412 3187
2413 2556
2415 4302
2417 3969
2418 5525
2419 2894
2420 1311
2421 2484
2422 2167
2423 3308
2424 3399
2427 3432
2430 245
2432 5702
2435 2763
2438 5129
2439 1558
2441 1914
2443 295
2444 5045
2445 3419
2447 1176
2448 4343
2450 5877
2451 2714
2452 236
2454 3380
2456 479
2457 4823
2458 3136
2459 5835
2460 1323
2463 1962
2464 3346
2465 444
2466 1036
2468 5184
2469 5720
2470 5473
2472 1362
2474 4349
2475 526
2476 2887
2477 296
2478 159
2479 4983
2481 167
2483 3726
2487 259
2491 1153
2494 5946
2495 256
2498 5748
2501 2600
2502 1712
2503 5528
2505 4541
2508 2890
2511 2820
2512 2936
2513 234
2514 825
2515 4384
2516 4946
2519 5468
2520 866
2523 1269
2524 5376
2525 5750
2526 575
2527 5790
2528 5673
2530 5178
2532 2923
2534 4311
2535 736
2540 5448
2541 4140
2544 5739
2545 3172
2547 1238
2548 2816
2552 3402
2554 2949
2555 5318
2559 5301
2561 2234
2563 5149
2564 3663
2566 4012
2568 5290
2569 4458
2572 2484
2573 5123
2575 5197
2576 1325
2577 3918
2578 3414
2580 5767
2581 1818
2582 3367
2583 506
2584 2874
2585 1567
2586 3541
2590 2407
2592 5132
2596 2206
2599 2348
2604 854
2605 464
2606 5412
2607 3928
2610 372
2611 3921
2613 1210
2615 677
2616 2182
2619 4312
2621 3896
2622 1376
2623 342
2626 1242
2628 5332
2629 4770
2630 5287
2631 3884
2636 1131
2638 3450
2639 5334
2640 5800
2642 1758
2643 634
2645 4475
2648 251
2651 1916
2652 5198
2656 5329
2657 1883
2658 3749
2659 4965
2662 5965
2663 5579
2665 4347
2666 5088
2669 3370
2671 2839
2673 1493
2674 5680
2676 5789
2677 4450
2678 5603
2680 2049
2682 5760
2684 1952
2689 5478
2690 1514
2692 5034
2695 2805
2696 5404
2697 2686
2698 148
2699 5207
2700 572
2701 4639
2702 3395
2706 501
2707 3557
2709 843
2710 5521
2711 3592
2712 3370
2713 2467
2715 500
2716 686
2718 5692
2719 3247
2724 824
2729 3163
2730 4832
2731 2788
2732 771
2733 488
2734 3815
2736 4770
2737 3418
2738 256
2739 176
2740 5794
2742 5811
2744 4087
2745 4921
2748 3206
2750 2306
2751 5152
2752 5883
2756 5113
2757 216
2758 1517
2759 154
2762 982
2765 5356
2767 4413
2770 5027
2773 3728
2774 4449
2779 2151
2781 2780
2782 1685
2783 4850
2785 5206
2786 3770
2787 3004
2789 5288
2791 3033
2792 1445
2793 1217
2795 3720
2798 5622
2799 5611
2800 5561
2801 1385
2802 219
2806 3538
2807 2817
2808 2858
2815 5068
2818 3899
2821 782
2823 4892
2824 5498
2825 3918
2826 5779
2828 1345
2829 3400
2830 4250
2831 3043
2832 2127
2834 4809
2836 2840
2837 5424
2838 5917
2843 1394
2845 3808
2847 3385
2848 5698
2849 5548
2851 931
2852 3668
2856 4071
2859 1555
2864 5315
2866 1479
2867 3912
2868 147
2869 5121
2870 3221
2872 4510
2873 5334
2876 1747
2878 1587
2879 5884
2883 3263
2884 5503
2885 4100
2888 5069
2889 5111
2892 5343
2893 3303
2896 4765
2898 4956
2899 4199
2900 4983
2901 1013
2902 1520
2904 756
2905 997
2907 3206
2910 4226
2912 3502
2913 5181
2914 5668
2915 3787
2916 5374
2917 134
2918 3694
2920 782
2921 4248
2922 4127
2925 2490
2927 684
2929 5273
2933 2863
2937 1635
2939 421
2940 69
2941 5677
2942 5777
2943 3924
2944 5526
2946 5286
2950 3658
2951 1685
2953 3745
2955 2909
2956 4199
2957 2346
2959 473
2961 808
2962 5672
2963 5824
2964 5829
2965 4518
2966 5693
2969 1267
2972 2216
2975 5216
2976 684
2977 2685
2978 4830
2979 3972
2980 5607
2981 730
2982 5312
2983 5120
2984 3400
2985 1170
2986 5905
2987 3778
2988 148
2991 1406
2992 3398
2994 4806
2995 5468
2996 591
2998 5757
3001 2924
3006 5512
3007 1024
3009 5351
3012 3187
3014 578
3016 5396
3017 5663
3019 5298
3022 2637
3023 5162
3024 5240
3025 5120
3026 5613
3028 4523
3029 5792
3030 5764
3031 531
3032 602
3034 5727
3035 1297
3036 5348
3038 453
3041 4985
3042 2810
3045 5386
3046 1758
3048 5177
3049 5528
3050 2934
3052 5270
3053 546
3055 523
3057 4291
3067 5103
3068 5713
3071 4591
3073 4369
3074 4307
3076 5860
3078 3581
3079 5554
3081 4386
3083 2574
3084 3307
3085 2871
3086 77
3087 593
3091 3490
3092 5351
3093 5384
3094 539
3095 892
3097 3538
3098 1619
3101 1756
3105 2924
3107 1676
3108 1238
3110 1371
3111 183
3112 119
3116 45
3117 4284
3118 5246
3119 2123
3122 5326
3125 3162
3126 693
3128 808
3129 373
3131 2809
3132 4949
3134 5835
3135 2337
3138 4349
3141 3501
3142 227
3147 4454
3148 5259
3151 4816
3152 1349
3153 5886
3155 5542
3159 4243
3161 4485
3164 5298
3165 1850
3166 2803
3167 2034
3169 2094
3173 5629
3176 4913
3179 5139
3180 150
3181 5535
3182 3404
3183 4140
3186 4770
3189 4875
3192 4985
3194 4856
3195 4892
3196 4765
3197 5905
3198 5442
3200 4958
3203 2722
3205 1728
3207 5703
3210 5310
3212 3721
3213 186
3215 5702
3218 5521
3220 2285
3222 5570
3223 5386
3226 5694
3228 600
3229 1904
3230 1686
3233 2796
3237 5929
3239 5676
3240 1472
3241 4334
3242 3304
3244 1158
3245 1214
3246 1421
3248 3733
3249 702
3250 1687
3251 4070
3254 3787
3255 79
3256 5693
3257 5524
3260 1516
3264 3455
3265 5817
3266 3481
3268 3037
3269 74
3271 3177
3272 3758
3273 3888
3275 1512
3276 3204
3278 4181
3279 3496
3281 2025
3282 4450
3283 2890
3285 4214
3286 639
3287 3407
3288 3145
3289 4875
3292 5752
3293 388
3294 3500
3296 1137
3297 5828
3299 2158
3300 5267
3310 239
3311 5103
3312 882
3313 3825
3314 5838
3317 2536
3318 863
3320 4667
3323 338
3324 5214
3325 5041
3328 1788
3329 3785
3331 4884
3332 1920
3334 2634
3336 5887
3337 337
3338 272
3339 5541
3340 5642
3341 2121
3343 2123
3344 5209
3345 2173
3350 1716
3351 5289
3353 3983
3354 4402
3355 5352
3356 183
3357 1095
3360 4151
3361 5086
3362 5249
3364 5606
3366 1373
3369 2934
3372 4778
3373 521
3376 1512
3378 4410
3381 743
3384 5047
3386 4143
3388 2008
3389 4632
3390 4319
3391 4419
3392 5500
3393 239
3394 53
3401 2887
3403 308
3405 4088
3406 2222
3408 5763
3409 112
3410 3238
3413 5417
3415 5923
3416 4656
3417 14
3421 5688
3422 5802
3423 18
3424 5043
3425 2510
3427 5686
3428 5180
3429 136
3433 5602
3436 5638
3443 3690
3444 602
3446 3639
3447 2764
3448 115
3451 4368
3452 2279
3456 5690
3458 2160
3463 5597
3464 1803
3465 3290
3466 1746
3469 875
3470 1409
3471 5741
3473 3021
3474 2749
3475 1275
3476 1405
3477 3741
3478 5242
3479 5508
3480 2954
3483 4573
3485 4858
3486 3772
3487 5941
3489 4200
3492 483
3494 5572
3497 5859
3499 4410
3504 5532
3505 1405
3506 4172
3507 2031
3508 4311
3509 4328
3511 5606
3517 2032
3520 2410
3524 589
3525 4530
3527 1150
3529 181
3530 1904
3531 5726
3534 2453
3536 4217
3537 79
3540 4286
3542 2473
3544 3891
3545 5250
3546 5858
3547 1225
3549 3214
3550 260
3551 3983
3552 5645
3553 3749
3554 610
3555 724
3556 3725
3559 3727
3566 2224
3567 3917
3568 2093
3572 1846
3573 2461
3577 5938
3578 712
3580 4864
3582 584
3583 3702
3586 5949
3587 1392
3589 3533
3590 735
3591 2990
3596 5941
3597 4018
3598 5256
3599 5773
3601 5596
3602 5820
3603 5007
3605 2945
3607 4981
3609 1225
3610 5717
3611 108
3612 2997
3613 2880
3618 3726
3620 1686
3621 5684
3625 308
3627 5494
3628 1305
3629 5867
3630 3978
3631 3746
3632 3395
3633 2928
3637 4225
3638 5303
3640 1445
3642 5718
3643 3751
3646 3581
3647 2492
3651 1634
3653 1468
3654 2633
3659 942
3661 1803
3664 5311
3665 3822
3670 2054
3672 1248
3673 985
3674 2539
3678 3954
3681 4072
3682 3579
3684 1064
3686 576
3688 5471
3689 5202
3691 4133
3692 4481
3695 1406
3697 854
3698 4770
3700 5819
3705 871
3707 3884
3708 5511
3709 43
3710 5117
3715 5872
3716 851
3723 1487
3724 1056
3729 5268
3730 3669
3732 2303
3735 4849
3736 5842
3737 5253
3739 1192
3740 220
3742 2
3743 952
3744 5157
3748 3124
3752 5233
3754 3346
3756 5459
3759 317
3760 5283
3761 2434
3762 1918
3763 308
3765 5030
3767 3526
3768 1390
3769 2355
3771 2467
3773 187
3774 3199
3775 1600
3779 2133
3780 687
3781 5492
3782 3712
3783 4081
3784 5349
3786 1207
3790 4389
3792 660
3793 3862
3796 2346
3797 1890
3799 1595
3800 5878
3802 4533
3803 778
3805 1394
3807 2924
3809 5396
3810 1365
3811 5925
3816 5505
3818 4720
3819 5002
3820 4724
3821 3171
3826 3839
3828 3054
3829 4047
3830 5919
3831 2455
3832 5201
3835 2932
3836 507
3837 2063
3838 5826
3841 5354
3842 3514
3843 5328
3845 4975
3846 4763
3847 1226
3848 1479
3851 1583
3852 1863
3853 5909
3854 4573
3856 4334
3857 463
3858 219
3859 1583
3860 1624
3861 1020
3864 5867
3865 5951
3867 3719
3868 272
3872 3694
3875 1026
3877 5903
3878 5940
3879 3652
3883 3115
3885 5530
3887 5420
3889 3383
3892 5209
3893 878
3894 5217
3895 4384
3898 1894
3900 892
3901 866
3902 3455
3905 5122
3907 1142
3908 220
3909 5600
3911 1677
3913 1227
3915 5814
3919 1600
3920 1151
3922 5468
3926 5239
3929 5354
3930 4398
3932 5311
3934 5897
3935 4980
3936 3516
3937 284
3939 5911
3943 5129
3945 1072
3946 632
3947 3655
3949 2372
3950 673
3951 5402
3958 1066
3959 4765
3962 1358
3963 2231
3964 2410
3966 5921
3968 3204
3971 1852
3973 3201
3975 3120
3976 2497
3977 4311
3979 4530
3980 687
3985 1630
3987 2311
3988 2612
3990 337
3991 3562
3993 5451
3996 5707
3997 3722
3998 2020
4001 452
4003 4644
4004 3969
4006 985
4008 1864
4009 4410
4010 5687
4011 5832
4013 927
4014 251
4016 4039
4017 1663
4019 4633
4022 4027
4023 4724
4024 5348
4025 4083
4029 5253
4030 1448
4036 1471
4037 521
4038 4165
4040 5665
4044 329
4048 5237
4049 3298
4050 2364
4052 4644
4054 4583
4059 3584
4061 5099
4063 55
4066 3721
4069 5775
4073 5525
4074 5504
4075 1540
4076 2307
4077 5210
4079 5105
4080 1840
4082 1219
4084 953
4085 1864
4086 5876
4089 3306
4091 3363
4093 2365
4094 5600
4096 3515
4098 4597
4099 3434
4101 4392
4103 1060
4106 1926
4107 3623
4108 60
4109 5870
4110 2041
4111 1067
4112 1167
4113 2932
4114 1160
4115 4119
4121 2595
4122 5340
4123 821
4124 292
4125 2081
4126 4942
4130 189
4131 1397
4132 5637
4134 4869
4136 2071
4138 5764
4139 1746
4146 5705
4150 1497
4152 5804
4154 1558
4158 5203
4159 4021
4160 1052
4162 5651
4163 3109
4164 3013
4167 2358
4169 3725
4170 5911
4171 4364
4175 2356
4176 5829
4177 3307
4178 5275
4184 3457
4185 747
4186 622
4188 2489
4189 1558
4190 49
4191 5394
4194 5315
4196 2416
4197 5065
4198 5029
4203 128
4206 3986
4207 3002
4209 238
4210 5098
4211 3519
4212 1279
4213 5777
4218 5670
4219 5437
4221 5434
4223 1685
4224 347
4228 5828
4229 1060
4230 5908
4232 5587
4233 3789
4234 4166
4235 140
4236 4245
4237 331
4241 4137
4242 5236
4244 1328
4246 2416
4247 176
4249 966
4252 3000
4253 3941
4254 804
4255 5489
4256 2595
4257 1325
4258 3037
4259 3961
4260 5957
4262 5179
4265 5957
4266 3291
4267 3722
4268 3512
4269 1170
4270 526
4271 3639
4272 2385
4273 1153
4279 3833
4280 5107
4281 5411
4282 2790
4283 5325
4290 3833
4292 1756
4293 1174
4294 2283
4296 5027
4297 5567
4298 60
4303 4525
4305 5473
4313 4568
4315 653
4316 1238
4317 4312
4318 2766
4320 3548
4321 324
4322 5493
4323 1102
4324 1587
4325 4957
4326 5928
4331 3874
4333 1077
4335 3044
4337 2861
4338 5319
4339 5656
4341 2151
4344 237
4345 3941
4351 3931
4353 1521
4354 3617
4355 5160
4356 3399
4357 2934
4358 706
4361 5553
4362 5863
4363 425
4365 2926
4366 5300
4370 1415
4371 1962
4373 2999
4374 4478
4375 5532
4377 3690
4379 5292
4380 2108
4381 3104
4383 3150
4387 2764
4390 2426
4391 5801
4393 3481
4395 193
4399 2088
4401 4378
4403 1583
4404 1118
4405 504
4406 2703
4408 5054
4411 1072
4412 5616
4414 2743
4415 5645
4416 2518
4417 5336
4418 3888
4420 4149
4421 4917
4422 4933
4423 1304
4424 2031
4428 4734
4430 387
4431 216
4434 224
4436 4675
4437 5787
4439 3234
4441 5848
4442 5857
4445 5655
4446 350
4447 5277
4451 3928
4452 5907
4453 270
4455 1001
4456 5527
4457 5876
4459 5546
4460 4521
4461 5961
4464 1406
4465 2453
4467 2820
4468 1421
4469 3899
4470 212
4472 2609
4473 5439
4474 3912
4477 5937
4479 2429
4480 2510
4482 4521
4483 5649
4486 27
4487 3636
4491 972
4493 2496
4494 2846
4495 208
4497 3839
4498 5791
4500 3541
4501 1170
4506 956
4507 218
4508 5178
4511 5566
4512 3956
4514 2283
4519 1358
4522 5950
4524 5563
4527 757
4529 3375
4532 5779
4535 4183
4537 705
4538 1654
4539 985
4540 477
4544 4583
4545 584
4547 143
4548 4021
4550 4717
4552 5825
4553 2147
4555 4250
4556 3655
4559 5013
4560 5326
4561 3770
4562 3247
4563 4045
4564 5661
4565 5902
4566 5963
4569 3521
4570 2486
4571 4907
4575 4042
4576 2035
4577 5506
4578 4193
4582 3560
4589 3897
4590 1882
4593 5150
4594 5406
4595 5291
4600 5695
4601 4988
4602 3440
4605 658
4606 1329
4607 2209
4608 2841
4609 2686
4612 4979
4613 2772
4614 4952
4615 599
4617 5951
4618 3557
4620 5642
4621 5605
4622 1821
4624 4856
4626 5452
4627 3594
4628 3174
4629 5531
4630 3863
4634 5563
4635 2720
4636 3396
4638 1711
4642 3348
4643 2919
4646 2258
4648 403
4650 4814
4651 5355
4652 820
4653 3924
4655 3734
4657 3070
4658 1087
4659 2553
4660 4961
4661 2251
4662 3639
4663 4116
4664 3033
4665 1150
4671 428
4676 410
4679 1492
4680 1380
4681 1659
4682 5412
4683 5699
4684 5851
4685 572
4686 1502
4690 5294
4691 908
4693 3794
4695 525
4696 851
4697 2130
4698 2130
4699 4644
4700 1004
4701 1557
4702 4438
4703 798
4704 712
4706 3106
4708 3960
4711 2436
4712 2749
4713 4248
4714 1177
4719 5090
4721 3208
4722 798
4723 5149
4725 3650
4726 3490
4727 958
4728 5028
4729 1153
4730 3679
4732 5304
4733 1068
4737 3941
4739 3407
4740 4145
4741 5449
4745 496
4746 1332
4748 3133
4749 1448
4750 4520
4751 1242
4753 5856
4754 1513
4756 509
4757 2970
4759 5229
4760 5730
4762 575
4764 5470
4767 2763
4768 5474
4771 4647
4773 2268
4774 3888
4775 5107
4776 4117
4777 2725
4780 3460
4782 5343
4794 4216
4796 5251
4797 1538
4799 4475
4800 1311
4801 200
4802 3088
4803 5785
4804 2012
4805 5189
4807 1214
4808 5626
4810 2125
4815 2425
4817 5648
4818 2041
4819 684
4820 5929
4822 4534
4824 2521
4825 1711
4826 825
4827 5805
4834 1419
4836 5879
4839 3247
4840 2654
4841 4816
4842 5252
4843 5222
4848 5843
4851 3326
4853 1576
4861 1398
4863 2473
4867 2952
4868 5617
4870 1020
4871 4018
4872 3127
4874 2833
4877 2416
4879 5034
4880 3666
4881 5623
4885 3258
4886 134
4887 4654
4888 5155
4889 1226
4890 5774
4894 4811
4896 5922
4899 838
4900 3592
4904 359
4905 1912
4908 3280
4909 1859
4910 5378
4914 2776
4915 1349
4916 766
4922 4389
4924 293
4925 1078
4927 2357
4928 168
4929 4127
4931 4979
4932 5120
4935 2182
4936 718
4937 3960
4939 5605
4940 2130
4943 2484
4944 2431
4945 2496
4947 1181
4950 1766
4954 5937
4955 2307
4960 3177
4963 1277
4966 3044
4967 183
4968 3459
4970 653
4971 3594
4972 343
4973 2688
4978 5176
4984 401
4987 809
4989 30
4990 5673
4991 3562
4992 3238
4994 5710
4997 1411
4998 2993
4999 253
5000 5785
5006 1124
5009 5272
5011 2071
5012 1177
5014 270
5016 2352
5018 3231
5025 1769
5031 1227
5033 4118
5036 3636
5038 5496
5044 5527
5046 2103
5048 5782
5049 4426
5052 3806
5053 88
5055 4742
5056 1028
5057 4736
5058 4369
5059 76
5066 3995
5067 4765
5072 3720
5074 5788
5076 5641
5080 4018
5081 119
5083 2024
5084 4309
5089 349
5092 715
5093 5341
5094 5909
5096 5017
5100 3733
5102 5135
5125 5752
5681 2574
5749 3090
5896 4639
5967 1002
5968 4672
5969 1835
5970 3914
5971 3441
5972 3755
5973 500
5974 3510
5975 2416
5976 276
5977 718
5978 5309
5979 2948
5980 183
5981 81
5982 3258
5983 1394
5984 2112
5985 4597
5986 5455
5987 1356
5988 3435
5989 4070
5990 5866
5991 5815
5992 3938
5993 5597
5994 5181
5995 5951
5996 2687
5997 5034
5998 3490
5999 750
6000 1128
6001 5817
6002 1822
6003 5734
6004 4675
6005 3741
6006 5433
6007 2357
6008 5530
6009 4952
6010 5178
6011 5959
6012 3102
6013 1198
6014 3712
6015 2655
6016 5252
6017 2037
6018 5682
6019 3419
6020 3706
6021 3563
6022 5099
6023 5643
6024 3645
6025 5452
6026 1859
6027 5015
6028 5164
6029 5276
6030 1683
6031 5122
6032 5794
6033 2063
6034 5540
6035 5853
6036 5050
6037 2473
6038 2307
6039 5424
6040 5047
6041 4319
6042 686
6043 5648
6044 5546
6045 1271
6046 1078
6047 2049
6048 3785
6049 2370
6050 5592
6051 5105
6052 5522
6053 4969
6054 2000
6055 5254
6056 2764
6057 3347
6058 5890
6059 2237
6060 5756
6061 1654
6062 4187
6063 5386
6064 5687
6065 3455
6066 3488
6067 4148
6068 3941
6069 5133
6070 1139
6071 5764
6072 1344
6073 260
6074 5455
6075 2400
6076 2507
6077 409
6078 3500
6079 5812
6080 5517
6081 1109
6082 3652
6083 1749
6084 3650
6085 5867
6086 5589
6087 3823
6088 1859
6089 4587
6090 2761
6091 4002
6092 679
6093 1606
6094 1347
6095 1086
6096 3187
6097 3375
6098 3077
6099 872
6100 2618
6101 4168
6102 4656
6103 5832
6104 5250
6105 4492
6106 5273
6107 5374
6108 5951
6109 972
6110 1332
6111 1708
6112 620
6113 1583
6114 119
6115 208
6116 5952
6117 5490
6118 5700
6119 214
6120 1962
6121 606
6122 4394
6123 1427
6124 2591
6125 3407
6126 329
6127 1036
6128 1717
6129 5017
6130 251
6131 367
6132 5716
6133 2414
6134 4735
6135 427
6136 4425
6137 3806
6138 2279
6139 2024
6140 3127
6141 3989
6142 5723
6143 5189
6144 736
6145 4921
6146 2125
6147 3753
6148 5732
6149 5574
6150 65
6151 3371
6152 5773
6153 2279
6154 3139
6155 4670
6156 1174
6157 3100
6158 2890
6159 119
6160 1769
6161 256
6162 3184
6163 4090
6164 5487
6165 245
6166 4397
6167 4489
6168 5690
6169 5160
6170 4141
6171 5897
6172 5868
6173 4923
6174 3440
6175 3411
6176 227
6177 198
6178 5766
6179 5082
6180 1198
6181 5695
6182 5779
6183 1830
6184 5534
6185 2990
6186 4913
6187 757
6188 4348
6189 4127
6190 4346
6191 2679
6192 3484
6193 444
6194 1175
6195 1087
6196 1177
6197 3162
6198 3484
6199 3130
6200 175
6201 5757
6202 1548
6203 2182
6204 4873
6205 3493
6206 3033
6207 5497
6208 630
6209 4007
6210 4766
6211 4673
6212 4579
6213 4743
6214 5233
6215 4554
6216 4934
6217 1979
6218 4179
6219 2303
6220 5021
6221 2507
6222 3274
6223 5400
6224 4021
6225 2556
6226 1612
6227 795
6228 3302
6229 400
6230 5672
6231 937
6232 48
6233 1940
6234 1916
6235 3162
6236 1307
6237 5877
6238 1803
6239 5209
6240 620
6241 5079
6242 910
6243 4689
6244 1870
6245 805
6246 809
6247 5108
6248 132
6249 4503
6250 5898
6251 2206
6252 1540
6253 4329
6254 5579
6255 965
6256 4674
6257 492
6258 509
6259 4667
6260 1217
6261 2633
6262 427
6263 5208
6264 1772
6265 358
6266 5372
6267 4573
6268 2908
6269 1305
6270 5129
6271 5714
6272 4918
6273 457
6274 3178
6275 3402
6276 5156
6277 5762
6278 4143
6279 2776
6280 5848
6281 296
6282 1098
6283 4349
6284 4568
6285 1468
6286 5666
6287 4596
6288 3190
6289 3942
6290 1466
6291 4348
6292 1784
6293 4865
6294 4788
6295 1821
6296 5755
6297 660
6298 4143
6299 5829
6300 2989
6301 5765
6302 418
6303 428
6304 221
6305 871
6306 4957
6307 5312
6308 2635
6309 5473
6310 3543
6311 2182
6312 3316
6313 4141
6314 5757
6315 4884
6316 1371
6317 239
6318 4763
6319 1528
6320 3432
6321 716
6322 2895
6323 1866
6324 1092
6325 4400
6326 5725
6327 5106
6328 4179
6329 2579
6330 5523
6331 1915
6332 2000
6333 5196
6334 2741
6335 1167
6336 325
6337 18
6338 1480
6339 5823
6340 5477
6341 4504
6342 4205
6343 4584
6344 4002
6345 5502
6346 2579
6347 5211
6348 718
6349 1600
6350 5692
6351 3569
6352 3498
6353 705
6354 3306
6355 1601
6356 425
6357 1621
6358 3063
6359 2746
6360 1088
6361 1994
6362 4687
6363 3044
6364 3072
6365 835
6366 3214
6367 3235
6368 5245
6369 1088
6370 3561
6371 3064
6372 0
6373 5269
6374 5240
6375 479
6376 2655
6377 5177
6378 4718
6379 117
6380 1084
6381 337
6382 1867
6383 589
6384 3295
6385 5845
6386 4911
6387 104
6388 4918
6389 738
6390 3666
6391 786
6392 4392
6393 2133
6394 2693
6395 2930
6396 3004
6397 5915
6398 5787
6399 4360
6400 4829
6401 296
6402 2147
6403 3175
6404 4531
6405 2133
6406 5861
6407 3172
6408 4243
6409 5541
6410 3657
6411 5444
6412 119
6413 3100
6414 1637
6415 189
6416 5456
6417 3917
6418 5611
6419 5586
6420 4666
6421 2407
6422 5027
6423 805
6424 4349
6425 4517
6426 5085
6427 5644
6428 1932
6429 4510
6430 5381
6431 3043
6432 431
6433 530
6434 1248
6435 1636
6436 5745
6437 4201
6438 2072
6439 5143
6440 2735
6441 5324
6442 972
6443 4042
6444 3379
6445 4438
6446 1328
6447 3430
6448 5778
6449 5790
6450 4982
6451 5344
6452 4307
6453 3624
6454 1366
6455 2841
6456 5332
6457 5042
6458 5719
6459 1033
6460 1502
6461 4217
6462 4450
6463 3741
6464 3457
6465 2242
6466 1856
6467 3623
6468 1027
6469 3585
6470 5202
6471 2935
6472 1702
6473 5926
6474 2285
6475 3321
6476 49
6477 5108
6478 205
6479 1132
6480 4067
6481 1409
6482 5464
6483 5615
6484 5132
6485 5769
6486 1275
6487 5778
6488 4147
6489 2161
6490 1712
6491 1069
6492 27
6493 2488
6494 3563
6495 1989
6496 2538
6497 2862
6498 1137
6499 2257
6500 5381
6501 2647
6502 1328
6503 3365
6504 292
6505 1687
6506 2635
6507 1513
6508 527
6509 4476
6510 2509
6511 5720
6512 4731
6513 2033
6514 1513
6515 132
6516 3099
6517 5320
6518 4372
6519 4120
6520 3027
6521 1830
6522 5062
6523 5608
6524 972
6525 1256
6526 5271
6527 5385
6528 5912
6529 5384
6530 5196
6531 4906
6532 4427
6533 850
6534 5133
6535 601
6536 5242
6537 229
6538 3498
6539 5787
6540 1027
6541 1717
6542 2691
6543 2101
6544 5032
6545 5842
6546 4127
6547 1992
6548 5516
6549 4781
6550 2924
6551 5141
6552 307
6553 1728
6554 79
6555 3496
6556 5460
6557 1092
6558 1827
6559 1351
6560 4429
6561 4119
6562 5271
6563 2433
6564 2810
6565 5524
6566 5337
6567 5241
6568 1029
6569 2595
6570 143
6571 3699
6572 400
6573 1786
6574 4142
6575 2094
6576 156
6577 5643
6578 3741
6579 449
6580 3455
6581 2804
6582 1321
6583 5099
6584 564
6585 4835
6586 5394
6587 303
6588 5738
6589 96
6590 3734
6591 4720
6592 1214
6593 4199
6594 74
6595 2794
6596 1365
6597 5826
6598 1079
6599 2641
6600 111
6601 4201
6602 2504
6603 2121
6604 5519
6605 2784
6606 1411
6607 1641
6608 1914
6609 505
6610 3080
6611 5737
6612 5719
6613 1282
6614 3924
6615 5120
6616 5008
6617 1000
6618 1433
6619 111
6620 3778
6621 2521
6622 5659
6623 3972
6624 1645
6625 4758
6626 1397
6627 4308
6628 4308
6629 5010
6630 5037
6631 2319
6632 3490
6633 1458
6634 1268
6635 563
6636 5535
6637 1112
6638 2193
6639 2842
6640 4996
6641 1390
6642 5124
6643 4854
6644 4528
6645 1769
6646 5827
6647 706
6648 2570
6649 5322
6650 5730
6651 895
6652 4481
6653 3923
6654 5688
6655 5692
6656 4923
6657 5261
6658 74
6659 1769
6660 4078
6661 854
6662 4975
6663 5673
6664 1323
6665 5070
6666 3061
6667 5206
6668 5511
6669 1402
6670 2595
6671 5547
6672 3214
6673 4149
6674 3731
6675 2797
6676 5962
6677 5054
6678 3437
6679 5171
6680 3103
6681 5964
6682 1421
6683 732
6684 2863
6685 5654
6686 5812
6687 3500
6688 401
6689 3702
6690 1579
6691 828
6692 1448
6693 4784
6694 1551
6695 3190
6696 2931
6697 4314
6698 5851
6699 4385
6700 5439
6701 2121
6702 1706
6703 2025
6704 4654
6705 5499
6706 718
6707 4598
6708 469
6709 60
6710 125
6711 5028
6712 5278
6713 5236
6714 492
6715 5586
6716 4530
6717 2370
6718 1048
6719 2046
6720 1992
6721 5472
6722 4462
6723 427
6724 4490
6725 2952
6726 5622
6727 2189
6728 398
6729 1314
6730 401
6731 5931
6732 4705
6733 5768
6734 4505
6735 5021
6736 5376
6737 5042
6738 840
6739 673
6740 5236
6741 5258
6742 1459
6743 2072
6744 4958
6745 5434
6746 5807
6747 5346
6748 4478
6749 2492
6750 1802
6751 5470
6752 3385
6753 1941
6754 3833
6755 1706
6756 4328
6757 3675
6758 3208
6759 5311
6760 5085
6761 359
6762 5801
6763 1992
6764 4720
6765 219
6766 1952
6767 3342
6768 4786
6769 1242
6770 5224
6771 5759
6772 5122
6773 5060
6774 5329
6775 1600
6776 4860
6777 5479
6778 4137
6779 1880
6780 2060
6781 4153
6782 3103
6783 5809
6784 2258
6785 4238
6786 5451
6787 4409
6788 2565
6789 4192
6790 5127
6791 5263
6792 504
6793 1175
6794 2993
6795 5801
6796 410
6797 2151
6798 114
6799 4172
6800 5633
6801 479
6802 4903
6803 5185
6804 5481
6805 2151
6806 4710
6807 693
6808 4918
6809 5667
6810 5273
6811 3211
6812 3866
6813 972
6814 5833
6815 4783
6816 1856
6817 343
6818 1636
6819 4814
6820 5098
6821 5356
6822 4599
6823 4869
6824 5411
6825 5768
6826 1659
6827 3326
6828 1151
6829 4438
6830 5735
6831 4520
6832 1940
6833 2434
6834 1866
6835 2021
6836 3563
6837 5629
6838 2667
6839 1763
6840 392
6841 990
6842 5299
6843 5484
6844 1066
6845 4135
6846 5813
6847 3442
6848 1512
6849 116
6850 2504
6851 1477
6852 2060
6853 5607
6854 4567
6855 4310
6856 433
6857 2137
6858 2147
6859 5030
6860 5177
6861 3493
6862 5453
6863 4502
6864 5427
6865 898
6866 452
6867 2147
6868 4263
6869 4215
6870 5314
6871 2954
6872 4623
6873 5521
6874 3933
6875 3840
6876 5071
6877 2180
6878 198
6879 5502
6880 5532
6881 5646
6882 919
6883 4897
6884 324
6885 5107
6886 724
6887 552
6888 408
6889 4982
6890 5741
6891 2436
6892 1702
6893 855
6894 4034
6895 5634
6896 181
6897 3335
6898 895
6899 2352
6900 5754
6901 2570
6902 5875
6903 5516
6904 216
6905 15
6906 539
6907 3291
6908 2013
6909 1128
6910 1419
6911 3455
6912 5660
6913 3584
6914 4503
6915 5717
6916 5290
6917 4864
6918 658
6919 4921
6920 5390
6921 190
6922 3075
6923 879
6924 3711
6925 3221
6926 1347
6927 2546
6928 5929
6929 4072
6930 3912
6931 586
6932 1864
6933 4625
6934 4596
6935 3238
6936 4790
6937 638
6938 3513
6939 5227
6940 5638
6941 3713
6942 4081
6943 319
6944 5599
6945 5447
6946 5463
6947 1167
6948 1635
6949 4533
6950 3258
6951 1290
6952 2844
6953 1006
6954 343
6955 3174
6956 1493
6957 5863
6958 2897
6959 2721
6960 918
6961 766
6962 3873
6963 1573
6964 2426
6965 1184
6966 3005
6967 4127
6968 4631
6969 3677
6970 3755
6971 2618
6972 1332
6973 333
6974 843
6975 1685
6976 4948
6977 3753
6978 5917
6979 4348
6980 4248
6981 2820
6982 5937
6983 2025
6984 5240
6985 187
6986 3699
6987 1538
6988 808
6989 2094
6990 5493
6991 4192
6992 3533
6993 5638
6994 3685
6995 5241
6996 4806
6997 4032
6998 1297
6999 3305
7000 2147
7001 5701
7002 1780
7003 117
7004 5808
7005 738
7006 5507
7007 1191
7008 5958
7009 2853
7010 5226
7011 400
7012 1579
7013 705
7014 1524
7015 5643
7016 3367
7017 3172
7018 4854
7019 4779
7020 2553
7021 4510
7022 4419
7023 3764
7024 457
7025 4348
7026 2557
7027 5734
7028 5283
7029 3650
7030 2887
7031 5585
7032 5542
7033 5194
7034 586
7035 4633
7036 2854
7037 1827
7038 1411
7039 2124
7040 5739
7041 5910
7042 4284
7043 506
7044 1769
7045 4180
7046 347
