4766 49
763 21
821 24
4907 5
3857 9
6077 30
6283 15
6304 3
6270 29
6232 18
168 30
6377 13
5763 34
4057 18
6338 3
928 21
691 32
362 12
6183 15
1279 8
6231 15
2121 1
3837 41
6277 49
3035 9
5794 8
6123 8
4409 16
5999 0
6014 24
5950 1
3361 3
2020 31
2614 42
5260 1
6280 16
5963 4
6409 19
4487 49
6336 5
5390 16
6219 0
5841 16
6268 16
6179 1
6271 16
2663 34
4580 9
5519 21
5299 9
6263 13
422 43
2703 45
6340 27
5086 8
5929 28
1030 32
6066 7
6379 16
2743 7
3737 14
6339 13
663 22
4732 29
2972 22
6319 13
6149 22
738 0
3841 7
6067 15
6376 7
2770 14
6154 10
6039 16
1963 0
5756 4
1879 27
6094 13
4246 54
5114 3
6405 7
3316 10
3533 42
6294 16
2101 45
6165 7
2808 42
6218 29
3155 22
3901 5
1385 23
5806 33
5119 6
2830 45
6266 15
6300 22
2502 22
1057 36
6144 3
6327 5
6406 8
5533 6
6215 15
6100 13
5088 21
3490 39
1784 36
6202 25
2047 35
4425 34
1614 27
2638 17
4158 13
6368 9
6257 13
3933 8
3772 42
613 33
1171 35
3526 7
2146 21
5972 13
3808 24
2335 45
1725 32
6021 16
3688 1
1010 24
1453 41
6112 16
4160 4
2176 41
6407 8
6033 5
6054 15
6296 42
6360 3
4714 16
6226 15
6297 22
2438 13
2450 27
6128 41
480 27
1486 8
6186 19
1817 13
5537 32
2659 4
4232 8
5633 34
475 25
6239 22
5983 13
5075 47
5974 13
6237 6
1276 4
2458 13
4942 42
5097 35
2920 8
5604 22
2977 8
5140 12
6134 15
5069 35
5531 30
1338 26
2853 45
2435 24
6074 15
5968 13
2739 32
1206 3
4443 7
5969 13
908 27
67 13
5981 24
5651 16
6328 15
5214 5
6216 27
1626 21
6364 8
6355 13
3543 12
1587 35
6287 7
6070 31
6161 7
5986 48
6366 23
6106 13
343 34
158 49
1601 49
6045 8
784 32
4412 30
6155 4
3183 24
6248 8
5797 18
6288 16
3579 5
5982 15
3551 42
4036 7
97 27
6158 8
6087 0
5979 16
5591 29
1866 25
4484 35
3576 32
6276 18
4687 32
4746 47
4122 18
982 21
6000 47
3408 27
6428 16
5992 4
6201 26
5000 22
1448 23
934 27
5362 34
1544 12
4267 32
4827 2
4894 54
6137 45
3386 6
2604 5
1395 51
6142 15
5369 10
5856 4
3927 32
5129 21
6120 8
578 18
6181 13
6260 16
6005 19
5933 8
5618 18
1864 13
2263 32
3563 12
5448 34
6012 2
1769 29
5894 13
4761 30
6030 15
5328 32
5920 16
6146 16
5601 27
2937 13
5380 7
549 15
5121 17
5911 46
6378 42
5645 15
3531 23
5781 5
4426 45
6043 13
3963 6
3548 42
6157 19
2597 32
6329 12
6098 16
4074 37
3825 3
4142 5
4464 16
4812 40
6178 16
4095 41
6381 8
116 44
6301 1
5284 19
1655 31
6156 49
5811 24
6425 0
6092 38
6398 29
5962 19
1871 47
4875 37
2443 27
6404 16
2085 9
6419 41
6269 8
6322 13
2692 21
1786 10
6160 13
6071 14
6236 16
6267 13
1098 34
4035 39
6184 36
6020 16
703 8
3311 29
2270 12
6061 20
5211 31
2456 21
5037 7
1821 48
3913 22
3810 45
430 7
5505 24
3834 29
3964 8
3281 22
5903 18
5653 5
5350 46
234 15
6189 10
537 16
6402 9
6096 32
3052 19
2411 8
2949 17
3589 32
3492 24
5907 23
4928 22
998 19
6286 15
6333 25
6331 4
4174 8
3464 15
3092 35
802 28
2841 13
5965 9
6353 8
6427 16
5554 15
887 18
4337 12
4699 23
3538 31
2359 42
6150 16
2317 24
2160 33
5821 19
6372 3
4465 42
3959 41
6031 5
3776 22
3660 0
72 7
5964 5
4354 26
6313 27
6290 13
0 4135
1 2760
2 2718
3 3990
4 4358
7 5554
8 3543
9 2494
11 5776
13 5862
14 3697
15 3686
17 6307
18 2857
19 1180
20 2477
24 6390
28 2043
29 3662
30 6091
33 2217
34 2600
36 6422
37 1388
39 4903
40 2331
41 335
42 1009
45 5441
46 2863
47 4579
50 3561
51 4035
56 5028
61 1334
63 4027
66 5611
68 181
69 12
71 3721
74 5823
77 2477
78 6404
79 4512
82 1057
83 868
87 600
88 3299
89 6335
91 1064
93 3407
95 2606
96 5015
98 5975
100 6074
104 1163
105 5177
108 6187
110 3021
114 6084
118 4974
119 2952
121 3981
123 2209
124 245
125 6443
126 3486
127 250
129 6257
135 2249
138 2038
140 780
141 1370
142 3725
144 5136
145 3831
146 2852
148 4732
149 3628
150 60
151 5078
152 6437
153 4761
154 1709
155 4157
156 4134
159 3408
160 2915
161 4095
162 970
163 31
164 6153
167 1518
170 216
171 3066
172 475
174 4720
175 4789
176 2268
178 2679
179 5236
182 2258
183 5136
184 5995
186 1380
187 5685
188 3175
194 1943
195 6140
196 6233
197 2090
198 209
201 5572
202 1748
203 4605
206 4161
207 1920
208 6312
210 5285
213 6240
217 3875
218 868
220 3843
221 4443
222 6271
223 5214
225 4761
226 1815
228 4020
230 2656
235 3359
241 6163
242 2275
248 5090
249 2162
253 6166
257 6168
258 6171
261 4950
262 2522
263 418
265 1316
266 6305
268 1887
270 6444
274 5687
278 6432
280 6010
283 5189
285 4912
286 5034
287 757
288 6232
291 2163
292 3772
293 5839
295 52
296 2364
298 480
299 4848
302 5035
308 6322
309 3841
310 809
312 6117
314 1634
317 6377
318 5976
320 1503
321 5690
322 780
326 6150
329 200
331 3323
332 2743
333 5344
340 3157
341 307
344 1090
345 6086
347 2343
350 2675
351 6292
352 2499
353 58
356 453
358 4346
363 1290
364 948
365 951
369 4922
370 6368
371 1003
374 1557
376 6434
377 2695
378 4004
379 2376
380 5244
382 3227
383 2395
384 5224
385 1398
386 1122
389 513
390 6021
391 2008
393 6211
394 1284
395 4271
396 724
397 3280
398 3654
399 35
400 2562
401 5907
405 5970
408 4707
410 5826
411 3579
412 5933
413 2541
414 234
417 908
419 1557
420 3646
421 1640
423 3400
424 3588
426 4569
429 1954
432 3666
433 6258
434 3158
435 6184
436 1443
438 3121
440 3145
442 3837
443 5823
444 828
445 979
446 2066
447 882
448 4224
450 92
451 5924
454 10
458 1587
459 3579
460 1424
463 3703
466 2816
467 5619
470 6222
473 6171
474 5830
476 6134
477 1721
478 6324
482 1939
484 5743
485 6185
486 3145
488 580
489 6266
490 6038
491 2830
492 5391
493 6251
494 4981
495 1735
497 691
498 4311
500 343
502 99
503 2711
504 43
507 2438
508 1017
511 600
512 836
514 53
515 2492
516 6014
517 3411
518 1833
519 5201
522 1782
523 5700
525 3538
526 6131
527 3215
529 2777
531 1866
532 6400
533 695
534 4922
535 2107
536 5921
538 3701
542 6390
543 794
544 1050
545 2008
550 3341
551 3302
553 809
555 1468
557 3113
559 4942
560 5725
561 588
562 6126
563 2182
564 5224
565 5780
566 31
568 43
571 3153
574 4567
575 4510
577 224
579 5916
582 6203
583 6356
585 6016
587 2590
590 1304
592 4039
593 1197
594 468
595 1192
598 4020
601 3901
602 6419
603 3678
605 2885
606 4517
609 572
610 2597
612 2233
614 4584
615 5979
616 2414
617 931
618 6005
619 5087
622 23
624 5826
625 951
626 65
627 139
628 106
629 5319
633 115
635 2835
636 6058
637 232
638 102
640 4988
642 4372
643 107
645 3826
646 5197
647 5583
648 1347
650 2667
651 641
652 1139
658 655
660 1580
662 2373
664 2751
665 97
666 2805
667 4476
668 5431
671 2156
674 2851
678 5388
679 5954
680 53
682 6104
683 3844
684 6129
685 4025
686 910
692 3655
693 1025
694 877
696 1716
699 5745
702 5519
704 3887
707 130
708 2609
709 5763
712 5151
713 6093
717 2319
719 1368
720 3177
721 4354
723 3347
725 1297
726 2862
728 5211
729 5219
732 3968
733 2686
734 2090
735 2358
737 2938
739 851
740 6295
741 3813
745 1122
746 4579
747 5991
748 2865
749 3974
751 5669
752 2306
753 1041
756 2968
758 2654
759 5410
760 6235
761 6261
762 4153
764 6026
765 103
767 2805
770 5491
771 1338
774 4231
776 2461
777 6042
778 3464
779 5411
781 4305
782 5309
783 2019
785 3005
788 5526
789 2054
790 3547
792 3884
793 513
795 3235
798 1767
799 2963
804 5994
806 367
807 5924
808 6169
811 6062
812 993
813 4305
814 878
816 441
817 769
818 910
819 4646
820 6399
822 5944
823 2058
824 4744
825 6252
826 1783
827 6061
829 6121
830 581
833 4625
834 1528
835 1912
837 1448
841 5924
845 5600
846 6415
848 5767
849 6317
853 1525
856 2720
857 5894
859 1840
860 5000
861 6019
862 5995
864 6069
865 5563
866 1270
869 5864
871 5468
872 6400
873 6387
879 2778
883 2500
886 6332
888 769
891 4599
893 4188
894 2404
896 2803
897 6028
901 1170
904 2806
905 2722
906 4471
907 1763
911 1853
912 2178
913 4125
914 6083
915 5171
917 714
919 5970
920 335
921 2269
922 2431
923 6282
925 4028
926 23
929 3959
933 5571
938 5937
939 3802
940 5738
941 6422
942 4429
943 1623
944 1281
945 3341
946 1343
949 1758
954 673
955 4316
959 3957
960 6311
961 547
963 1171
966 3354
967 1852
968 2189
971 2107
972 5686
973 3526
974 5585
977 402
978 3923
980 644
981 97
983 1349
985 5431
986 2623
987 998
988 49
989 3952
991 157
992 1566
994 4317
995 3923
997 2043
1004 6371
1007 4333
1008 6085
1011 1118
1013 1483
1014 887
1018 3183
1019 4855
1022 1294
1023 3776
1026 1064
1029 3978
1031 3479
1033 6117
1034 6339
1036 357
1039 4746
1042 1752
1043 731
1044 3214
1046 5863
1047 1844
1048 3039
1049 2151
1052 5192
1054 5174
1055 6233
1060 2494
1061 4838
1062 6376
1063 6222
1066 4407
1068 1961
1069 381
1071 2889
1072 552
1073 209
1075 1752
1077 6448
1080 4062
1082 3557
1083 392
1084 5780
1086 2331
1088 2990
1089 4941
1091 786
1092 6176
1093 3058
1094 5244
1097 462
1099 5514
1100 26
1101 6198
1103 103
1105 6291
1106 539
1108 5626
1110 773
1111 2078
1112 2415
1113 5035
1115 1016
1116 5238
1117 4511
1119 1815
1120 6416
1121 5894
1123 1661
1125 3733
1126 2973
1129 1927
1130 94
1132 3656
1133 6183
1138 1020
1140 52
1142 6312
1144 5971
1145 1979
1146 4501
1147 3326
1148 1848
1149 231
1154 2205
1155 695
1156 4487
1161 6194
1162 847
1165 2771
1166 185
1167 3062
1168 784
1169 1721
1176 2069
1177 1396
1178 1087
1182 2817
1185 999
1189 4091
1191 3844
1193 1659
1195 6112
1196 6074
1199 6232
1200 1187
1201 6021
1204 850
1205 4027
1208 1268
1210 6132
1212 714
1214 3172
1215 5952
1216 1805
1218 2031
1220 4018
1223 1078
1224 5557
1226 6052
1232 6356
1234 5732
1236 5200
1237 5246
1238 5633
1239 5228
1240 6265
1241 3089
1242 5214
1243 3518
1244 2994
1246 4245
1247 6147
1248 6175
1250 1963
1252 4105
1253 2346
1255 2161
1256 5407
1257 6170
1258 427
1259 5026
1260 1808
1261 2130
1262 269
1263 5506
1265 6074
1269 2224
1272 5004
1273 2103
1274 192
1277 5616
1280 2308
1282 2694
1283 5399
1285 2636
1286 2020
1287 3398
1288 2749
1291 192
1292 5596
1295 157
1296 6383
1301 304
1302 520
1303 775
1306 2622
1307 3440
1308 1209
1309 456
1310 2727
1313 4809
1317 2297
1318 6129
1319 1710
1321 2127
1322 6353
1323 2103
1328 1760
1330 505
1331 5991
1332 1492
1333 307
1335 3753
1337 6212
1339 2751
1340 2672
1341 4466
1342 2162
1345 4407
1346 3323
1350 3347
1352 3712
1353 5862
1354 5059
1355 2546
1357 669
1358 3321
1360 4965
1361 930
1362 2900
1364 854
1365 1064
1366 2408
1369 2654
1372 5933
1373 3877
1374 5687
1378 35
1381 5606
1382 3606
1383 6362
1384 4104
1386 55
1389 2636
1391 6084
1392 6154
1393 2127
1394 1387
1399 2885
1401 2172
1404 107
1406 1701
1407 2475
1408 6226
1409 1772
1411 4090
1412 6256
1413 1254
1416 4611
1417 6398
1418 5140
1419 4312
1421 2088
1422 107
1423 12
1426 644
1428 2054
1429 431
1431 918
1432 6355
1433 1492
1435 5745
1436 6175
1437 1397
1438 1312
1440 2100
1441 4734
1442 4225
1447 5032
1449 3244
1450 5329
1452 6062
1456 406
1457 3775
1458 1058
1459 462
1460 273
1461 934
1462 4331
1469 5766
1470 1786
1471 2659
1472 6274
1474 3815
1476 6180
1477 3615
1478 1644
1479 4884
1480 2851
1482 4979
1484 259
1487 5214
1488 64
1490 4742
1493 1160
1495 21
1496 2128
1497 3497
1498 1141
1499 599
1500 2521
1501 4865
1504 1772
1506 836
1507 1737
1510 931
1513 12
1517 6316
1519 2480
1520 999
1522 3262
1526 4605
1527 1711
1529 204
1530 947
1531 5493
1532 908
1534 1786
1537 6029
1538 4008
1539 6403
1540 5791
1541 5362
1542 6136
1543 870
1545 3701
1546 2850
1547 4988
1549 6355
1552 510
1556 5993
1560 4761
1562 5929
1563 6154
1564 597
1565 6390
1568 2410
1569 2893
1570 4474
1571 5000
1572 6356
1574 5672
1575 316
1576 1698
1581 4543
1584 2692
1585 2084
1589 1600
1590 4222
1592 5990
1593 2431
1594 5685
1595 6237
1597 6083
1598 5978
1599 2049
1602 4830
1604 3153
1605 5433
1606 2085
1608 718
1609 506
1613 5975
1615 1275
1616 3604
1617 3538
1618 2247
1620 5800
1621 6291
1622 6179
1627 1854
1629 1515
1631 4838
1632 6336
1633 993
1636 1536
1639 3936
1641 5212
1642 106
1643 6190
1645 6194
1646 354
1647 706
1649 2818
1650 2014
1651 6125
1652 953
1654 6150
1660 5903
1662 5171
1663 5316
1664 3981
1665 6251
1666 623
1667 2676
1668 1264
1669 1678
1672 3000
1673 6063
1674 5763
1675 1625
1677 6290
1679 2348
1680 346
1681 4674
1684 4912
1686 4056
1687 1780
1688 4739
1690 1725
1691 5927
1692 2411
1693 3255
1694 6132
1695 3153
1696 4852
1700 5189
1703 2383
1704 2156
1705 5842
1707 3649
1708 843
1712 2954
1713 2999
1718 5142
1720 6049
1722 5386
1723 1635
1724 6071
1726 337
1727 2229
1728 5342
1729 3171
1730 2651
1731 4792
1733 5599
1734 3660
1736 2606
1739 2039
1744 1511
1745 935
1749 5433
1750 5615
1753 4161
1754 2176
1755 5777
1759 6118
1761 6332
1762 5095
1764 4450
1768 323
1770 4876
1771 5428
1773 6361
1774 5386
1775 5806
1776 2760
1777 1600
1778 5968
1779 5970
1785 1464
1787 541
1790 6338
1791 6319
1792 5569
1793 2711
1794 600
1795 524
1796 5208
1797 653
1798 1948
1800 6255
1801 2687
1807 6374
1809 5341
1810 4844
1811 2952
1812 4564
1813 6071
1814 5595
1816 6408
1819 6018
1820 2471
1822 1903
1823 5355
1824 5250
1825 5957
1826 6197
1827 5388
1829 6164
1830 367
1832 3901
1837 4890
1838 877
1839 1114
1841 2589
1842 2982
1843 388
1845 4944
1847 1150
1851 5543
1855 1001
1857 4682
1858 3238
1860 5943
1861 4038
1862 122
1863 4363
1865 21
1868 6133
1869 2588
1872 5766
1873 2604
1874 6191
1875 5914
1880 3560
1881 3140
1882 81
1883 464
1884 2378
1886 5681
1891 3035
1892 5960
1894 2725
1895 6094
1896 2014
1897 2190
1899 315
1900 2590
1901 5493
1902 1267
1904 2214
1905 1368
1906 404
1907 4648
1908 3298
1909 3547
1910 2414
1913 3928
1916 5689
1917 743
1918 5658
1919 6330
1921 3435
1922 5528
1924 4004
1925 4386
1928 6432
1929 1518
1930 3594
1931 1074
1933 5569
1934 5295
1935 3714
1936 1889
1938 6011
1942 2810
1944 269
1945 4264
1946 4946
1947 584
1949 673
1952 6162
1953 4884
1955 5974
1957 6277
1959 1533
1960 2199
1962 86
1964 4732
1965 5590
1966 1876
1967 2543
1969 65
1970 5973
1972 5676
1973 5875
1975 4892
1976 1671
1978 1336
1980 2817
1981 1141
1982 2033
1983 1738
1984 1367
1985 2895
1986 4838
1987 1877
1988 6398
1989 4679
1991 2102
1993 1671
1994 1454
1995 4912
1996 6140
1997 5009
1998 4020
1999 1817
2002 4835
2003 4985
2004 4232
2006 211
2007 4412
2009 3863
2010 5718
2012 3709
2013 2458
2015 5409
2016 3623
2017 4401
2018 6049
2021 3183
2023 3498
2025 5883
2026 282
2027 6349
2028 6422
2029 1657
2030 1717
2032 5558
2034 1756
2036 3787
2044 5419
2045 2533
2046 3921
2048 3945
2052 3990
2055 1878
2056 2711
2057 1536
2059 2090
2061 4902
2062 6195
2063 6160
2064 173
2065 6298
2067 5037
2068 6408
2070 5676
2071 5738
2072 5481
2073 1334
2074 1157
2075 111
2076 102
2077 3626
2080 2654
2081 6333
2082 876
2083 3215
2086 480
2087 2437
2089 1710
2091 3602
2092 6339
2095 4950
2097 4674
2099 656
2104 1067
2105 4806
2106 569
2108 5260
2110 26
2111 5841
2113 3927
2114 2109
2115 6429
2116 6223
2117 75
2118 3242
2120 540
2122 3066
2123 631
2124 3155
2126 4510
2129 5094
2131 2206
2132 5160
2133 2736
2135 6048
2137 1347
2138 3354
2140 1349
2141 3938
2142 5998
2143 5109
2144 930
2145 3575
2149 3838
2150 3380
2152 2691
2153 5192
2155 4035
2157 2763
2158 4941
2159 6130
2164 4105
2165 6194
2170 1109
2171 4516
2173 4898
2174 1611
2175 227
2177 962
2179 1379
2181 2625
2186 2011
2187 5587
2188 528
2191 1709
2194 5052
2196 4938
2197 6350
2198 128
2200 6046
2201 5546
2202 3033
2203 3232
2204 4479
2210 4427
2212 5166
2215 932
2216 4245
2219 3921
2220 5139
2222 1577
2223 4415
2225 6146
2226 3533
2228 361
2230 6405
2232 76
2234 276
2237 4415
2239 4630
2240 6102
2242 4128
2244 4687
2246 1834
2248 2408
2250 4827
2252 6165
2253 1158
2254 3666
2255 6360
2256 22
2259 5482
2260 3370
2261 4923
2262 3113
2264 2317
2265 5007
2266 6371
2267 1375
2271 6079
2272 6179
2273 3206
2274 2735
2276 4862
2278 5911
2279 6213
2280 1211
2281 102
2282 3871
2284 3140
2285 2858
2286 6112
2287 4564
2288 4709
2290 2291
2293 6162
2295 5949
2296 5180
2298 4585
2299 1170
2301 2213
2304 5129
2305 6223
2307 2914
2309 6019
2310 5385
2311 6313
2312 211
2316 5690
2318 1683
2321 3588
2322 1245
2323 6336
2326 6385
2327 6343
2329 5505
2330 1076
2333 2247
2336 2269
2337 1136
2338 3090
2339 6186
2340 5919
2344 957
2345 5390
2347 2610
2349 1067
2350 6126
2351 3523
2353 4384
2356 5013
2357 5767
2360 1074
2361 2596
2362 3359
2363 6412
2367 2803
2368 821
2369 6242
2371 6246
2372 5870
2374 2729
2375 4311
2377 1533
2379 3616
2380 3518
2381 5943
2382 1245
2384 4161
2385 976
2386 3021
2388 5389
2389 6430
2390 3132
2391 4926
2393 6434
2397 3434
2398 5899
2399 4739
2400 965
2402 6450
2403 2505
2405 2850
2406 718
2407 1940
2409 6390
2412 5914
2413 3574
2416 1610
2417 591
2418 5250
2419 1596
2420 6066
2421 234
2422 6368
2423 6258
2424 6450
2425 5875
2427 1010
2428 284
2429 4693
2430 1751
2432 556
2436 1363
2439 1740
2441 5032
2442 3398
2444 5009
2445 4399
2446 757
2447 6303
2448 842
2449 850
2451 6107
2452 1821
2453 4372
2454 6360
2457 2715
2459 6241
2463 801
2464 5116
2465 5143
2466 838
2467 1175
2468 2112
2469 6230
2470 6046
2472 200
2473 1405
2474 1229
2476 94
2481 5328
2483 3688
2485 936
2487 158
2488 2893
2489 4004
2490 239
2491 6247
2493 5797
2495 4328
2496 6382
2498 3687
2501 4316
2503 6141
2504 1741
2507 2741
2508 6026
2509 1304
2510 3335
2511 4128
2512 431
2513 137
2514 439
2515 5585
2516 5229
2519 190
2520 3612
2524 4884
2525 4950
2526 975
2527 3618
2528 106
2530 1698
2531 5468
2532 131
2536 3913
2537 3328
2538 6064
2539 653
2540 3361
2542 5246
2544 4553
2545 6264
2547 1683
2548 6163
2549 4656
2550 4707
2551 3063
2552 3518
2553 6350
2554 5997
2556 4227
2557 5193
2559 1118
2560 4340
2561 2663
2565 5780
2566 2932
2568 6099
2571 3927
2572 1329
2573 4541
2574 2031
2575 1002
2576 2886
2577 3871
2578 755
2579 878
2580 6307
2582 6413
2583 613
2585 6229
2586 3277
2587 464
2591 4674
2592 1434
2593 5161
2598 6276
2601 2949
2602 3323
2605 5494
2607 4087
2611 3058
2612 6396
2613 6164
2615 2651
2616 2127
2619 5564
2620 2916
2621 3921
2624 267
2626 6071
2628 5743
2629 6201
2632 5604
2634 3581
2639 5767
2640 3130
2641 3157
2642 6389
2643 1050
2644 1610
2645 5236
2647 898
2650 2841
2652 4474
2653 6397
2655 1375
2657 6337
2658 6068
2660 1588
2661 4474
2662 3145
2664 5143
2665 4761
2669 4205
2673 4312
2674 1371
2677 6216
2678 3999
2680 3913
2681 1765
2683 480
2684 4580
2685 6013
2689 4112
2690 2332
2696 2581
2698 2948
2699 5050
2700 1326
2701 297
2702 5565
2704 6000
2705 5114
2706 1299
2707 1359
2708 5499
2709 306
2710 6143
2712 6385
2713 1455
2716 4553
2717 4787
2719 224
2721 5907
2726 4224
2730 4928
2731 168
2732 5037
2733 3998
2734 3825
2737 2331
2738 842
2740 1402
2744 2314
2745 4087
2746 1783
2748 6227
2750 639
2752 1134
2753 3581
2754 2324
2756 2387
2757 6272
2758 4087
2759 5944
2761 3538
2762 231
2764 1268
2769 6289
2773 6241
2774 5201
2776 5267
2779 6065
2780 4012
2781 1225
2782 3082
2783 5275
2784 3072
2785 2928
2786 6445
2787 464
2791 4363
2792 3413
2793 4464
2794 6258
2796 521
2798 3612
2799 6404
2800 1131
2802 6251
2804 6363
2807 3816
2809 3853
2811 4646
2813 6357
2814 5949
2815 5678
2820 418
2821 5075
2822 1780
2823 1657
2825 3347
2828 1203
2829 6427
2832 6016
2834 5433
2836 3158
2838 6139
2839 6153
2842 6322
2843 5288
2845 3952
2846 6138
2847 4926
2848 5238
2849 1157
2854 1658
2855 5870
2856 773
2859 6116
2864 757
2866 6101
2867 2638
2868 2168
2869 2193
2870 5448
2871 4930
2872 757
2873 1804
2874 5216
2876 2651
2878 3826
2880 6168
2881 1878
2882 3927
2883 3560
2884 316
2887 2747
2891 2833
2892 4474
2896 6148
2897 6133
2898 2024
2901 1222
2902 6262
2904 4730
2905 2090
2906 6152
2907 3787
2910 6376
2912 796
2913 1415
2917 2972
2918 6317
2921 6197
2922 3801
2924 177
2925 1948
2927 5723
2929 4705
2930 1320
2931 2342
2933 2404
2936 655
2939 2182
2940 5459
2941 1509
2943 4479
2944 1758
2945 2154
2946 4918
2947 5013
2950 1375
2951 2410
2953 3802
2955 1659
2956 1135
2957 2479
2961 3010
2964 1001
2965 4976
2966 6231
2967 5953
2969 1124
2971 2623
2974 215
2975 1748
2976 655
2978 2437
2979 930
2981 5303
2983 1425
2984 6249
2985 3236
2986 1926
2987 6079
2988 428
2991 4980
2992 3925
2995 5117
2996 3418
2997 5652
2998 6237
3001 1348
3002 1656
3004 623
3006 875
3007 6431
3009 4667
3011 6365
3013 3361
3014 1737
3016 2666
3018 5985
3019 6356
3020 6402
3022 5964
3023 3533
3024 731
3025 6259
3026 2649
3028 875
3029 5606
3031 1683
3032 828
3034 5766
3036 6067
3037 754
3038 6441
3040 1344
3042 6341
3044 1000
3045 6229
3046 6398
3047 2970
3048 528
3049 4938
3051 6418
3053 6176
3055 4542
3056 5601
3057 5991
3059 4585
3060 2908
3064 786
3065 639
3067 6418
3068 3347
3071 6377
3073 2663
3074 4099
3076 2085
3077 5116
3078 4299
3079 1124
3080 4173
3081 6224
3083 2502
3084 3619
3087 5064
3091 3972
3094 5550
3095 3789
3096 6309
3097 2903
3098 2596
3100 3361
3101 2606
3103 5894
3105 3104
3107 3701
3108 3441
3109 2736
3110 6256
3111 6186
3112 4329
3114 5818
3115 6130
3116 3853
3118 935
3119 173
3122 5367
3123 2084
3125 2916
3129 4592
3131 5386
3133 3359
3134 4142
3135 1059
3138 237
3139 6364
3142 3701
3146 2139
3147 1222
3148 6244
3150 487
3151 2176
3152 3686
3154 2479
3156 6377
3159 6112
3161 6031
3163 1198
3164 5812
3165 2247
3166 5812
3167 3956
3169 2728
3170 4669
3173 5849
3174 1911
3176 5758
3178 970
3179 2031
3180 5984
3181 5784
3182 2434
3185 4998
3186 3838
3188 2392
3189 840
3190 3322
3191 2697
3192 576
3194 4105
3195 1719
3196 3069
3197 537
3198 2217
3199 227
3200 3418
3201 3862
3203 6328
3207 101
3208 2497
3210 6392
3211 878
3212 5355
3213 5653
3216 2682
3217 3808
3220 5883
3221 868
3222 3313
3223 219
3225 59
3228 479
3229 2306
3231 4412
3233 1485
3237 6112
3239 1128
3240 927
3241 996
3243 5040
3245 881
3247 72
3248 3812
3249 2853
3250 2359
3251 4512
3252 4667
3253 1430
3254 4271
3256 6121
3257 4275
3259 6198
3260 3825
3261 284
3263 530
3264 5832
3265 4478
3266 368
3268 483
3269 4174
3272 4084
3274 362
3275 2148
3276 5382
3278 6350
3282 4720
3283 3155
3286 3875
3287 3089
3288 5394
3292 3289
3293 5673
3294 3281
3297 6006
3300 3709
3301 5895
3303 2460
3304 5957
3305 4426
3308 21
3309 5546
3310 539
3312 4510
3314 6246
3317 2694
3319 6098
3320 4744
3324 3687
3329 22
3331 4195
3332 2331
3334 6274
3336 409
3337 887
3338 3813
3339 1715
3340 1016
3342 1012
3343 1194
3344 2890
3345 3646
3348 5407
3349 3758
3350 4699
3351 5823
3353 1003
3355 6394
3356 5273
3357 5531
3358 5537
3362 6006
3363 6017
3364 4326
3366 5964
3367 157
3368 5451
3369 6368
3371 6174
3373 4202
3375 6379
3376 4605
3378 6086
3379 6417
3387 5101
3388 1715
3389 366
3390 6230
3392 3153
3393 3175
3394 3646
3397 4479
3399 2518
3402 4356
3403 3909
3404 2666
3405 2697
3406 246
3409 1170
3410 1455
3416 75
3417 5362
3419 3730
3420 2121
3421 1219
3422 5635
3423 2315
3424 1090
3425 2247
3426 5302
3427 6193
3428 407
3429 928
3431 4847
3432 1376
3433 572
3436 1424
3438 4226
3439 5953
3442 2019
3443 1878
3444 2789
3445 3972
3446 1006
3448 2636
3449 6042
3452 3651
3453 2725
3454 3881
3455 6054
3456 5577
3458 3687
3459 1235
3462 5544
3463 328
3465 547
3466 453
3468 5292
3470 6322
3472 5471
3473 337
3474 3215
3475 367
3476 2325
3477 5778
3478 6073
3480 554
3481 6449
3483 264
3485 6049
3487 1003
3488 1343
3489 786
3491 301
3493 4004
3494 5121
3495 4720
3499 4686
3502 1815
3503 4112
3504 5962
3505 3556
3506 76
3507 6133
3508 52
3509 4795
3510 1079
3511 165
3512 4083
3514 6212
3516 3810
3517 4295
3519 5451
3520 3316
3521 2989
3524 5637
3525 6122
3527 573
3528 4018
3530 5594
3532 4174
3534 5142
3536 1396
3541 1840
3542 5547
3544 5094
3545 1398
3546 1466
3552 323
3553 3557
3554 5304
3555 1463
3558 479
3559 6060
3562 3687
3564 3693
3566 6374
3567 469
3568 2858
3569 3881
3571 858
3572 6442
3577 5114
3578 4225
3580 1742
3582 4015
3583 1644
3584 3921
3586 1502
3590 3141
3591 2136
3595 3855
3596 4227
3597 2742
3598 1661
3600 4407
3603 55
3605 1818
3607 4231
3609 1157
3610 4515
3611 2670
3613 4321
3614 5386
3620 6147
3621 1270
3622 337
3624 5110
3627 4333
3629 1958
3631 4354
3633 2224
3634 3099
3636 4335
3637 3347
3638 5037
3640 427
3642 2589
3643 3604
3644 1270
3645 6443
3647 3099
3650 3666
3653 1619
3657 2396
3659 1180
3661 2148
3663 327
3664 3702
3665 2478
3668 3901
3669 5772
3670 1732
3671 1194
3672 6211
3673 2835
3674 102
3675 2270
3676 4884
3677 5585
3680 2319
3681 5094
3682 6033
3683 4427
3684 4478
3685 5216
3689 1175
3690 5682
3691 3209
3695 2682
3696 134
3698 3623
3700 2739
3704 1139
3705 5304
3707 5419
3708 1143
3710 1494
3711 5690
3713 6341
3715 5035
3717 5603
3718 3750
3719 6173
3720 416
3722 6107
3723 3255
3724 608
3727 6288
3728 6325
3729 5071
3732 6220
3735 455
3736 1756
3739 422
3740 6365
3741 5635
3742 5119
3743 313
3744 6229
3746 5150
3748 2651
3749 3841
3751 5984
3752 5648
3754 2324
3755 5667
3756 5537
3757 3877
3759 2102
3760 5886
3761 5724
3762 1028
3763 2236
3764 4567
3765 4443
3767 5208
3768 3533
3769 6107
3770 4789
3771 2567
3773 2128
3774 1926
3777 6079
3778 3030
3779 4031
3780 6381
3782 2192
3783 895
3784 558
3786 5094
3790 3464
3791 166
3792 5237
3793 1190
3794 2022
3795 2920
3796 3290
3797 5495
3799 537
3800 1923
3804 2096
3805 5475
3806 6222
3809 608
3811 139
3814 6409
3817 2172
3818 964
3819 6236
3820 5704
3821 2084
3822 2235
3824 2895
3827 867
3828 3535
3829 1137
3830 4957
3832 6143
3833 554
3835 1024
3836 4620
3839 3526
3845 784
3846 548
3847 1740
3848 4730
3849 2596
3851 1095
3854 3561
3856 4902
3858 4564
3859 4933
3860 2320
3861 94
3864 5341
3865 81
3866 1229
3867 4809
3868 1512
3870 5103
3872 3242
3873 5432
3874 359
3876 6358
3878 3877
3879 2245
3883 581
3885 6211
3886 4466
3889 1697
3890 6037
3891 6133
3892 22
3893 1316
3894 2788
3895 6090
3897 5238
3898 4974
3900 404
3902 3395
3903 6120
3905 94
3906 588
3907 4340
3908 4512
3910 55
3911 5980
3912 4630
3914 5341
3915 452
3916 5129
3918 4295
3919 5127
3920 676
3922 5914
3924 3714
3929 6182
3930 4898
3932 431
3934 1298
3935 3099
3937 3168
3939 6280
3940 530
3941 2408
3942 5748
3943 6220
3946 5344
3947 143
3949 4406
3950 4205
3951 2935
3953 3307
3955 1163
3958 6007
3961 2373
3962 596
3965 1385
3966 6239
3967 5840
3969 1653
3970 2788
3971 1468
3973 5596
3975 6312
3976 2101
3977 3451
3979 996
3980 2767
3982 471
3983 1634
3984 6142
3985 6172
3987 6062
3988 5638
3989 4561
3991 1278
3993 935
3994 6107
3995 6197
3996 805
3997 3639
4001 2760
4003 2788
4005 1197
4006 858
4010 2747
4011 2289
4013 630
4014 4501
4016 4630
4017 4222
4019 6081
4021 2543
4022 2392
4023 6406
4024 5685
4026 4835
4029 1559
4030 5329
4034 252
4037 5781
4040 3289
4041 2224
4042 3412
4043 2024
4044 1512
4045 3361
4046 6376
4048 858
4049 2376
4050 6291
4051 6352
4052 4058
4053 3837
4054 3808
4060 803
4061 4122
4063 6079
4064 6417
4065 4142
4066 2297
4067 4968
4068 5303
4069 3588
4071 2651
4072 1348
4073 3246
4075 64
4076 216
4077 1188
4079 4988
4080 5731
4081 1950
4082 5201
4085 199
4086 4787
4088 1630
4089 573
4092 3887
4093 1756
4094 6060
4096 2125
4097 5409
4098 3745
4100 4709
4101 1961
4102 5613
4103 5596
4106 200
4107 581
4108 5236
4109 763
4110 348
4111 32
4113 1000
4114 1102
4115 4918
4116 5237
4117 4335
4119 932
4120 6100
4121 3666
4123 2383
4124 3737
4126 6099
4130 1558
4131 1349
4133 1329
4136 5372
4137 4342
4138 157
4139 1390
4141 3904
4143 2926
4144 1439
4145 2383
4146 3321
4147 12
4148 3899
4149 2415
4150 6080
4151 209
4152 6393
4154 6187
4155 80
4156 928
4159 3745
4162 855
4163 2313
4164 5375
4165 6119
4166 3315
4168 122
4169 304
4170 1486
4171 3887
4172 4321
4175 4009
4176 2637
4177 6133
4178 3021
4179 6228
4180 5386
4181 1006
4182 6073
4183 3926
4184 3496
4185 1788
4186 3712
4187 2920
4189 3753
4191 2952
4192 867
4194 4551
4196 6170
4197 5839
4198 5967
4199 3550
4200 6372
4201 5794
4203 5911
4206 657
4207 2567
4208 6308
4209 3039
4210 428
4213 2038
4214 5966
4216 3072
4218 6000
4219 1137
4220 5026
4221 334
4223 6056
4228 5954
4229 2313
4230 6092
4233 1367
4234 2358
4235 5451
4236 6189
4238 4567
4239 1057
4240 2767
4241 3712
4242 3281
4243 3066
4244 4682
4247 1747
4248 5275
4249 6170
4251 5812
4252 2982
4253 4174
4254 5302
4255 4516
4256 3447
4257 5859
4258 567
4259 5681
4260 935
4261 1940
4262 181
4263 2000
4265 3882
4266 3035
4268 5132
4269 2543
4270 957
4272 3141
4273 245
4274 4603
4277 5758
4278 2043
4279 5180
4280 801
4281 53
4282 6288
4283 2478
4284 2477
4285 2563
4286 6118
4287 2609
4289 927
4290 932
4291 2637
4292 1139
4293 1290
4294 6339
4296 6404
4297 3921
4298 1710
4302 5713
4303 970
4304 2541
4306 1184
4307 5797
4309 48
4310 6442
4313 4317
4315 969
4318 5250
4319 1783
4320 1467
4322 3789
4324 1385
4325 772
4327 4125
4330 1721
4336 1920
4338 282
4339 4988
4341 875
4343 316
4344 5007
4345 1312
4347 4025
4348 6286
4350 6242
4351 505
4352 2631
4353 1626
4355 425
4357 3498
4360 5475
4361 4450
4362 2233
4365 2241
4366 1634
4368 6003
4369 1206
4370 6009
4371 1320
4373 1390
4374 2841
4375 5685
4377 1710
4379 2461
4380 2499
4381 730
4382 541
4385 2233
4387 4758
4388 2000
4389 1359
4390 219
4393 6024
4394 5285
4395 815
4396 5995
4397 2243
4398 102
4402 1363
4404 5220
4405 3639
4408 5972
4410 1503
4411 2335
4413 4761
4414 4215
4416 1788
4418 4478
4419 2805
4420 1107
4421 4039
4422 1601
4423 1017
4424 6314
4428 6324
4430 1937
4431 3956
4432 3000
4433 6118
4434 2275
4436 5981
4437 600
4438 1956
4439 3998
4440 5022
4441 5633
4442 22
4444 6050
4447 5154
4448 6425
4449 2778
4451 5019
4452 2735
4453 2625
4455 6163
4456 5119
4459 1114
4460 4786
4461 6409
4463 4951
4467 5790
4468 4957
4469 763
4470 4288
4472 2711
4473 3281
4475 192
4477 5411
4480 5279
4481 3688
4482 5823
4483 120
4485 6255
4486 6104
4488 2084
4490 6146
4491 1523
4492 1871
4493 2289
4494 3608
4495 5976
4496 6174
4497 5432
4498 3837
4499 2682
4500 4091
4502 5342
4503 5797
4504 4855
4505 6008
4506 5840
4507 4328
4508 1509
4509 3407
4514 254
4519 1254
4520 1081
4521 6408
4522 6267
4523 5034
4524 1181
4526 744
4527 289
4528 4995
4529 301
4530 1038
4531 3702
4532 4354
4533 1012
4534 1141
4535 2209
4536 3850
4537 3655
4538 404
4539 4227
4540 4399
4544 1741
4545 4226
4546 6073
4547 5811
4548 1494
4550 6174
4552 4400
4554 1954
4555 5969
4556 5411
4557 5176
4559 1279
4560 4848
4562 3561
4563 4056
4565 3565
4566 4774
4568 6250
4570 5736
4571 796
4572 1376
4573 1158
4575 2722
4576 3155
4577 3215
4578 5136
4582 2315
4583 5216
4586 6181
4588 2313
4589 23
4590 3529
4591 4640
4593 1554
4594 5687
4595 5996
4596 3271
4597 902
4598 1051
4600 6078
4602 3714
4604 5299
4606 4682
4607 5004
4608 3855
4609 5519
4610 5714
4612 2268
4613 3365
4614 2176
4615 962
4616 5811
4617 5731
4618 4317
4619 1398
4621 6228
4622 916
4623 2475
4624 6377
4626 3972
4627 4930
4628 5432
4629 3776
4631 2718
4632 6374
4634 6000
4635 6119
4636 6035
4638 6342
4639 2000
4642 6205
4643 4308
4644 3140
4645 3162
4647 4759
4649 2475
4651 6331
4652 5637
4653 842
4654 6186
4655 3270
4657 6441
4658 3486
4659 2227
4660 2727
4661 6406
4662 3738
4663 2408
4665 6259
4666 2522
4671 6211
4672 5601
4675 6061
4676 359
4677 1740
4678 2270
4680 1850
4681 3289
4683 5629
4685 4981
4688 509
4690 976
4691 984
4692 5849
4694 1521
4695 4391
4696 4930
4697 316
4698 2302
4700 4858
4701 4225
4702 1390
4703 2001
4704 1767
4706 1356
4708 1087
4711 2916
4712 5975
4713 2581
4715 1081
4718 5139
4719 2195
4721 5410
4722 1509
4723 641
4724 5978
4725 2648
4726 1098
4727 1853
4728 6096
4729 4479
4731 2962
4733 6245
4735 672
4737 106
4738 357
4740 2920
4741 2722
4743 2727
4745 6330
4747 4603
4749 1509
4750 998
4751 6181
4753 1656
4754 3923
4756 1231
4757 1559
4760 2875
4762 2844
4763 1334
4765 1856
4767 5730
4768 5015
4769 2297
4770 5667
4771 5425
4773 3844
4775 324
4776 5382
4777 4772
4778 4059
4779 1453
4782 6039
4784 831
4785 6109
4788 688
4790 6303
4793 5367
4794 2767
4796 4204
4797 6310
4798 267
4800 2346
4801 3602
4802 3772
4803 1553
4804 6161
4805 3522
4807 5912
4808 5781
4810 2720
4811 5818
4813 3360
4814 5258
4815 2623
4817 496
4818 3235
4819 4342
4820 3408
4821 1926
4822 5913
4824 4689
4825 695
4826 4974
4828 5063
4829 3464
4831 5192
4832 168
4833 4965
4834 2937
4837 373
4839 2831
4840 3492
4841 6180
4842 4476
4843 1614
4845 5933
4850 2727
4851 1143
4853 3177
4854 3702
4856 796
4859 48
4860 3593
4861 6316
4863 5132
4867 4670
4868 597
4870 5468
4871 4157
4872 1349
4873 4974
4874 2192
4877 1625
4879 6086
4880 1600
4882 372
4883 409
4885 5
4886 2047
4887 4948
4888 5270
4889 1903
4891 1772
4893 1270
4896 5451
4897 4427
4899 3964
4901 3412
4904 2610
4905 2443
4906 6188
4908 6347
4909 4195
4910 2335
4913 3616
4914 6334
4915 2728
4917 5136
4919 6286
4920 900
4924 6075
4925 1015
4927 4849
4929 6201
4931 3061
4932 6041
4935 1444
4936 3395
4937 2499
4939 3381
4940 238
4943 2211
4945 4525
4947 661
4953 6352
4954 4641
4955 4445
4956 1735
4959 6211
4960 5565
4961 5914
4962 5437
4963 5534
4964 885
4966 1141
4967 3360
4970 4791
4972 6412
4973 1174
4977 1396
4978 4059
4982 1682
4984 480
4986 6416
4987 1735
4989 3656
4990 1235
4991 3377
4992 2243
4993 1511
4994 3725
4996 1721
4997 1573
4999 3593
5001 4232
5003 4518
5010 4323
5012 2209
5014 6252
5016 4222
5017 4630
5018 4462
5020 55
5021 5843
5023 6352
5024 3230
5025 5456
5027 3092
5030 6330
5033 6225
5036 5041
5038 165
5039 5215
5043 1502
5044 5784
5045 300
5046 6292
5047 2850
5048 6054
5049 839
5053 2040
5055 6426
5057 1338
5058 2352
5065 4401
5066 3143
5067 1074
5068 2209
5070 3333
5072 3579
5074 1879
5076 3998
5077 3556
5079 2208
5080 4407
5081 1388
5082 4457
5083 5042
5084 5658
5085 1941
5089 1134
5091 5764
5092 742
5093 3529
5096 1554
5098 6278
5099 2366
5100 224
5102 4795
5104 6427
5106 6257
5107 3490
5111 1249
5112 1678
5113 5094
5115 6030
5120 5122
5123 5071
5124 4222
5125 5949
5128 4332
5131 4376
5133 1021
5134 4895
5135 5790
5137 3573
5144 838
5145 80
5146 6065
5147 3766
5149 5451
5152 3168
5155 3298
5156 4425
5157 4316
5158 1064
5159 2973
5162 5189
5163 6171
5164 641
5167 3619
5168 924
5169 2193
5170 1958
5172 1336
5173 6202
5175 1559
5178 3579
5179 6097
5182 2211
5183 3602
5184 4714
5185 613
5186 928
5187 4104
5188 4358
5190 1835
5191 4748
5194 2332
5196 4153
5199 863
5205 5844
5206 3162
5207 209
5210 6371
5217 1107
5218 509
5221 5962
5222 6248
5223 5669
5226 5728
5230 3881
5231 5434
5232 5460
5233 1067
5234 2817
5235 4812
5240 4028
5241 5644
5242 5389
5243 5227
5248 2001
5251 359
5252 4406
5253 5181
5254 5579
5255 6288
5256 1025
5257 4865
5259 1579
5261 6161
5262 6056
5263 2837
5264 204
5265 2000
5268 4484
5269 2193
5272 5110
5274 348
5277 3956
5278 4450
5280 5419
5281 6359
5282 4985
5283 6312
5286 5652
5287 2479
5289 6353
5290 5748
5291 5359
5293 5431
5294 200
5297 899
5298 3430
5300 5126
5301 5599
5305 6374
5306 43
5307 3593
5308 2319
5311 2414
5312 1160
5313 1151
5314 6139
5315 5208
5317 3460
5318 5273
5320 297
5321 2341
5322 1903
5324 6313
5325 1555
5326 1554
5327 4356
5330 4946
5331 3460
5333 245
5334 239
5336 5991
5337 373
5339 984
5340 4091
5343 3588
5345 2426
5346 4985
5347 1719
5348 700
5349 136
5351 1197
5352 1628
5353 215
5354 5951
5356 5060
5357 4084
5358 5034
5360 4231
5361 6430
5364 6280
5366 5990
5368 6040
5371 6227
5373 3639
5374 2019
5376 4774
5377 5086
5378 2729
5381 5583
5387 4039
5392 6437
5393 1738
5395 4835
5396 6012
5397 3869
5398 5237
5400 2676
5401 1958
5403 1053
5404 677
5406 323
5408 5090
5412 4976
5413 1911
5414 1903
5415 6112
5416 2037
5417 3069
5418 1173
5420 4020
5421 2852
5422 3651
5423 6152
5424 6378
5426 4542
5427 3041
5429 6339
5435 6156
5436 5383
5438 1879
5440 4838
5442 3141
5444 3599
5445 6435
5446 5181
5449 3899
5450 1756
5452 6340
5453 2972
5455 1181
5457 2090
5461 387
5462 6195
5463 5830
5464 2960
5465 4918
5466 2227
5467 5117
5469 1351
5470 4968
5472 6249
5473 282
5474 703
5476 252
5477 5966
5478 1600
5480 2221
5483 2816
5484 1799
5487 3050
5488 5011
5490 5506
5492 634
5496 461
5497 5781
5500 716
5501 5604
5503 4140
5504 5238
5507 1067
5508 3160
5509 3703
5510 111
5511 3667
5512 580
5513 5869
5516 185
5518 2245
5520 4090
5521 3021
5522 4264
5523 6305
5524 3214
5525 2195
5527 1067
5529 139
5532 5267
5535 3058
5536 4511
5538 1601
5539 6425
5540 4510
5541 5148
5542 1024
5545 3649
5548 5626
5549 1512
5551 6194
5552 428
5553 6110
5555 3325
5556 3377
5560 4988
5561 112
5566 1587
5567 1188
5568 5069
5570 5166
5573 86
5574 5654
5575 1961
5576 1852
5578 6277
5580 3635
5581 6400
5582 5998
5584 48
5586 6001
5588 2033
5592 2314
5598 4865
5605 1743
5607 754
5608 6140
5610 216
5612 855
5614 1887
5617 2217
5620 689
5623 4710
5625 191
5627 6415
5628 5790
5630 5493
5631 5654
5634 5979
5636 580
5642 3945
5643 937
5646 1294
5650 6321
5655 2972
5656 2751
5657 1065
5659 567
5660 5379
5663 5711
5664 3289
5665 4852
5666 3960
5668 2161
5670 214
5671 6430
5674 3875
5675 6378
5677 3887
5680 6115
5683 38
5684 1937
5688 5247
5691 4333
5692 6357
5694 4673
5695 5363
5696 4958
5698 271
5699 1124
5701 1377
5702 181
5705 4951
5706 6224
5707 6183
5709 4401
5712 468
5716 5154
5717 3944
5719 3547
5721 1963
5722 6163
5726 6012
5727 3714
5734 3880
5735 1742
5737 5365
5739 6290
5740 1508
5741 3747
5744 4288
5746 3396
5747 1266
5749 5411
5750 5533
5751 4232
5752 4195
5753 6372
5754 6048
5755 1740
5757 1338
5760 1134
5761 5247
5762 6051
5765 6351
5768 1588
5769 2968
5770 6224
5771 1758
5773 4584
5775 1557
5779 2167
5782 5094
5783 3158
5785 6240
5786 2788
5788 4317
5789 6435
5792 5604
5793 4340
5796 3321
5798 304
5799 5460
5801 4474
5802 1625
5803 3863
5804 4329
5805 335
5807 4941
5808 453
5810 1016
5814 2112
5816 5227
5817 1765
5819 3089
5820 6240
5822 1760
5824 2251
5825 2720
5827 5839
5828 6102
5829 839
5831 5637
5833 990
5835 5729
5838 3936
5845 2431
5850 2241
5851 6411
5852 303
5853 4830
5854 4603
5855 5171
5857 3875
5858 838
5860 6033
5861 2651
5865 1763
5866 2001
5867 2404
5868 5597
5872 6134
5873 6436
5874 5238
5877 1551
5878 5279
5879 1375
5880 3157
5884 1601
5885 2235
5888 1515
5889 4028
5890 4620
5891 5780
5892 2031
5893 3938
5896 3202
5897 5051
5898 1521
5901 6247
5905 6307
5906 6402
5909 1628
5910 348
5917 1180
5918 6008
5922 727
5923 6253
5925 12
5926 4204
5930 5967
5931 5944
5932 4142
5934 5292
5935 1481
5936 12
5938 5984
5940 4795
5941 6050
5942 3281
5948 5319
5956 964
5958 884
5959 3306
5961 3714
6023 1926
6326 64
6346 5519
6348 2749
6439 4160
6446 457
6451 5249
6452 1772
6453 6327
6454 4271
6455 2235
6456 5097
6457 5181
6458 1370
6459 5475
6460 2521
6461 784
6462 2306
6463 6295
6464 3522
6465 1889
6466 4542
6467 264
6468 863
6469 5947
6470 2195
6471 1628
6472 130
6473 936
6474 5208
6475 1278
6476 3128
6477 6205
6478 2229
6479 5319
6480 453
6481 1893
6482 2093
6483 103
6484 49
6485 691
6486 2860
6487 4276
6488 4417
6489 2233
6490 2663
6491 4406
6492 5247
6493 5637
6494 3113
6495 6141
6496 3280
6497 4838
6498 1050
6499 810
6500 797
6501 2394
6502 3990
6503 6139
6504 2667
6505 1385
6506 5204
6507 2920
6508 357
6509 1079
6510 3816
6511 6162
6512 2767
6513 3015
6514 2475
6515 706
6516 1715
6517 6139
6518 1025
6519 2315
6520 937
6521 4934
6522 887
6523 289
6524 192
6525 6143
6526 1164
6527 4585
6528 425
6529 6152
6530 5160
6531 5108
6532 924
6533 5437
6534 6056
6535 5519
6536 4673
6537 3581
6538 3699
6539 21
6540 3963
6541 6162
6542 5957
6543 4646
6544 232
6545 5386
6546 2334
6547 5602
6548 951
6549 2743
6550 3226
6551 4934
6552 5781
6553 240
6554 4974
6555 3132
6556 5967
6557 4331
6558 3226
6559 3656
6560 3090
6561 3662
6562 4078
6563 2183
6564 4890
6565 1230
6566 5428
6567 5447
6568 1821
6569 5622
6570 1805
6571 4714
6572 1671
6573 1992
6574 3968
6575 5122
6576 3328
6577 304
6578 1582
6579 1025
6580 103
6581 5153
6582 5968
6583 6095
6584 6131
6585 5117
6586 1893
6587 1425
6588 2888
6589 143
6590 5797
6591 325
6592 5119
6593 3589
6594 6424
6595 6286
6596 4732
6597 5763
6598 3998
6599 4412
6600 5887
6601 6366
6602 1228
6603 3963
6604 6046
6605 4511
6606 4195
6607 6267
6608 4684
6609 5992
6610 4561
6611 6355
6612 5921
6613 1623
6614 1001
6615 2535
6616 6062
6617 499
6618 2019
6619 6273
6620 472
6621 4329
6622 1016
6623 6116
6624 1203
6625 3145
6626 5171
6627 3008
6628 6006
6629 336
6630 3772
6631 4682
6632 2031
6633 2932
6634 316
6635 2058
6636 5711
6637 6025
6638 4650
6639 1466
6640 5220
6641 54
6642 3132
6643 6381
6644 2679
6645 281
6646 4202
6647 3547
6648 4781
6649 1893
6650 6052
6651 2325
6652 5929
6653 6282
6654 1465
6655 461
6656 2235
6657 3781
6658 3398
6659 3726
6660 4656
6661 4245
6662 5533
6663 2858
6664 3238
6665 791
6666 1016
6667 1444
6668 204
6669 6310
6670 416
6671 6363
6672 4958
6673 6171
6674 6157
6675 4515
6676 5591
6677 4630
6678 349
6679 2047
6680 4232
6681 970
6682 838
6683 4980
6684 5405
6685 367
6686 1267
6687 2306
6688 6154
6689 5606
6690 5743
6691 6184
6692 2735
6693 6163
6694 5114
6695 4157
6696 3523
6697 3884
6698 5130
6699 2743
6700 4245
6701 2606
6702 6217
6703 832
6704 5213
6705 5519
6706 6034
6707 6403
6708 2438
6709 6359
6710 1281
6711 4392
6712 3602
6713 305
6714 5316
6715 1709
6716 5913
6717 736
6718 1118
6719 6042
6720 4965
6721 6301
6722 6
6723 5140
6724 4311
6725 6237
6726 2435
6727 1747
6728 5651
6729 3573
6730 4122
6731 3277
6732 4425
6733 5676
6734 3785
6735 1943
6736 3841
6737 204
6738 2054
6739 1511
6740 6072
6741 6113
6742 2088
6743 6216
6744 3539
6745 5733
6746 1926
6747 2000
6748 6223
6749 2011
6750 1158
6751 2603
6752 2852
6753 3003
6754 3296
6755 4884
6756 700
6757 6321
6758 427
6759 910
6760 1836
6761 4391
6762 1505
6763 306
6764 2942
6765 2687
6766 6394
6767 3224
6768 4331
6769 1028
6770 5900
6771 3667
6772 2915
6773 1230
6774 688
6775 366
6776 1268
6777 5963
6778 2610
6779 2533
6780 3837
6781 6417
6782 4190
6783 6117
6784 387
6785 3986
6786 2394
6787 1587
6788 5009
6789 899
6790 1789
6791 425
6792 6188
6793 3588
6794 1561
6795 237
6796 5177
6797 4443
6798 3533
6799 6025
6800 5165
6801 6114
6802 1430
6803 5129
6804 6148
6805 5711
6806 1535
6807 94
6808 2893
6809 2051
6810 4083
6811 49
6812 3654
6813 1535
6814 6347
6815 5071
6816 6381
6817 1170
6818 1852
6819 237
6820 2973
6821 6388
6822 6186
6823 4567
6824 3651
6825 6214
6826 431
6827 103
6828 5848
6829 2168
6830 5557
6831 2354
6832 316
6833 1153
6834 1578
6835 6269
6836 1012
6837 4898
6838 3021
6839 3143
6840 2863
6841 348
6842 5559
6843 1227
6844 4174
6845 754
6846 5781
6847 6180
6848 2156
6849 3296
6850 3626
6851 6345
6852 2888
6853 2989
6854 3145
6855 1294
6856 6275
6857 1678
6858 277
6859 2747
6860 5388
6861 3651
6862 2437
6863 4383
6864 2146
6865 5486
6866 3205
6867 1640
6868 3630
6869 936
6870 2128
6871 5766
6872 6224
6873 4930
6874 5363
6875 5042
6876 5019
6877 2972
6878 6315
6879 2229
6880 1276
6881 6349
6882 260
6883 3813
6884 2035
6885 402
6886 5180
6887 1467
6888 5919
6889 2671
6890 4752
6891 4474
6892 3209
6893 947
6894 3948
6895 2049
6896 462
6897 4358
6898 94
6899 3612
6900 890
6901 3518
6902 2128
6903 1414
6904 6174
6905 2043
6906 4898
6907 3325
6908 1051
6909 5914
6910 6200
6911 2431
6912 3557
6913 6146
6914 1864
6915 2852
6916 6279
6917 6173
6918 2000
6919 1503
6920 3215
6921 4836
6922 2462
6923 5732
6924 2589
6925 6285
6926 722
6927 1653
6928 4865
6929 6013
6930 1521
6931 2494
6932 6383
6933 4039
6934 4980
6935 5350
6936 1466
6937 3089
6938 2437
6939 5528
6940 5682
6941 3000
6942 1640
6943 5881
6944 215
6945 2214
6946 2563
6947 4759
6948 5736
6949 5116
6950 264
6951 6335
6952 6070
6953 4056
6954 5965
6955 6170
6956 6341
6957 6274
6958 4105
6959 6027
6960 2302
6961 1064
6962 4401
6963 2908
6964 803
6965 3560
6966 6121
6967 3888
6968 5962
6969 6032
6970 2812
6971 5587
6972 5563
6973 2433
6974 2217
6975 2952
6976 1943
6977 102
6978 3881
6979 361
6980 1719
6981 3290
6982 1050
6983 3789
6984 1588
6985 3823
6986 3451
6987 57
6988 6096
6989 4015
6990 5638
6991 1219
6992 3323
6993 2392
6994 630
6995 6188
6996 5198
6997 3556
6998 5114
6999 6112
7000 2795
7001 2275
7002 5651
7003 1021
7004 5236
7005 6203
7006 6269
7007 211
7008 5238
7009 1325
7010 5736
7011 4592
7012 3775
7013 64
7014 4305
7015 3877
7016 4403
7017 191
7018 2852
7019 5069
7020 6423
7021 5028
7022 5064
7023 3925
7024 5237
7025 44
7026 797
7027 427
7028 2270
7029 211
7030 5009
7031 4599
7032 2691
7033 1828
7034 5495
7035 243
7036 5589
7037 2058
7038 3479
7039 475
7040 5
7041 5686
7042 3238
7043 3881
7044 6054
7045 3654
7046 513
