3676 12
6110 33
6032 23
2657 12
4882 45
4179 31
4462 49
5172 43
2357 0
858 45
122 21
6617 16
6173 13
6403 33
6759 9
6341 35
129 79
2625 27
3105 24
6719 16
2286 57
3417 81
6539 21
5850 60
1979 46
6193 21
6505 34
6536 69
1808 41
5439 30
3230 25
6690 16
6699 9
4240 8
2599 42
1169 32
5680 19
679 61
5977 81
2573 11
1597 43
6553 10
4686 69
400 46
4188 79
3039 23
4259 69
6717 2
3617 79
831 57
6437 13
6584 1
3807 46
4890 42
1105 12
6741 29
6691 19
2507 21
4439 4
6667 62
3217 26
104 12
6603 5
6694 13
5883 81
2696 8
1693 59
6663 13
2887 32
4860 34
6484 16
3328 46
6122 66
4857 5
4961 29
2475 79
6108 38
4930 9
6468 3
6516 2
6650 13
6456 4
5367 45
6233 51
2338 61
3226 27
4479 42
5666 34
6494 15
2801 45
5971 41
4664 23
5577 32
2872 6
6746 16
6672 28
2288 27
882 42
1073 43
5770 24
6636 13
3878 27
6684 16
4829 32
5818 46
6634 13
6513 42
3136 46
6485 9
2656 39
6695 9
3764 16
1943 12
2813 30
5164 32
547 21
1568 85
6633 9
6050 34
101 42
6593 19
4605 56
902 82
4264 40
6744 59
6089 25
3160 79
5482 56
5044 4
4402 42
4097 48
4202 46
5595 8
5556 35
3558 34
6541 41
4677 29
6563 15
6457 0
6342 46
5820 3
6724 13
6713 81
5130 41
656 21
2155 21
304 61
3356 25
4271 27
6772 39
4187 84
6498 24
6608 21
6594 56
2325 61
6212 7
1548 59
6188 19
4790 30
2340 82
637 16
107 23
6455 15
5541 8
6001 79
6677 16
2495 59
756 69
5693 2
6097 16
909 32
3946 69
5068 9
5073 24
6703 27
6745 15
6490 13
1117 56
4133 36
4043 62
1437 41
6720 35
6668 82
4176 42
6618 15
2792 9
6053 25
6453 1
1600 24
1774 28
5912 23
4238 45
1551 46
4055 45
583 3
4226 34
1751 83
5332 12
2415 11
3289 27
6754 13
6528 27
4510 65
1059 29
6547 8
5187 20
5775 64
6675 37
2652 32
6512 25
6174 16
5745 19
6399 8
5111 15
2825 85
2271 22
6308 27
6411 42
6686 7
4346 41
2870 27
224 32
5145 8
5326 45
6641 16
1417 49
6531 0
6643 15
6526 31
6735 45
6766 16
473 46
5275 38
5735 32
6781 13
2491 38
5530 59
2996 82
6764 8
3877 33
3096 57
2812 85
2217 37
6559 15
4750 14
113 41
5110 31
5176 38
6574 13
6068 34
307 26
5559 0
3126 23
6573 19
5720 29
6549 15
6583 15
6394 3
2851 56
2483 10
6649 21
4132 0
6482 34
6452 7
1468 85
4815 49
6602 16
864 82
6714 10
2630 34
4101 42
3031 84
1461 34
5792 16
4531 81
3509 3
6733 43
3024 23
6500 13
5456 12
4143 8
6101 29
4695 29
4421 79
6722 9
1757 42
6671 17
6647 81
5574 18
6495 82
6491 13
1917 8
3795 27
6768 10
3920 49
6527 33
435 45
2708 11
6227 15
4533 12
595 79
1365 41
4253 10
2404 40
744 58
1740 34
5703 45
3454 83
5839 33
6707 2
6047 32
654 31
2393 48
6502 15
1925 34
3893 13
2806 24
2061 38
4576 81
6591 16
3511 3
6397 26
160 34
4015 27
1014 23
291 13
1345 84
1323 49
6708 30
1505 23
4953 31
6642 18
4113 84
1177 31
6348 3
6530 13
1977 22
6704 15
6658 13
2917 22
1878 37
5447 58
3469 12
4400 27
4403 56
6385 21
4792 56
2486 22
3980 7
0 6763
1 6363
3 6639
4 22
5 2315
6 5061
8 439
9 6753
12 3844
13 1115
14 3945
16 748
18 1184
19 6665
20 4291
24 323
27 5563
28 6758
29 4982
30 5103
31 6780
32 6505
34 1109
36 6438
37 6755
39 6095
40 791
41 2289
42 1533
43 2618
45 1977
46 2319
47 2755
48 6454
50 2813
51 851
52 4039
54 1167
56 4675
58 1359
63 1497
67 693
68 6523
71 1976
72 6726
77 556
78 6462
81 3428
83 2698
84 6511
87 3081
88 1501
89 6464
91 6225
92 2100
95 6245
97 4135
98 6761
99 4881
105 5595
106 6500
108 5943
109 4596
110 6702
112 3712
114 3301
115 4004
116 6162
118 5383
119 6111
120 1746
123 3252
124 3676
125 874
126 4402
127 6222
133 2269
134 3998
135 3720
136 5596
137 6238
138 5402
140 2123
144 2780
145 1451
148 2340
149 132
151 2797
152 5193
153 1112
154 4692
155 2543
156 622
157 1610
158 3261
159 334
161 2751
162 3954
163 4595
164 2410
166 6654
167 577
168 6559
170 6496
171 2341
172 1925
174 6714
175 3742
176 2033
177 2093
178 1848
179 6282
180 2162
182 6292
183 1300
184 2960
187 1757
188 6544
190 328
192 5572
194 5859
195 6396
196 3789
200 2693
201 5004
202 1038
203 1689
206 6097
207 1040
212 917
213 801
217 5210
220 6746
221 6649
222 3676
223 3132
225 1505
226 4336
228 2190
229 3441
230 1012
231 2778
234 2213
235 1772
237 4595
241 5760
242 6757
244 3716
245 5971
246 2599
247 6326
248 5700
249 3878
252 4670
253 580
255 6661
257 648
258 5726
259 6645
262 3497
264 5382
265 4934
266 3230
267 5603
268 227
270 5145
271 693
274 6654
278 4979
279 1075
280 1014
283 6582
285 5145
287 5176
288 359
289 3903
292 3511
295 969
296 4479
297 5648
298 204
299 6262
302 4239
303 6619
308 5700
309 3130
310 5955
311 3992
312 2401
314 4481
318 6607
320 6463
321 2810
322 5182
324 2410
326 276
329 6015
331 693
332 5377
340 4737
341 2395
343 4597
344 4786
345 2283
346 5161
347 198
351 2601
352 889
353 6709
356 2573
357 6467
361 5090
362 681
363 6188
364 1152
365 1505
367 3085
368 4391
369 4402
370 1289
373 224
374 4750
375 867
376 6677
377 2415
379 5733
380 3448
382 5056
383 6034
384 5230
385 1410
386 4675
389 684
390 2717
391 1300
393 6733
395 5403
399 5707
401 479
402 3616
404 2058
405 4568
411 2112
414 4779
415 6356
417 6234
419 1425
420 350
422 6126
423 6272
424 735
426 4471
427 6224
429 1040
430 6717
432 2088
434 2178
436 5572
437 169
438 3231
440 2205
441 198
442 4958
447 2957
448 2302
450 2058
451 3599
454 2459
455 586
456 531
457 4387
460 2383
461 250
462 3123
465 3449
466 3217
467 722
471 2454
474 3952
475 5908
476 1444
477 6095
478 5141
480 1380
482 5184
483 1180
484 4585
485 6760
486 5499
488 927
489 4430
490 6471
491 6131
492 6343
494 5225
495 4376
497 323
498 4567
499 2231
500 2079
501 1583
502 2654
503 3509
504 6365
505 2672
507 6652
508 2205
509 1329
511 6670
512 1990
514 1624
515 4261
516 5439
517 622
518 4951
520 113
522 284
526 4400
529 6676
533 962
534 5843
535 2548
536 5528
537 2737
538 5013
540 337
541 4398
542 2679
543 2258
544 6540
545 5690
548 6060
549 3880
550 5849
551 4212
553 1554
555 687
557 5275
559 3072
560 6564
561 4564
562 6250
563 3326
564 6625
565 6700
566 3200
571 6775
574 1979
578 2104
579 2785
581 6213
582 5916
587 6461
590 5849
592 2433
594 5669
600 1525
601 2596
602 6770
603 2588
604 5154
605 209
608 5161
609 6773
610 4857
612 854
613 6554
614 6684
616 6130
617 1316
618 1169
619 1070
624 2632
625 209
626 4649
627 5994
628 2817
632 1935
633 2537
634 4846
636 6594
640 406
641 2717
642 463
643 4770
646 2449
647 4076
650 588
651 3592
652 4230
653 6240
657 6518
658 852
660 4129
662 3535
663 2415
664 597
665 1164
667 102
669 2265
671 1151
674 3313
682 1878
685 4332
691 3509
692 1225
694 2846
695 6358
696 1844
699 828
700 3989
703 4949
704 1297
705 2935
706 4672
707 4458
708 428
709 1610
710 599
713 6743
714 6467
717 6567
719 6742
720 5164
721 2889
723 6449
725 701
726 1577
727 5574
729 583
732 5360
733 2630
734 750
737 3395
738 2874
739 573
741 6772
742 4364
745 6689
746 4896
749 5710
751 3420
752 4520
753 425
754 4459
755 1758
758 5425
759 6536
760 2168
761 5118
762 418
763 3102
764 6403
765 3795
766 5732
768 6147
770 2040
771 3460
772 1551
775 3011
776 1211
777 1660
781 1135
783 554
784 122
788 1075
789 6457
790 6523
793 1619
795 406
802 2506
803 2251
804 6403
806 6163
807 3070
810 6285
812 839
814 4576
816 4880
817 769
818 6408
820 219
821 589
822 1661
823 2497
825 992
827 421
829 4979
830 3333
832 394
834 990
835 128
842 6658
843 6592
844 378
846 59
847 6600
848 4155
849 1807
850 4579
853 2675
855 5141
856 6515
857 3574
859 6383
860 1160
861 4864
862 902
865 1525
866 5077
869 1727
871 1133
872 1880
873 2805
875 1477
876 1020
878 6578
883 5176
884 191
885 6424
886 5839
887 3075
890 80
893 591
894 3400
895 3734
897 2048
901 4764
905 6400
907 6050
908 5174
911 5787
912 5855
913 141
914 2239
915 6172
921 6444
922 5902
923 6587
925 1056
926 6458
928 3734
932 3585
933 5764
934 5166
935 5111
937 3417
938 6565
939 1880
941 334
942 2917
943 799
944 6697
945 4977
946 675
947 4880
948 6601
949 797
950 6439
954 1870
955 6540
959 6586
960 5230
961 387
963 3678
966 2090
968 6553
973 6709
974 809
977 4716
978 4496
979 6490
980 5326
981 4670
982 5385
983 4976
986 839
987 5161
988 2391
989 4833
993 3893
994 4692
997 3359
998 6390
1000 1001
1003 6471
1004 808
1005 284
1007 3948
1008 6545
1010 3890
1013 3461
1016 1414
1017 6732
1018 3903
1019 3616
1022 1320
1023 3004
1024 6710
1025 4386
1027 2243
1028 1152
1029 5250
1030 1096
1032 10
1034 6702
1035 1586
1039 4410
1043 3652
1044 1036
1045 6397
1046 6682
1049 6661
1050 5142
1054 400
1055 1048
1057 809
1060 6494
1061 3923
1062 6430
1063 4328
1064 6563
1065 5937
1066 6539
1067 290
1069 1072
1071 5198
1079 666
1080 3599
1081 5389
1082 6553
1084 2172
1086 953
1088 6598
1089 4128
1091 2040
1092 3066
1093 3326
1094 5834
1097 1268
1098 1465
1099 731
1100 1466
1101 5410
1103 1877
1106 1183
1108 4097
1110 3469
1111 5928
1113 4716
1116 1402
1118 358
1119 1412
1120 1976
1121 2495
1122 6768
1123 4862
1125 3261
1126 6571
1127 4063
1129 4692
1130 3606
1137 1716
1138 6108
1140 3134
1143 5987
1144 6703
1145 5262
1146 5127
1148 3011
1149 4856
1150 3954
1154 6700
1155 6610
1156 2172
1157 143
1161 3162
1162 2277
1163 3550
1165 1415
1166 976
1168 1087
1170 5004
1171 3407
1173 6093
1175 1715
1178 2033
1179 1615
1182 4982
1185 372
1187 2529
1189 2000
1193 1264
1195 5262
1196 6498
1200 1285
1201 3039
1204 1006
1205 2193
1206 1420
1208 4291
1210 4021
1212 6456
1213 2471
1215 683
1216 2696
1218 3171
1220 936
1221 101
1222 3981
1223 6582
1226 6225
1228 1282
1232 1451
1234 4288
1235 1227
1236 301
1237 3218
1238 4948
1240 6599
1241 1153
1243 4253
1244 854
1246 649
1247 210
1250 2421
1252 1473
1253 6194
1255 3666
1258 94
1259 107
1260 5341
1261 1525
1262 6679
1265 805
1266 6725
1269 4496
1271 10
1272 342
1273 6503
1274 5523
1276 2247
1277 4450
1279 2265
1280 5244
1283 3333
1284 5822
1286 3965
1287 421
1288 2533
1292 44
1293 2553
1294 2968
1296 6752
1299 5177
1301 4392
1302 6430
1303 1077
1306 6619
1307 4205
1308 5975
1309 3625
1310 4833
1311 5637
1315 6703
1318 4677
1319 1654
1321 6135
1322 6674
1324 150
1330 599
1331 6424
1335 1610
1336 4518
1337 2454
1338 1377
1339 2058
1340 224
1341 1131
1342 1214
1346 2471
1348 5512
1350 527
1353 1014
1354 59
1355 6430
1357 2764
1358 2497
1360 2653
1363 6196
1364 5248
1366 6533
1367 493
1368 6225
1369 531
1370 3010
1371 892
1372 6490
1373 711
1374 4531
1375 6601
1379 3354
1381 6533
1382 3218
1383 4541
1384 5957
1385 655
1386 5250
1387 6634
1388 1104
1389 4015
1391 5615
1392 186
1393 3785
1394 6646
1395 3326
1397 3893
1398 4737
1399 243
1401 2096
1403 661
1404 2480
1405 584
1406 6567
1407 1841
1408 4056
1409 6517
1411 4518
1416 1417
1418 2322
1419 5914
1423 750
1424 1096
1426 2600
1427 2473
1428 976
1429 1961
1430 3187
1431 3172
1432 1376
1433 4509
1434 3998
1435 2627
1436 2325
1438 5971
1439 2567
1440 2820
1441 6553
1442 21
1447 1459
1448 684
1449 3200
1450 6506
1452 2679
1453 5740
1454 6429
1456 864
1457 1489
1458 797
1460 2603
1462 6607
1464 3726
1467 5215
1469 5154
1470 3978
1472 4239
1476 3982
1478 1304
1480 920
1481 2475
1482 2810
1484 3468
1486 2772
1487 2415
1488 281
1490 132
1491 6511
1492 2168
1495 464
1496 5887
1498 1663
1499 684
1500 3658
1503 2797
1504 1078
1506 5019
1508 5975
1510 6635
1511 49
1512 4546
1513 5779
1514 889
1516 3328
1518 951
1520 428
1524 2695
1526 2537
1527 999
1529 6668
1530 1192
1531 3795
1532 6705
1534 4392
1537 2581
1538 4553
1539 3702
1540 4004
1541 6015
1542 5680
1543 5384
1544 588
1545 5363
1546 2813
1547 66
1549 2531
1550 5164
1552 1298
1553 5236
1556 6122
1558 5980
1560 2608
1562 5928
1563 4021
1564 2990
1565 2634
1569 6664
1570 1971
1571 6318
1572 2914
1573 260
1574 4474
1576 1124
1578 4092
1580 6541
1581 6635
1582 6638
1584 3218
1585 2357
1587 888
1590 3968
1591 6384
1592 1135
1594 1412
1598 1455
1599 3417
1601 2069
1602 10
1604 449
1605 5031
1608 5871
1609 6626
1611 4450
1613 5402
1614 493
1616 1990
1617 621
1618 360
1620 6619
1621 5481
1623 219
1626 2486
1627 6589
1628 5745
1629 4346
1630 3891
1631 3641
1632 2377
1633 4536
1634 3725
1635 787
1636 4884
1639 622
1642 5883
1643 6594
1646 2239
1647 3024
1648 5626
1649 4787
1650 5925
1651 1227
1652 4588
1653 6720
1655 2895
1656 6577
1657 5056
1662 2053
1664 2755
1665 767
1666 6460
1667 4646
1668 6103
1669 6321
1672 6383
1673 1209
1674 2696
1675 2531
1676 2846
1678 4280
1679 1961
1680 2667
1681 4179
1684 4253
1688 6545
1691 6006
1692 736
1695 5700
1696 6208
1697 1037
1698 5740
1701 4070
1702 4637
1704 780
1705 2247
1707 661
1713 5184
1717 3505
1718 3304
1720 3032
1721 5070
1722 2459
1723 2300
1724 6447
1725 2319
1726 85
1728 2567
1729 2069
1730 1037
1731 6470
1733 3515
1734 4787
1739 711
1742 3742
1745 334
1749 6292
1750 3650
1752 1083
1753 1645
1754 5925
1755 6657
1759 4251
1761 6624
1762 5408
1763 3420
1764 2403
1765 6782
1767 6342
1768 186
1769 5517
1770 2208
1771 1233
1773 4481
1775 4790
1776 5937
1777 5276
1779 5236
1784 2071
1786 3322
1787 5743
1788 2096
1789 6059
1790 481
1791 5212
1793 6348
1794 4892
1796 5834
1797 1256
1798 2461
1800 1719
1801 4284
1804 5193
1810 6068
1811 3434
1812 1326
1813 273
1814 452
1815 5041
1816 2666
1817 6703
1818 4518
1819 3751
1820 6250
1821 2819
1822 6272
1823 496
1824 1445
1825 899
1826 3333
1827 5458
1828 55
1830 418
1831 1158
1832 416
1833 1298
1834 1021
1835 2653
1837 5367
1838 5070
1842 648
1843 4773
1845 5062
1846 5772
1847 5132
1849 2043
1851 6549
1852 3136
1854 4129
1855 2480
1857 4078
1858 6418
1859 218
1860 328
1861 3890
1862 5971
1863 1736
1864 3482
1865 6436
1866 1689
1867 4309
1868 6470
1871 6207
1872 6740
1873 3676
1874 1295
1875 5693
1879 1625
1881 6507
1882 3225
1883 4489
1884 1289
1886 6748
1891 3455
1894 4065
1895 852
1896 216
1897 3085
1898 6483
1899 6738
1900 591
1901 3447
1902 3304
1903 232
1904 1735
1905 4499
1906 4533
1908 6615
1909 5842
1910 6308
1913 2103
1916 6449
1918 5843
1919 5661
1920 2102
1921 6595
1922 334
1924 3635
1926 2810
1927 4392
1928 4386
1929 160
1930 4047
1931 2395
1932 1714
1933 6724
1934 3089
1936 5261
1937 3224
1938 4888
1939 6320
1940 6720
1942 2567
1944 2269
1946 3671
1948 6262
1949 5099
1950 2137
1952 4980
1953 4896
1954 3747
1957 6059
1958 4065
1959 4737
1960 5127
1962 6309
1963 2482
1964 735
1965 4525
1966 1041
1967 333
1969 2165
1970 6625
1972 3697
1973 929
1974 5775
1975 65
1978 1474
1980 1785
1981 5319
1982 233
1983 4948
1984 5051
1985 2205
1986 4020
1987 3944
1988 6496
1991 2870
1992 3888
1993 1911
1994 863
1995 4012
1996 5644
1997 6637
1998 800
2001 3989
2002 4509
2003 4021
2004 5928
2005 3658
2006 4328
2007 6462
2008 4669
2009 6782
2010 1068
2011 670
2012 6502
2013 1603
2016 1586
2017 4364
2018 3844
2020 400
2022 1663
2025 4226
2027 2098
2028 2472
2029 6623
2030 6007
2032 5569
2034 4295
2035 2851
2036 4133
2039 2590
2042 2874
2045 3420
2047 6177
2049 6589
2052 6015
2055 3956
2056 5499
2057 889
2059 1002
2062 3945
2064 815
2065 350
2067 4911
2068 6564
2070 3945
2072 1147
2073 902
2074 1870
2075 3982
2076 4287
2077 3000
2080 1268
2081 1976
2082 1190
2083 6530
2085 1638
2086 1314
2087 5385
2089 366
2091 2061
2092 6103
2094 1074
2097 1892
2099 5509
2101 3121
2105 6396
2106 5172
2108 3601
2110 1217
2111 6111
2113 4226
2114 3625
2115 1610
2116 6748
2117 6618
2119 5834
2120 6006
2121 6519
2122 1625
2124 6023
2126 5658
2127 1805
2128 3990
2129 6550
2131 6148
2132 6708
2133 1410
2134 6737
2135 5953
2138 6420
2140 1555
2141 6357
2142 3238
2143 4056
2144 5044
2145 107
2146 2155
2147 2093
2148 6644
2149 654
2150 2693
2151 6284
2152 4391
2153 621
2154 117
2157 6225
2158 6707
2159 5594
2160 6676
2163 60
2164 5742
2170 4439
2171 919
2173 5548
2174 3322
2176 2346
2177 1285
2179 4155
2181 5363
2182 4378
2183 2084
2186 6500
2187 5456
2188 2886
2189 684
2191 6604
2192 6478
2194 3313
2196 4144
2197 22
2198 1714
2199 3585
2200 6701
2201 970
2202 2499
2203 5577
2204 6342
2209 1557
2210 4982
2211 4791
2212 3515
2214 1548
2218 3348
2219 6620
2220 3628
2222 3678
2223 3789
2225 6595
2226 2651
2227 4684
2228 2167
2229 1709
2230 6767
2232 6469
2233 5977
2234 2596
2235 1396
2236 6561
2238 1325
2240 916
2241 2051
2242 5259
2244 185
2245 6088
2246 1285
2248 718
2249 4716
2250 5990
2252 1583
2253 5871
2254 2685
2255 6628
2256 6235
2259 1332
2260 2581
2261 6470
2262 2935
2263 261
2264 4097
2266 6659
2267 3234
2268 6483
2270 6629
2272 4896
2273 4574
2274 3482
2275 6497
2276 4663
2278 6739
2280 2850
2281 6466
2282 406
2284 6198
2285 392
2287 1334
2290 4378
2291 6761
2293 1300
2294 6634
2295 5182
2296 5225
2298 3978
2299 2652
2301 6725
2304 990
2305 1711
2307 1583
2308 1747
2310 556
2311 3734
2312 4135
2314 445
2316 5454
2317 3481
2318 1136
2320 5302
2321 4961
2323 6010
2324 6495
2326 757
2327 5506
2328 4576
2329 6499
2330 1557
2332 2653
2333 882
2335 3323
2336 6312
2337 2118
2339 165
2342 615
2344 3070
2345 6426
2348 6072
2349 5847
2350 6616
2351 4974
2353 1735
2354 6777
2355 6318
2356 1031
2359 6766
2360 2393
2361 2043
2363 1289
2367 5590
2369 4880
2371 595
2372 4395
2374 6455
2375 2747
2376 957
2379 425
2380 6116
2381 6004
2382 6224
2384 4346
2385 4975
2386 284
2388 4259
2389 6500
2390 654
2397 3205
2398 6423
2399 1870
2402 2449
2405 4664
2406 6256
2407 1756
2408 787
2409 1501
2411 5927
2412 2090
2413 3513
2414 6261
2417 4668
2418 2893
2419 4930
2420 6140
2422 5712
2423 851
2424 6212
2425 6535
2426 6303
2427 3370
2428 3781
2429 6162
2430 1844
2432 1376
2435 6415
2436 2161
2438 3347
2439 4238
2440 1396
2441 2391
2442 3448
2443 809
2444 6611
2445 5648
2446 6488
2447 5914
2448 4601
2450 6420
2451 2863
2452 1803
2453 1141
2456 3304
2457 2900
2458 2529
2460 4668
2462 693
2463 4215
2464 2224
2465 2483
2466 1183
2467 5661
2468 3965
2469 4458
2470 4395
2474 3726
2476 3302
2477 6182
2478 6656
2479 620
2485 3010
2487 4056
2490 680
2493 773
2496 3515
2501 2667
2502 5730
2503 2046
2504 836
2505 468
2508 5245
2509 801
2510 387
2512 1848
2513 6734
2514 1445
2517 4144
2519 3033
2520 6548
2522 2766
2523 3431
2524 4952
2525 4739
2526 428
2527 794
2528 3011
2530 4841
2532 774
2534 3523
2535 1445
2538 445
2540 6190
2541 6612
2542 186
2544 5594
2545 4882
2546 1575
2547 35
2549 6605
2552 689
2556 1885
2559 5504
2560 3177
2561 2237
2563 2806
2564 1425
2565 6514
2566 3106
2568 2161
2569 3716
2570 6633
2572 3676
2574 2895
2575 394
2576 597
2577 5595
2578 3697
2579 5262
2580 6311
2582 3649
2583 6699
2584 6059
2585 5391
2586 4161
2587 5311
2591 679
2592 3321
2593 5124
2594 585
2595 1808
2597 4902
2602 3006
2604 6712
2605 575
2607 2431
2611 1509
2612 5836
2613 4921
2614 3137
2615 6173
2616 1567
2619 3795
2621 1128
2623 1009
2626 575
2628 3828
2629 1112
2633 1444
2636 4961
2638 6636
2639 6393
2640 2393
2641 5955
2642 3781
2643 1744
2644 3789
2645 5985
2646 1327
2648 6681
2649 570
2655 1249
2658 6575
2659 2341
2660 3236
2662 930
2663 6273
2664 1690
2665 4155
2668 5034
2669 6742
2670 6167
2671 6744
2673 2627
2674 2647
2677 3513
2678 5669
2680 3059
2681 1706
2682 3779
2683 6654
2684 1654
2687 3687
2689 3795
2690 2893
2691 1677
2692 6585
2697 524
2699 6038
2700 1048
2701 3683
2702 5143
2703 21
2704 4020
2705 6659
2706 6653
2707 2998
2709 892
2710 1225
2712 6738
2713 6684
2714 4895
2715 6462
2716 6418
2718 4382
2719 3263
2721 1159
2723 4187
2725 6720
2726 6675
2729 6244
2730 1268
2731 3844
2732 5572
2733 2431
2734 773
2735 1740
2736 5238
2738 4387
2739 1158
2740 1566
2742 572
2743 6650
2744 2271
2745 5302
2748 6686
2750 3218
2752 1147
2753 4678
2754 4476
2757 4280
2758 5469
2759 778
2760 1803
2761 409
2763 2667
2765 2071
2768 6532
2769 639
2770 1445
2771 94
2773 6737
2774 3115
2775 5408
2777 6395
2779 4858
2782 6768
2783 6579
2784 1231
2786 3440
2787 2088
2788 743
2789 216
2791 6140
2796 4346
2798 3581
2799 3230
2802 4346
2803 5059
2804 1329
2807 3323
2808 2915
2809 5732
2811 418
2816 4536
2818 4959
2821 3346
2823 2180
2828 6089
2829 4734
2830 3231
2831 6483
2832 4806
2833 2797
2834 833
2835 2041
2837 3106
2838 580
2841 4949
2842 5925
2843 2392
2844 3295
2845 6528
2847 798
2848 470
2849 6116
2852 4941
2853 111
2854 1588
2855 4663
2856 1744
2857 6394
2858 5031
2859 1803
2860 6130
2861 1333
2862 5733
2864 5303
2865 6702
2866 748
2867 6521
2868 556
2869 5724
2871 6643
2873 1712
2876 1132
2877 5712
2878 2352
2880 6752
2881 4922
2882 5637
2883 3224
2884 4858
2888 2840
2891 6326
2892 833
2896 3751
2897 6019
2898 1533
2901 2331
2902 1619
2904 6114
2905 5703
2906 4968
2907 6504
2908 2492
2910 3238
2912 2365
2913 1575
2918 17
2920 985
2921 1483
2922 4284
2924 690
2925 5635
2926 917
2927 452
2929 3123
2930 6356
2931 5233
2933 3606
2936 2555
2937 2675
2938 2515
2939 6608
2940 5849
2941 3514
2944 1328
2945 6674
2946 173
2948 463
2949 1224
2950 4744
2951 4212
2952 2741
2953 6050
2954 5742
2955 2265
2956 371
2958 1224
2962 4866
2963 3187
2964 2038
2965 2550
2966 951
2967 3992
2969 6445
2971 3624
2972 342
2973 1151
2974 1554
2975 284
2976 5987
2977 3200
2978 655
2979 3535
2980 425
2981 6423
2984 1715
2985 794
2986 1376
2988 3381
2989 2054
2991 1376
2992 958
2993 6560
2995 1568
2997 3349
2999 3232
3001 4166
3002 6774
3003 325
3007 4815
3009 435
3012 4406
3013 3758
3014 400
3016 1715
3017 1038
3018 4926
3019 6072
3020 4097
3022 2050
3023 3989
3025 358
3026 3878
3028 6551
3029 5697
3034 6759
3035 5839
3036 2347
3037 185
3038 6652
3041 5228
3042 3008
3044 841
3045 6758
3046 4028
3047 2661
3048 4930
3049 1012
3050 2421
3051 1463
3052 73
3053 3375
3054 3518
3055 2084
3056 6644
3057 5574
3058 2368
3060 1803
3062 4667
3063 4271
3064 406
3065 6767
3067 3712
3068 4403
3069 6463
3071 2676
3073 6640
3074 464
3076 5743
3077 3701
3078 5437
3079 4445
3080 2393
3083 6698
3084 2216
3086 4866
3087 2489
3091 4866
3092 2543
3093 1285
3094 1685
3095 2968
3097 1509
3098 6539
3101 5002
3103 2650
3107 3219
3108 6718
3109 4080
3110 6520
3111 4857
3112 6633
3113 6430
3116 5304
3117 5994
3118 6393
3119 558
3120 6063
3122 408
3125 3381
3127 6678
3129 4251
3131 1806
3133 4372
3135 6776
3138 6345
3142 679
3145 453
3146 2814
3147 6537
3148 197
3150 3888
3151 4921
3152 972
3153 5456
3154 6641
3155 3124
3156 4259
3157 6408
3159 3381
3161 1568
3163 6733
3164 6431
3165 4789
3166 238
3167 4944
3168 3144
3169 75
3170 4395
3173 6388
3174 1343
3175 5596
3176 6399
3179 4092
3180 3081
3181 554
3182 5690
3183 4829
3185 1147
3186 3171
3188 1214
3189 129
3190 3338
3191 1941
3192 2169
3194 3628
3195 6683
3196 6548
3197 96
3199 6605
3201 2166
3203 1641
3204 5303
3206 670
3207 6544
3208 5314
3209 2656
3210 6671
3211 5541
3213 1737
3214 400
3216 1738
3220 6561
3221 5971
3222 6127
3227 6625
3228 6719
3229 1169
3233 6522
3237 2909
3239 3787
3240 2431
3241 6399
3242 5303
3243 403
3244 5512
3245 4494
3247 6509
3248 1109
3249 3457
3250 5441
3251 3738
3254 5705
3255 2069
3256 969
3257 4230
3258 101
3259 6454
3260 6693
3262 3720
3264 3938
3265 6010
3266 774
3267 2137
3268 5184
3269 5311
3271 6095
3273 6467
3274 1410
3275 100
3276 686
3277 2840
3278 767
3279 5990
3280 2136
3281 307
3282 6669
3283 801
3285 654
3286 5747
3287 5339
3288 6578
3291 3982
3292 6521
3293 2054
3294 6469
3296 4950
3297 880
3299 1751
3300 4695
3303 6595
3305 6437
3308 4526
3309 6702
3310 6447
3311 2943
3312 3972
3314 2392
3315 6196
3316 2516
3317 445
3318 5852
3319 2416
3320 5475
3324 251
3325 6591
3327 1554
3329 5718
3331 3162
3332 3027
3334 2657
3336 1285
3337 5971
3339 528
3340 539
3341 1740
3342 4678
3343 4309
3344 479
3345 2915
3350 5228
3351 6217
3352 6474
3353 854
3355 6671
3357 4403
3358 4976
3360 3000
3361 5548
3362 5212
3363 1227
3365 2288
3366 936
3367 6084
3368 1085
3369 3523
3371 111
3372 1710
3373 2631
3376 4982
3377 6591
3378 1715
3379 86
3380 6582
3383 4536
3385 573
3386 6224
3387 1459
3388 659
3389 6584
3390 4536
3392 656
3393 2507
3394 1425
3397 6204
3399 1645
3402 1961
3403 6673
3404 5987
3405 2961
3406 1158
3408 3460
3409 1248
3410 6199
3412 400
3413 2048
3416 2297
3418 5902
3419 4811
3421 6634
3422 3750
3423 1217
3424 6193
3425 4166
3426 1313
3427 5904
3429 3998
3432 61
3433 5276
3435 3728
3436 2557
3437 3683
3439 975
3442 4101
3443 5184
3444 567
3446 6534
3451 2416
3452 1747
3453 4128
3456 1001
3458 3356
3459 6572
3463 1328
3464 1477
3465 1485
3466 6140
3470 1239
3472 338
3473 3193
3474 6583
3475 2066
3476 4841
3477 6424
3478 3370
3479 165
3480 2686
3483 3983
3485 2137
3486 4328
3487 6767
3488 744
3489 2193
3490 1229
3491 4429
3492 3082
3493 366
3494 421
3495 4033
3496 6686
3498 6408
3499 6744
3502 2711
3503 256
3504 1415
3506 4975
3507 3514
3508 2596
3510 1422
3512 558
3517 1612
3519 6590
3520 3981
3521 731
3522 2357
3524 5852
3525 5915
3526 991
3527 5676
3528 3471
3529 3467
3530 1947
3531 1167
3532 5749
3533 5770
3534 1362
3536 1615
3538 6705
3539 5658
3540 1925
3541 1989
3542 3679
3543 6015
3544 2334
3545 2358
3546 5019
3548 2961
3549 6614
3551 2454
3552 443
3553 4428
3554 2221
3555 2998
3559 2632
3562 6450
3563 44
3564 5130
3565 4225
3566 2998
3567 3177
3568 2208
3569 3701
3570 273
3572 5441
3573 3205
3575 630
3576 2084
3577 2588
3578 1377
3579 5705
3580 5428
3582 6127
3583 6478
3586 2889
3587 433
3588 4709
3589 1807
3590 4155
3591 3306
3595 2792
3596 1114
3597 3307
3598 6566
3600 5172
3602 6644
3604 3781
3605 1105
3607 3438
3609 6256
3610 6465
3611 3005
3612 1751
3613 6516
3615 1183
3619 408
3620 5859
3621 6614
3622 6619
3623 2377
3627 1654
3629 3236
3631 4985
3632 1612
3633 2482
3634 3676
3636 398
3637 6712
3638 5323
3639 1316
3640 3561
3642 1783
3643 1493
3644 1112
3645 1345
3647 2365
3648 1885
3651 5849
3653 2475
3654 6140
3655 4378
3657 6306
3659 4060
3660 2044
3662 2167
3663 6047
3664 1806
3665 6648
3668 3140
3669 4637
3670 6563
3672 5141
3673 6730
3674 1053
3675 1245
3677 588
3681 3330
3682 6783
3684 4674
3685 1575
3688 6514
3689 1231
3690 5642
3691 6503
3693 6471
3694 5276
3695 6556
3696 1289
3698 3171
3700 3234
3703 5212
3704 6480
3706 139
3707 4779
3708 5681
3709 366
3710 826
3714 1567
3715 2325
3717 444
3719 6519
3721 5544
3722 1038
3724 251
3727 3574
3729 5939
3731 1603
3732 964
3733 639
3735 5852
3736 858
3737 4953
3739 3692
3740 6690
3743 5975
3744 86
3745 756
3746 4481
3748 2764
3752 3758
3753 5304
3754 1131
3755 3401
3756 5619
3757 1443
3759 4969
3760 596
3761 6390
3762 6461
3763 2617
3765 4846
3766 6390
3767 2216
3768 655
3769 2061
3770 6573
3771 6204
3772 6592
3773 6225
3774 6663
3775 1327
3776 5826
3778 6577
3782 4620
3783 2850
3784 6722
3786 4410
3790 2050
3792 3212
3793 1807
3794 2190
3796 2416
3797 4173
3798 6649
3799 5213
3800 1473
3801 2046
3802 3523
3805 1735
3806 6116
3808 572
3809 808
3810 3781
3811 3015
3812 6487
3814 4852
3815 3594
3816 6527
3817 1595
3818 6550
3819 992
3820 5233
3821 3099
3822 1073
3823 4898
3824 2297
3825 209
3826 1841
3827 5994
3829 6598
3830 731
3831 852
3832 6416
3833 521
3834 965
3835 4882
3836 4078
3837 6143
3838 6498
3841 6440
3842 951
3843 2887
3845 22
3846 880
3847 2343
3848 6470
3851 355
3852 348
3853 7
3854 6321
3855 1690
3856 4969
3857 218
3858 2630
3859 3225
3860 1087
3861 677
3864 6739
3865 3535
3866 2300
3867 6590
3868 6758
3869 5332
3870 6485
3871 2102
3872 4739
3873 6582
3874 1528
3876 6629
3879 1738
3883 2136
3885 1741
3886 394
3887 1853
3889 5600
3892 976
3894 3956
3895 5587
3897 5730
3898 1716
3899 3238
3900 4076
3901 3514
3902 6690
3905 181
3906 3952
3907 25
3908 5031
3909 359
3910 2046
3911 2610
3912 6197
3913 2247
3914 3420
3915 6408
3916 6542
3917 6632
3918 79
3919 4012
3922 1041
3925 3713
3926 4815
3927 4921
3928 5718
3929 6777
3930 5549
3931 5482
3932 5077
3933 525
3934 3124
3935 5441
3936 6761
3937 3226
3939 1239
3941 539
3943 5509
3947 1297
3949 1682
3950 5201
3951 5528
3957 5437
3958 5130
3959 6480
3960 1654
3961 2024
3962 315
3963 3584
3964 4342
3966 5151
3967 645
3969 6243
3970 5703
3971 1359
3973 2794
3974 1202
3975 1596
3976 6522
3977 5711
3979 2827
3984 5417
3985 6437
3986 4349
3987 6520
3988 6512
3991 5002
3993 100
3994 6580
3995 5132
3996 4950
3997 2672
3999 3468
4001 1095
4003 2046
4005 2840
4006 6707
4008 6258
4009 277
4010 4857
4011 5514
4013 5876
4014 3497
4016 3777
4017 6006
4019 782
4022 2237
4023 5556
4024 3948
4025 2751
4026 1191
4027 1256
4029 1291
4030 4890
4031 4846
4032 4039
4034 4921
4035 984
4036 446
4037 6217
4038 107
4040 1107
4041 4383
4042 6446
4044 2631
4046 4629
4048 1446
4049 5261
4050 1036
4051 2794
4052 670
4054 5439
4057 5110
4058 191
4059 2315
4061 1979
4062 6720
4064 2279
4066 3143
4067 839
4068 2343
4069 3414
4071 6275
4072 5792
4073 659
4074 6759
4075 1095
4077 2060
4079 1638
4081 5176
4082 101
4083 305
4084 815
4085 6757
4086 4852
4087 3686
4088 3948
4089 519
4090 6552
4091 1012
4093 6549
4094 6719
4095 6613
4096 5556
4098 2836
4099 6524
4103 4301
4104 1708
4106 6753
4107 147
4108 6781
4109 2331
4110 1836
4111 3235
4112 2543
4114 5506
4115 1104
4116 3666
4117 5217
4118 6687
4119 6400
4120 185
4121 5213
4122 6605
4123 1575
4124 6173
4125 819
4126 5836
4130 4789
4131 6686
4134 3184
4136 5063
4138 2747
4139 5924
4140 3497
4141 3758
4142 4020
4146 3617
4147 5385
4149 5514
4150 4781
4151 920
4152 4950
4153 4331
4154 5726
4156 6650
4157 2043
4158 6538
4159 5787
4160 638
4162 6754
4163 5384
4164 1737
4165 2079
4167 6341
4168 684
4169 6749
4170 2601
4174 3500
4175 1661
4177 3448
4178 277
4181 3683
4182 6475
4183 2051
4184 6472
4185 1225
4186 2084
4189 5952
4190 94
4191 2139
4192 4860
4193 6648
4194 4531
4195 6661
4196 2590
4197 3089
4198 3558
4199 2302
4200 6326
4201 2903
4203 4976
4206 277
4207 1915
4209 953
4210 4952
4211 2755
4213 198
4214 4866
4216 1268
4218 6635
4219 523
4220 5067
4221 1694
4223 2600
4224 5855
4227 6532
4228 3005
4229 1502
4231 6389
4232 6728
4233 2297
4235 5678
4236 4857
4241 845
4242 4975
4243 1719
4244 3236
4245 5386
4246 6542
4247 620
4248 458
4249 4841
4250 4884
4252 2947
4254 6470
4255 1245
4256 2780
4257 169
4258 446
4260 409
4262 6002
4263 4750
4265 5975
4266 2911
4267 1807
4268 1012
4269 6537
4270 3680
4272 1147
4273 2251
4274 11
4275 3236
4277 3890
4278 191
4279 2529
4281 1586
4282 1736
4283 5201
4286 5939
4289 5804
4290 6620
4292 3839
4293 1517
4294 668
4296 2063
4297 3618
4298 1376
4300 1557
4302 3788
4303 5574
4304 1229
4306 4135
4307 3720
4308 4316
4310 169
4311 6531
4312 3954
4313 439
4315 3417
4317 1593
4318 6245
4319 470
4320 5514
4321 2415
4322 3236
4324 6256
4326 5443
4327 4301
4330 4950
4334 4078
4337 4787
4338 5707
4339 620
4341 227
4344 6093
4345 5733
4350 2656
4351 6708
4352 5836
4353 6650
4354 193
4355 4505
4356 3980
4357 735
4358 6500
4360 5714
4361 3121
4362 2817
4363 4459
4365 4226
4368 2603
4369 5469
4370 3888
4371 1036
4373 5213
4374 4021
4375 406
4377 5548
4379 421
4380 1782
4381 3788
4385 1709
4390 3705
4393 6004
4394 1706
4396 556
4397 2539
4399 5590
4401 2449
4404 1640
4407 6029
4408 597
4409 3635
4411 5994
4412 1124
4413 6460
4414 3298
4415 896
4416 317
4417 2437
4418 38
4419 1285
4420 191
4422 1268
4423 3592
4424 6460
4425 6733
4426 4966
4431 5971
4434 2596
4435 238
4436 1257
4437 5130
4438 6482
4441 6728
4442 6285
4443 275
4446 851
4447 1400
4448 1466
4449 306
4451 4097
4452 2766
4453 3656
4455 6337
4456 3687
4457 496
4463 1349
4464 5766
4465 6262
4466 6001
4467 313
4468 79
4469 2221
4470 394
4472 6732
4473 5373
4475 1595
4477 6620
4478 3212
4480 5506
4482 6713
4483 5985
4484 6440
4485 6385
4486 3149
4487 3982
4488 3270
4490 6122
4491 4846
4492 3558
4493 6748
4495 6667
4498 5182
4500 3893
4501 1961
4502 6460
4504 2247
4506 4695
4507 293
4508 521
4512 4314
4514 6510
4516 6431
4519 3989
4521 3982
4522 4391
4523 6569
4524 4432
4527 4922
4528 530
4529 6292
4530 2919
4532 637
4534 2033
4535 3081
4537 6072
4538 6649
4539 4969
4540 6499
4542 4684
4544 6701
4545 472
4547 6643
4548 6537
4549 3040
4550 3382
4551 712
4552 1708
4554 4012
4555 3136
4556 1323
4557 6605
4559 6517
4560 6626
4561 1233
4562 5225
4563 3692
4565 4811
4566 79
4570 1333
4571 972
4573 6107
4575 4629
4577 371
4578 6126
4580 6671
4581 65
4582 4299
4584 186
4586 4895
4589 780
4590 4961
4591 1465
4592 260
4593 589
4594 2772
4598 4755
4599 337
4600 2793
4602 2822
4603 5804
4604 3482
4606 1792
4607 2043
4608 1152
4609 3878
4610 4328
4611 6246
4612 690
4613 381
4614 4787
4615 4176
4616 5905
4617 6744
4618 3571
4619 1139
4621 5693
4622 6657
4623 5710
4624 3088
4625 1009
4626 2695
4627 5690
4628 4239
4630 809
4632 3989
4633 5975
4634 2555
4635 4459
4636 146
4638 459
4639 3143
4641 681
4642 2431
4643 4497
4644 2224
4645 2180
4647 2696
4648 2172
4650 1523
4651 3687
4652 5370
4653 1295
4654 5787
4655 3989
4657 6316
4658 1885
4659 2401
4660 6177
4661 4567
4662 160
4665 406
4666 891
4671 4787
4673 4668
4676 774
4680 2618
4681 5994
4683 2486
4685 3224
4687 1186
4689 6728
4690 6754
4691 6492
4693 4410
4694 2190
4696 5770
4697 4406
4698 2026
4699 2387
4700 205
4701 1887
4702 2895
4703 2491
4704 5319
4705 3614
4706 2096
4707 2923
4708 4395
4710 2247
4711 3462
4712 6577
4713 6574
4714 6688
4715 6235
4718 569
4719 6523
4720 2500
4721 2536
4722 1523
4723 60
4725 2279
4727 5126
4728 293
4729 3713
4730 1087
4731 2657
4732 5619
4733 1744
4735 2506
4738 2637
4740 2112
4741 756
4743 1128
4745 747
4746 6342
4747 6631
4748 2792
4749 6640
4751 10
4752 1320
4753 3144
4754 6538
4756 639
4757 6719
4759 4127
4761 3172
4762 831
4763 1304
4765 6491
4766 4595
4767 4056
4768 598
4769 5593
4771 2810
4774 6551
4775 6188
4776 2322
4777 6682
4778 4620
4784 6105
4785 1445
4788 744
4793 6545
4794 1347
4795 6557
4796 330
4797 6089
4798 558
4799 3088
4800 2698
4801 5090
4802 142
4803 1345
4804 5506
4805 2283
4807 3628
4808 4862
4809 2104
4810 2790
4812 6052
4813 6542
4814 845
4816 33
4817 4402
4818 6167
4819 2647
4820 4948
4821 4187
4822 2161
4823 1670
4824 4476
4825 6262
4826 6724
4827 1644
4828 479
4830 6541
4831 6312
4832 1468
4835 4261
4836 4531
4837 3085
4838 5047
4839 6500
4840 6279
4843 4783
4844 1102
4845 6610
4847 5192
4848 65
4849 4509
4851 211
4853 2169
4854 4579
4855 3630
4859 5304
4861 589
4863 3701
4867 2500
4868 4533
4869 64
4870 4176
4871 2819
4872 4979
4873 1152
4874 6594
4875 496
4876 5517
4877 6641
4878 4966
4879 4898
4883 5951
4885 403
4886 139
4887 4724
4889 216
4891 3004
4893 552
4894 6675
4897 5556
4899 5028
4900 6223
4901 6542
4904 2795
4905 6611
4906 4834
4907 6592
4908 5852
4909 3238
4910 3891
4912 3649
4913 6221
4914 1893
4915 6172
4916 1114
4919 1559
4920 6738
4923 4387
4924 1446
4925 6343
4927 6592
4928 583
4929 3449
4931 4587
4932 4432
4933 4789
4935 611
4936 4926
4937 6562
4939 336
4940 2947
4942 6574
4943 6696
4945 5110
4946 6705
4947 6461
4954 5951
4955 4148
4956 2095
4960 3980
4962 6704
4963 6348
4964 936
4965 5924
4967 1020
4970 851
4972 263
4973 3457
4978 2695
4983 306
4987 6182
4988 2634
4989 2601
4990 5725
4991 3375
4992 1070
4993 3126
4994 4316
4996 6568
4997 5201
4998 23
4999 4253
5000 4755
5001 5031
5003 1139
5005 281
5007 413
5008 5733
5009 6671
5010 2890
5011 4314
5012 2107
5014 6495
5015 2346
5016 5619
5017 4359
5018 3143
5020 4669
5021 3955
5023 4596
5024 5904
5025 1051
5027 459
5029 6317
5030 2667
5033 6756
5036 6657
5037 2917
5038 767
5039 1180
5040 2609
5042 1716
5043 6761
5045 1690
5046 4667
5048 2449
5049 1415
5050 117
5052 3162
5053 2283
5054 3884
5055 3033
5057 5517
5058 6640
5060 5210
5065 6622
5066 453
5069 76
5071 2484
5072 6163
5074 4234
5075 6018
5076 1421
5079 5070
5080 698
5081 6686
5082 3010
5083 1327
5084 1780
5085 3920
5086 4672
5087 6358
5088 6577
5089 6656
5091 3115
5092 688
5093 4474
5096 898
5097 5099
5098 1295
5102 1248
5104 3298
5105 5261
5106 6780
5107 1349
5108 530
5109 1738
5112 6498
5113 4672
5114 824
5115 1836
5116 6631
5119 2404
5120 1489
5121 209
5122 996
5123 6423
5125 5236
5129 5593
5131 1744
5133 4791
5134 5915
5135 2737
5136 6492
5137 1151
5138 1778
5139 4783
5140 2960
5144 3126
5146 6578
5147 6068
5148 6724
5149 4866
5152 5644
5155 1224
5156 5648
5157 1264
5158 5068
5159 6727
5160 3617
5162 1485
5163 3236
5165 254
5167 146
5168 3606
5169 4888
5170 10
5171 4536
5173 2239
5175 1654
5178 4898
5179 2793
5180 6635
5181 3992
5183 3075
5185 2488
5186 1152
5188 4428
5189 958
5190 5245
5191 1202
5194 1014
5195 2850
5196 2364
5199 433
5200 406
5203 1073
5204 6604
5205 75
5206 4259
5207 6437
5208 5764
5211 6677
5214 130
5216 1153
5218 6720
5219 2806
5220 4511
5221 896
5222 5474
5223 6664
5224 2185
5226 3954
5227 4888
5229 6127
5231 6436
5232 6642
5234 6130
5237 6072
5240 3130
5241 6643
5242 1291
5243 2136
5246 6576
5247 4271
5249 2909
5251 5409
5252 747
5253 4173
5254 6675
5255 5355
5256 2959
5257 6744
5258 3238
5260 2394
5263 2555
5264 2475
5265 1231
5267 6197
5269 702
5270 6060
5273 4406
5274 591
5277 4815
5278 2090
5279 6174
5280 5304
5281 6224
5282 392
5283 2747
5284 2994
5285 1533
5286 5360
5287 6460
5289 4444
5290 3594
5291 7
5292 6670
5293 722
5294 1893
5295 5990
5296 6674
5297 5126
5298 5239
5299 5215
5300 774
5301 6565
5305 111
5306 3658
5307 6614
5308 2598
5309 767
5310 406
5312 4459
5313 881
5315 4944
5316 6125
5317 316
5318 1190
5320 6393
5322 1694
5324 141
5325 239
5327 4686
5328 5067
5330 4755
5331 4543
5333 358
5334 5128
5336 3893
5337 2130
5338 6716
5340 59
5342 1836
5343 1413
5344 3082
5345 2900
5346 1158
5347 6514
5348 4902
5349 2123
5350 6717
5351 769
5352 1011
5353 3066
5354 6543
5356 3780
5358 2331
5362 1844
5364 4815
5366 2806
5368 6589
5369 2302
5371 599
5372 5951
5374 659
5375 1295
5376 1474
5379 2207
5380 304
5381 680
5387 1760
5388 290
5390 3791
5392 3219
5394 2625
5395 165
5396 5578
5397 6764
5398 4097
5399 5202
5400 4966
5401 6561
5404 3983
5405 4952
5406 3788
5407 1885
5412 2622
5413 1641
5414 1748
5415 381
5416 595
5418 4773
5419 5764
5420 2208
5421 61
5422 3940
5423 774
5424 5094
5426 3140
5427 6589
5429 4007
5430 3618
5431 1290
5432 995
5433 6482
5434 5118
5435 1523
5436 4295
5438 2494
5440 6606
5442 4760
5444 6275
5445 892
5446 6705
5448 6461
5449 6515
5450 6654
5451 4291
5453 3628
5455 3713
5457 4004
5459 1659
5461 6628
5462 4113
5463 5035
5464 6554
5465 5482
5466 672
5467 3560
5468 1968
5470 6517
5471 2764
5472 6670
5473 6125
5476 359
5477 6783
5478 3223
5480 4166
5483 445
5484 4015
5487 5035
5489 999
5490 5022
5492 2071
5493 888
5494 5439
5495 4982
5496 1663
5497 4101
5500 1036
5501 5724
5502 4739
5503 6393
5505 3187
5507 4299
5508 1535
5510 1295
5511 3501
5513 143
5516 2813
5519 6570
5520 3349
5521 596
5522 1314
5524 2657
5525 2916
5526 6273
5527 724
5529 3628
5531 6442
5532 3712
5533 2970
5534 300
5535 3972
5536 731
5537 2491
5538 1955
5539 5804
5540 5410
5542 2165
5543 1412
5547 69
5550 851
5551 1615
5552 6758
5553 931
5554 4078
5555 3128
5557 3893
5558 5499
5560 6693
5561 577
5566 1699
5567 1184
5568 3680
5570 3011
5571 1700
5573 3641
5575 1267
5576 4364
5581 6643
5582 4047
5583 6019
5585 2069
5586 102
5588 2863
5589 5321
5591 319
5592 3395
5598 6534
5599 6630
5601 6451
5602 839
5604 4440
5605 900
5606 3398
5607 3581
5608 6576
5609 5235
5610 398
5612 967
5613 6052
5614 452
5617 931
5618 4858
5620 840
5622 23
5623 724
5624 6776
5625 62
5628 5233
5629 6175
5630 6739
5631 6720
5632 1554
5633 3667
5634 6013
5638 3338
5639 1497
5640 6668
5641 3795
5643 576
5645 3920
5646 4386
5647 5019
5649 5051
5650 631
5651 6741
5652 111
5653 472
5654 169
5655 2289
5656 1417
5657 4148
5659 4961
5660 6653
5662 6166
5663 4222
5664 1001
5665 4237
5667 3024
5668 5332
5670 5209
5671 2370
5673 5141
5674 3322
5675 5724
5677 6686
5682 3040
5683 2627
5684 5661
5687 1443
5688 3225
5689 5837
5691 889
5694 5078
5695 568
5696 3441
5698 756
5699 4489
5701 2751
5702 186
5706 1885
5708 6531
5709 6650
5713 2863
5715 5572
5716 4078
5717 5924
5719 2693
5721 4717
5722 3678
5728 6262
5729 3461
5731 4305
5734 4709
5736 4366
5737 1275
5738 6233
5739 4309
5741 6640
5744 3289
5746 3027
5750 5686
5751 2555
5752 6625
5753 3713
5754 64
5755 5161
5756 4858
5757 102
5759 4205
5761 4496
5762 6088
5763 1682
5765 6084
5768 6563
5769 4892
5771 6709
5773 1396
5774 6657
5776 5417
5777 747
5781 3401
5782 6200
5783 1746
5784 1603
5785 2046
5786 3223
5788 882
5789 4669
5790 3027
5791 4328
5793 3253
5794 2994
5795 6342
5796 1989
5797 984
5798 122
5799 6540
5800 1190
5801 1907
5802 1741
5803 2434
5805 6544
5806 3998
5807 $862
5809 131
5810 2630
5811 26
5812 6560
5813 1989
5814 1036
5815 6396
5816 5103
5817 6694
5819 2996
5821 1295
5823 1334
5824 4922
5825 927
5827 2653
5828 2961
5830 4173
5831 2341
5832 5818
5833 3650
5835 3481
5838 1756
5841 589
5844 6384
5845 6505
5846 3705
5851 2555
5853 6542
5854 1612
5856 147
5857 5686
5858 882
5860 5212
5861 3226
5862 6363
5865 530
5866 5051
5867 4342
5868 3349
5869 2461
5870 6108
5872 3330
5873 645
5874 6275
5875 2840
5877 5332
5878 5887
5879 5977
5880 5855
5881 976
5882 892
5884 638
5885 5272
5886 1465
5888 5615
5889 3680
5890 6643
5891 4888
5892 1622
5893 2987
5894 5389
5895 2728
5897 1074
5898 757
5899 570
5900 6464
5901 1493
5903 2100
5906 6225
5907 4525
5909 1377
5910 5095
5911 813
5913 4779
5917 5303
5918 6162
5919 1305
5920 224
5921 6605
5922 1971
5923 3616
5926 111
5929 5747
5930 567
5931 5488
5932 1169
5933 3718
5934 2180
5935 6436
5936 5213
5938 6581
5940 5837
5941 6515
5942 3144
5944 4922
5946 4536
5948 5523
5949 2265
5950 313
5956 3407
5958 2112
5959 210
5960 4792
5961 4145
5962 4367
5963 3218
5964 26
5965 4995
5966 6489
5967 5971
5968 1264
5969 649
5970 2571
5972 2118
5973 193
5974 1507
5976 2685
5978 1741
5979 1645
5981 2553
5982 3039
5983 1048
5984 60
5986 3650
5988 1889
5989 2488
5991 3728
5992 924
5993 4596
5995 6204
5996 2103
5997 5876
5998 2817
5999 3099
6000 2069
6003 4975
6005 6561
6008 2041
6009 6684
6011 4982
6012 3515
6014 4063
6016 4253
6020 532
6021 5385
6022 107
6025 2347
6026 132
6027 3106
6030 2794
6031 673
6033 4166
6035 6749
6036 900
6037 277
6039 3106
6042 1744
6043 1037
6044 2482
6045 1014
6046 3982
6048 2486
6049 6442
6054 3139
6055 5767
6056 1186
6057 6652
6058 2475
6061 6341
6064 2624
6065 6676
6066 3398
6067 3347
6069 2558
6070 3414
6071 3143
6073 5574
6074 773
6075 5726
6076 5724
6077 3448
6078 6397
6079 3635
6080 858
6081 1517
6082 805
6085 6200
6086 6416
6087 984
6090 3070
6091 2893
6092 100
6094 4264
6096 6477
6098 1561
6099 2373
6100 4331
6102 1757
6104 6592
6106 3471
6109 6631
6112 6384
6113 1700
6115 2914
6117 4533
6119 6691
6120 4020
6121 3462
6123 6708
6124 6627
6128 3558
6129 1180
6132 2038
6133 4985
6134 1422
6136 2548
6137 1021
6138 2708
6139 3646
6141 2088
6142 2364
6144 3944
6145 6480
6146 675
6149 4888
6150 3307
6151 964
6152 150
6153 3230
6154 774
6155 2041
6156 6024
6157 6686
6158 2919
6160 5259
6161 5391
6164 2797
6165 3290
6168 999
6169 4070
6170 2302
6176 6365
6178 4585
6179 4060
6180 5059
6181 3712
6183 1853
6184 141
6185 2785
6186 5829
6187 294
6189 2021
6191 2118
6192 5184
6195 831
6201 919
6202 4742
6203 6544
6205 976
6206 5201
6209 470
6210 1443
6211 2610
6214 740
6215 6728
6216 6714
6218 3968
6219 6399
6220 2996
6226 6062
6228 4543
6229 1806
6230 5690
6231 6095
6232 463
6236 6657
6237 4790
6239 2037
6241 5210
6242 3571
6247 463
6248 5130
6249 4860
6251 3398
6254 2283
6255 6593
6257 4382
6259 4261
6260 2061
6263 957
6264 4922
6265 3306
6266 4783
6267 1233
6268 3370
6269 656
6270 712
6271 4359
6274 1147
6276 6705
6277 2437
6278 6445
6280 6505
6281 2893
6283 3728
6286 1699
6287 416
6288 6494
6290 1325
6291 1351
6293 407
6294 6479
6296 1199
6297 2184
6298 198
6299 661
6300 6544
6301 798
6302 394
6304 2473
6305 2810
6307 6177
6310 1515
6313 5491
6314 1209
6315 6610
6319 3878
6322 6658
6323 1365
6324 6577
6325 5145
6327 4764
6328 6485
6329 2792
6330 4343
6331 4238
6332 315
6333 4148
6334 5370
6335 6356
6336 5184
6338 1031
6339 3447
6340 773
6344 4686
6349 2488
6350 4378
6351 747
6352 877
6353 2720
6354 5056
6355 66
6360 5474
6361 2392
6362 769
6364 3699
6366 4783
6368 891
6369 5577
6372 5565
6373 1979
6374 337
6375 4986
6376 631
6377 1888
6378 2404
6379 4105
6380 3099
6381 6739
6382 406
6386 2935
6398 2755
6402 3030
6404 5385
6405 6706
6406 1502
6407 6371
6409 1977
6410 4601
6412 786
6413 5518
6414 4953
6417 6429
6419 6633
6422 2822
6425 2
6427 2481
6428 4133
6432 2507
6433 269
6434 6450
6435 104
6785 6749
6786 1659
6787 3304
6788 1579
6789 5367
6790 2410
6791 649
6792 4343
6793 3482
6794 2377
6795 5391
6796 2090
6797 4858
6798 892
6799 1180
6800 4481
6801 3027
6802 1743
6803 6577
6804 5044
6805 3270
6806 6466
6807 4348
6808 5303
6809 2776
6810 3650
6811 4980
6812 3218
6813 1465
6814 1380
6815 2693
6816 3398
6817 5498
6818 4264
6819 5712
6820 3944
6821 6510
6822 6723
6823 828
6824 3972
6825 881
6826 607
6827 23
6828 337
6829 6558
6830 5225
6831 1911
6832 4684
6833 5509
6834 5515
6835 2175
6836 2118
6837 6548
6838 2168
6839 2098
6840 2123
6841 6739
6842 4391
6843 6342
6844 4389
6845 1737
6846 728
6847 2365
6848 6758
6849 5779
6850 5975
6851 6188
6852 785
6853 863
6854 1941
6855 3616
6856 2894
6857 350
6858 4395
6859 284
6860 2286
6861 293
6862 6431
6863 1751
6864 568
6865 2827
6866 1533
6867 418
6868 3788
6869 6589
6870 2343
6871 4430
6872 5792
6873 5990
6874 3322
6875 593
6876 1766
6877 5517
6878 425
6879 6188
6880 879
6881 611
6882 6196
6883 3750
6884 4948
6885 655
6886 5672
6887 5408
6888 6767
6889 6697
6890 4386
6891 4328
6892 5389
6893 2161
6894 1329
6895 5143
6896 5314
6897 6553
6898 11
6899 62
6900 828
6901 6093
6902 2872
6903 6692
6904 3515
6905 1031
6906 3460
6907 5569
6908 2632
6909 1304
6910 5839
6911 214
6912 3261
6913 6588
6914 1248
6915 6761
6916 2557
6917 1270
6918 6580
6919 6262
6920 5724
6921 3585
6922 5939
6923 2410
6924 3338
6925 3923
6926 3804
6927 6652
6928 4295
6929 702
6930 1142
6931 573
6932 3523
6933 2711
6934 2772
6935 6538
6936 838
6937 1890
6938 3178
6939 595
6940 4737
6941 4684
6942 4148
6943 2797
6944 999
6945 2676
6946 2063
6947 273
6948 3391
6949 6610
6950 6519
6951 4505
6952 2340
6953 5523
6954 1160
6955 3893
6956 992
6957 3561
6958 6784
6959 588
6960 3603
6961 5041
6962 5130
6963 6769
6964 4773
6965 2216
6966 4895
6967 2481
6968 5658
6969 3585
6970 290
6971 6505
6972 5564
6973 4866
6974 577
6975 6573
6976 4792
6977 6421
6978 2156
6979 984
6980 1638
6981 6224
6982 607
6983 323
6984 4215
6985 3124
6986 567
6987 3924
6988 748
6989 2166
6990 2410
6991 6084
6992 3106
6993 4709
6994 782
6995 2433
6996 4450
6997 82
6998 6698
6999 6063
7000 5549
7001 3626
7002 2749
7003 815
7004 6666
7005 6449
7006 6499
7007 6519
7008 2038
7009 5808
7010 6693
7011 6696
7012 637
7013 584
7014 5150
7015 611
7016 819
7017 4346
7018 2675
7019 1663
7020 4862
7021 1792
7022 4359
7023 4331
7024 4934
7025 3804
7026 919
7027 4301
7028 3468
7029 5332
7030 4391
7031 4012
7032 4979
7033 4772
7034 2387
7035 5458
7036 677
7037 6491
7038 6620
7039 1172
7040 1689
7041 5850
7042 26
7043 1254
7044 3940
7045 2631
7046 2306
