5488 54
7034 13
1428 10
6246 36
7046 5
1948 43
4125 42
4899 16
6903 17
6291 19
5632 79
6683 66
6913 13
5452 5
4571 67
2651 29
3664 30
6687 69
6850 31
1596 79
7037 5
431 23
2952 56
3496 5
344 12
6965 13
5355 59
6103 38
6497 8
1055 27
6716 35
100 21
854 56
2518 95
6945 19
7020 1
6879 27
6659 22
2004 5
4647 56
5383 19
7021 15
6730 7
6596 45
4089 21
5584 29
2005 95
7027 66
6770 11
2298 56
3880 62
6800 69
6278 65
6973 23
927 34
6833 9
268 12
167 8
3870 13
6891 24
5458 51
6946 21
4168 8
5171 0
6365 49
734 2
5612 12
4228 79
5615 24
6674 37
3780 32
6569 12
6917 6
6192 32
1419 19
2021 61
6921 16
7019 10
5338 85
4782 3
3013 31
4270 49
6414 38
6906 19
6279 8
3327 85
4058 30
2686 54
6872 56
6876 43
5103 82
967 79
2839 67
6919 34
1367 2
5736 53
6963 66
4941 30
7038 7
2595 43
6960 16
1726 27
6196 28
6116 25
6907 1
2818 21
4787 79
5787 17
3234 49
5642 9
6950 7
7005 91
5729 3
5742 92
1554 89
6785 13
5914 54
1922 8
2347 34
4315 16
3167 3
6444 88
1954 59
3824 36
6797 2
6839 15
131 34
6609 5
4422 13
215 32
6225 45
