6919 16
1340 176
463 172
7407 954
199 19
8199 2398
8200 327
8201 3220
8206 5518
8207 6558
8211 1291
25 8379
8233 1736
8238 3287
8243 4490
8246 8143
8252 2441
8255 5595
8256 7050
8262 7479
8263 6868
8264 3872
8273 7174
8277 2749
86 1617
8283 6182
8284 3689
8289 777
8292 3297
8307 248
8316 7186
8317 3795
8321 6426
8324 8306
8328 5498
8330 2742
8336 5726
8338 4237
8342 3809
8346 6967
8347 5412
8350 1557
8365 5433
8370 2232
8378 6028
8391 2134
8392 4295
8397 2325
8403 1402
8405 3174
8406 4869
8407 2873
8410 2854
8411 2178
8412 7311
8413 4779
8414 5740
8415 5208
8416 6657
8417 3022
8418 1696
8419 1283
8420 5861
8421 1061
8422 4155
8423 5509
8424 1995
8425 3455
8426 1167
8427 6975
8428 7568
8429 762
8430 7499
8431 4588
8432 5631
8433 3585
8434 7539
8435 2542
8436 6428
8437 3432
8438 7839
8439 2231
8440 6747
8441 5463
8442 2156
8443 6673
8444 1485
8445 6048
8446 2851
8447 3620
8448 1692
8449 7919
8450 4275
8451 5264
8452 7125
8453 6094
8454 1879
8455 3530
8456 7474
8457 4254
8458 3290
8459 786
8460 6055
8461 1152
8462 2726
8463 156
8464 7126
8465 5015
8466 5782
8467 3849
8468 7328
8469 2951
8470 8129
8471 6106
8472 1438
8473 2843
8474 3129
8475 2364
8476 1096
8477 5565
8478 899
8479 4138
8480 433
8481 6049
8482 5054
8483 1148
8484 1142
8485 8314
8486 4246
8487 5561
8488 3313
8489 4038
8490 8005
8491 7483
8492 5959
8493 869
8494 3113
8495 781
8496 1824
8497 4631
8498 4077
8499 7490
8500 5624
8501 134
8502 688
8503 7355
8504 5845
8505 3886
8506 7640
8507 205
8508 2749
8509 5884
8510 1359
8511 6595
8512 6068
8513 3928
8514 1248
8515 2723
8516 5338
8517 8095
8518 7626
8519 3401
8520 838
8521 5894
8522 2548
8523 3577
8524 5598
8525 414
8526 2316
8527 8056
8528 1717
8529 6489
8530 6747
8531 6874
8532 4173
8533 584
8534 36
8535 5706
8536 1038
8537 8304
8538 7163
8539 7155
8540 8047
8541 7758
8542 3739
8543 5172
8544 5387
8545 5152
8546 5042
8547 712
8548 1663
8549 5585
8550 580
8551 4407
8552 3196
8553 649
8554 4719
8555 4155
8556 4055
8557 1950
8558 6569
8559 3316
8560 5805
8561 3472
8562 4213
8563 7805
8564 3042
8565 7094
8566 2371
8567 7868
8568 7464
8569 6793
8570 1014
8571 648
8572 263
8573 7028
8574 863
8575 2602
8576 2628
8577 791
8578 5253
8579 1861
8580 7155
8581 1484
8582 4198
8583 6770
8584 8214
8585 1281
8586 5770
8587 4318
8588 4148
8589 4944
8590 8355
8591 387
8592 7806
8593 2397
8594 6576
8595 2949
8596 4042
8597 2430
8598 1616
8599 7953
8600 3519
8601 2934
8602 8098
8603 3189
8604 7271
8605 7448
8606 6863
8607 3007
8608 5431
8609 5882
8610 6177
8611 6349
8612 5534
8613 4168
8614 5088
8615 7338
8616 258
8617 6526
8618 4163
8619 922
8620 2789
8621 1775
8622 6530
8623 1208
8624 8162
8625 1022
8626 5732
8627 2511
8628 8278
8629 5575
8630 2784
8631 1785
8632 2981
8633 7034
8634 2929
8635 2880
8636 5279
8637 3147
8638 4133
8639 6073
8640 3578
8641 2144
8642 6327
8643 267
8644 7254
8645 7968
8646 8360
8647 527
8648 3641
8649 1861
8650 5784
8651 1371
8652 5222
8653 6176
8654 4833
8655 6136
8656 2824
8657 8115
8658 2182
8659 399
8660 1023
8661 646
8662 5827
8663 5734
8664 4328
8665 2991
8666 4223
8667 7316
8668 7361
8669 7827
8670 5689
8671 5508
8672 568
8673 2067
8674 2133
8675 5306
8676 2328
8677 5764
8678 6732
8679 2037
8680 3242
8681 3692
8682 4917
8683 6599
8684 7559
8685 1987
8686 5403
8687 2210
8688 8203
8689 1035
8690 3188
8691 8288
8692 1828
8693 3829
8694 4491
8695 1126
8696 387
8697 1184
8698 2979
8699 1832
8700 407
8701 6391
8702 7814
8703 7040
8704 4388
8705 4978
8706 3063
8707 4479
8708 4412
8709 6983
8710 7983
8711 5464
8712 3351
8713 4153
8714 4958
8715 6941
8716 3595
8717 1687
8718 2490
8719 7982
8720 5958
8721 7109
8722 5433
8723 4090
8724 6228
8725 6902
8726 5144
8727 4541
8728 3212
8729 3259
8730 2194
8731 376
8732 2211
8733 1284
8734 1381
8735 2260
8736 7627
8737 456
8738 2520
547 4338
8739 3660
8740 7149
8741 8366
8742 8090
8743 5388
8744 7234
8745 4684
8746 5266
8747 1927
8748 3242
8749 7655
8750 8311
8751 3169
8753 5771
8752 5274
8755 2661
8756 1072
8757 6203
8758 4855
8759 4352
8754 5911
8761 4019
8762 3476
8763 13
8764 763
8765 5355
8760 5100
8767 4451
8768 4383
8769 4429
8770 8343
8771 8384
8772 1391
8773 3628
8774 7282
8775 473
8776 1952
8777 3623
8778 426
8779 1840
8780 7616
8781 3658
8782 802
8783 1100
8784 3401
8785 8034
8786 1843
8787 2059
8788 5141
8789 994
8790 5631
8791 1293
8792 3876
8793 2125
8794 7628
8795 4155
8796 5138
8797 925
8798 7568
8799 3324
8800 4064
8801 7109
8802 6452
8803 3495
8804 957
8805 2406
8806 3182
8807 2077
8808 4330
8809 4736
8810 4249
8811 8104
8812 1125
8813 5302
8814 4479
8815 739
8816 266
8817 4003
8818 940
8819 2069
8820 6394
8821 1470
8822 4281
8823 3856
8824 3811
8825 4971
8826 3429
8827 1357
8828 7942
8829 5617
8830 1587
8831 1621
8832 1505
8833 2468
8834 2909
8835 466
8836 7785
8837 4651
8838 2914
8839 884
8840 8305
8841 464
8842 1020
8843 211
8844 6683
8845 8228
8846 5883
8847 6445
8848 6187
8849 6110
8850 8057
8851 8326
8852 4237
8853 2452
8854 6689
8855 2809
8856 3858
8857 3836
8858 8331
8859 4641
8860 2932
8861 6809
8862 2905
8863 4176
8864 3933
8865 1771
8866 272
8867 7677
8868 171
8869 6240
8870 1089
8871 2496
8872 2940
8873 481
8874 1014
8875 3742
8876 7461
8877 1558
8878 4724
8879 6524
8880 6054
8881 839
8882 7698
8883 5646
8884 767
8885 1947
8886 5568
8887 3363
8888 6661
8889 604
8890 3663
8891 7316
8892 7003
8893 7561
8894 3106
8895 5274
8896 4165
8897 7451
8898 6257
8899 2310
8900 5305
8901 2798
8902 507
8903 8235
8904 7708
8905 3870
8906 3510
8907 6260
8908 3345
8909 1129
8910 1603
8911 691
8912 3574
8913 2539
8914 5322
8915 465
8916 3806
8917 1480
8918 5864
8919 3772
8920 6424
8921 6614
8922 3934
8923 4939
8924 508
8925 6780
8926 7881
8927 4161
8928 2093
8929 6363
8930 2488
8931 5556
8932 4226
8933 4846
8934 7585
743 5772
8935 4105
8936 6385
8937 1272
8938 4640
8939 1752
8941 1210
8942 6840
8943 7117
8944 4767
8945 5265
8946 1020
8940 3060
756 4495
8949 6747
8950 6162
8951 516
8952 285
8953 7508
8954 5877
8955 6951
8956 1261
8957 65
8958 5034
8959 5617
8960 5683
8961 3210
8962 4198
8963 4286
8964 23
8965 794
8966 2935
8967 2126
8968 3761
8969 6160
8970 6640
8971 2959
8972 1340
8973 5935
8974 2766
8975 3996
8976 4651
8977 2173
8978 7790
8979 4299
8980 4187
8981 8276
8982 1574
8983 880
8984 2839
8985 4415
8986 5062
8987 7081
8988 7405
8989 4254
8990 8006
8991 4123
8992 6714
8993 3677
8994 6738
8995 3509
8996 3921
8997 2157
8998 8369
8999 7868
9000 6180
9001 3363
9002 4578
9003 3076
9004 3895
9005 5186
9006 7371
9007 4095
9008 4522
9009 7086
9010 4089
9011 1611
9012 4008
9013 6565
9014 3595
9015 1531
9016 4188
9017 6639
9018 5989
9019 1191
9020 222
9021 1142
9022 3173
9023 1200
9024 4576
9025 169
9026 6426
9027 1933
9028 3621
9029 3239
9030 3166
9031 1251
9032 2609
9033 2729
9034 6471
9035 4766
9036 6963
9037 7477
9038 2478
9039 763
9040 2888
9041 7362
9042 4838
9043 3954
9044 7194
9045 6417
9046 67
9047 4732
9048 6391
9049 2373
9050 708
9051 54
9052 1639
9053 3377
9054 4737
9055 2749
9056 6085
9057 7478
9058 3467
9059 5263
9060 147
9061 1479
9062 3849
9063 6692
9064 6183
9065 3946
9066 2005
9067 6872
9068 1262
9069 6161
9070 2243
9071 7508
9072 5813
9073 2851
9074 1846
9075 2980
9076 1932
9077 5711
9078 829
9079 2312
9080 4019
9081 7105
890 2204
9082 4371
9083 1828
9084 2231
9085 8072
9086 3526
9087 4237
9088 7187
9089 4887
9090 2561
9091 7635
9092 4293
9093 4433
9094 3264
9095 484
9096 7772
9097 7817
9099 7461
9100 1814
9101 3969
9102 3151
9103 3500
9104 6793
9105 882
9098 1509
9107 6955
9108 7437
9106 2484
9110 789
9109 7399
9112 6532
9113 6827
9114 7195
9115 1214
9116 7500
9117 7968
9118 3212
9119 5762
9120 5664
9121 2970
9122 3867
9123 7700
9124 6106
9125 1954
9126 7770
9127 3056
9128 275
9129 4682
9130 5181
9131 6485
9132 2763
9133 7119
9134 3496
9135 5044
9136 5891
9137 1354
9138 2625
9139 7548
9140 5191
9141 1193
9142 2712
9143 2168
9144 107
9145 762
9146 6560
9147 7326
9148 1226
9149 5761
9150 2752
9151 7130
9152 5436
9153 7446
9154 5336
9155 1411
9156 1431
9157 6342
9158 3380
9159 4629
9160 5840
9161 3267
9162 4874
9163 8143
9164 7834
9165 7850
9166 6512
9167 3420
9168 6043
9169 1269
9170 4308
9171 2244
9172 4072
9173 832
9174 6530
9175 6381
9176 7457
9177 4164
9178 5572
9179 1832
9180 1705
9181 2677
9182 6991
9183 5194
9184 6253
9185 4413
9186 4759
9187 7240
9188 4784
9189 7434
9190 2713
9191 7876
9192 6044
9193 2324
9194 5401
9195 932
9196 5593
9197 6488
1006 4470
9198 7176
9199 4767
9200 3438
9201 6533
9202 1009
9203 2236
9204 2866
9206 3609
9207 1588
9208 7441
9205 7139
9210 3280
9211 5023
9212 5204
9213 3286
9209 5505
9215 2853
9216 6490
9217 4116
9214 6979
9218 6342
9219 7695
9220 3353
9221 1986
9223 3817
9224 3947
9225 5935
9226 535
9227 3886
9228 855
9229 4879
9230 8110
9231 1643
9232 2084
9233 2647
9234 2591
9235 555
9236 103
9237 5651
9238 6884
9239 1118
9240 1912
9241 4293
9242 7256
9243 675
9244 1415
9245 7597
9246 694
9247 6407
9248 5147
9249 341
9250 8344
9251 695
9252 8369
9253 6672
9254 7926
9255 716
9256 7903
9257 6339
9258 3926
9259 4743
9260 3172
9261 2510
9262 221
9263 7352
9264 4982
9265 5540
9266 8102
9267 7780
9268 4546
9269 1766
9270 7649
9271 5324
1080 8362
9272 8169
9273 4075
9275 7191
9276 32
9277 101
9278 5332
9274 7648
9280 3817
9279 2847
9281 4068
9282 7148
9284 5877
9285 3100
9286 3436
9287 5025
9288 7949
9283 5946
1098 2024
9290 7645
9291 739
9292 2050
9293 196
9294 2855
9295 5961
9296 5101
9297 2722
9298 2155
9299 3296
9300 3274
9301 3843
9303 7561
9304 5731
9305 4847
9306 5726
9307 4214
9308 2175
9302 108
9309 1617
9311 3988
9312 3401
9313 3479
9314 3260
9315 173
9316 194
9317 1073
9318 7958
9319 7759
9320 1175
9321 7744
9322 1239
9323 3208
9324 282
9325 1156
9326 3628
9327 5982
9328 135
9329 1419
9330 515
1139 606
9331 3559
9332 4015
9333 21
9334 663
9335 2100
9336 2254
9337 5931
9338 8182
9339 8003
9340 4408
9341 3126
9342 6070
9343 3780
9344 1270
9345 6802
9346 7340
9347 5807
9348 1275
9349 4870
9351 1707
9350 4550
9352 147
9353 7399
9354 3618
9355 719
9356 1034
9357 7237
9358 3275
9359 2176
9360 7508
9361 3808
9362 6383
9363 4877
9364 102
9365 5115
9366 5069
9367 5736
9368 3842
9369 3996
9370 8228
9371 3405
9372 4702
9373 3950
9374 2880
9375 18
9376 7216
9377 6254
9378 4551
9379 3942
9380 5980
9381 3409
9382 2385
9383 1148
9384 496
9385 2449
9386 1426
9387 7819
9388 4319
9389 7173
9390 5721
9391 2916
9392 7397
9393 4355
9394 1063
9395 6354
9396 1426
9397 4128
9398 1397
9399 897
9400 4450
9401 5165
9402 4037
9403 3544
9404 6797
9405 2926
9406 2950
9407 1397
9408 7977
9409 4089
9410 2776
9411 1586
9412 1752
9413 7227
9414 2666
9415 1259
9416 8203
9417 2915
9418 3047
9419 6952
9420 6338
9421 6708
9422 4900
9423 7710
9424 2461
9425 5751
9426 2489
9427 1595
9428 7690
9429 4629
9430 5721
9431 3532
9432 1495
9433 1333
9434 6254
9435 6890
9436 539
9437 73
9438 4387
9439 5312
9440 3188
9441 4115
9442 5538
9443 3522
9444 6259
9445 4877
9446 3493
9447 4514
9448 7474
9449 2922
9450 6244
9451 338
9452 6300
9453 3136
9454 6576
9455 3406
9456 7488
9457 7089
9458 4081
9459 6403
9460 2739
9461 4956
9462 8387
9463 3031
9464 2818
9465 2596
9466 4404
9467 4597
9468 1670
9469 2244
9470 1986
9471 7173
9472 3265
9473 6658
9474 477
9475 1610
9476 7302
9477 3279
9478 2447
9479 2553
9480 7682
9481 5263
9482 534
1292 6065
9483 6655
9484 2032
9485 1814
9486 6070
9487 3065
9488 6948
9489 1805
9490 5846
9491 4074
9492 3717
9493 214
9494 1824
9495 442
9496 5789
9497 6928
9498 5938
9499 5562
9500 1790
9501 3106
9502 6160
9503 8319
9504 2627
9505 6994
9506 6316
9507 1810
9508 2524
9509 4350
9510 447
9511 8143
9512 762
9513 3480
9514 796
9515 282
9516 443
9517 4220
9518 7714
9519 4248
9520 2527
1331 6403
9521 631
9522 5585
9523 54
9524 8109
9525 8212
9526 1251
9527 3073
9528 8030
9529 8040
9530 2775
9531 1603
9532 1332
9533 2702
9534 309
9535 5954
9536 4422
9537 3517
9538 2798
9539 2446
9540 3117
9541 709
9542 6122
9543 6352
9544 2377
9545 5612
9546 2485
9547 92
9548 4504
9549 5198
9550 8094
9551 2588
9552 205
9553 3110
9554 2155
9555 3477
9556 5463
9557 3395
9558 6179
9559 6602
9560 1081
9561 5495
9562 7983
9563 7615
9564 3344
9565 2423
9566 4334
9567 7889
9568 3179
9569 704
9570 3839
9571 7649
9572 8195
9573 7586
9574 2409
9575 1794
9576 7476
9577 2439
9578 4516
9579 6438
9580 3054
9581 4716
9582 7828
9583 7992
9584 233
9585 3004
9586 6347
9587 2553
9588 6764
9589 119
9590 6153
9591 1483
9592 2430
9593 5311
9594 4058
9595 998
9596 5353
9597 5206
9598 4042
9599 3
9600 7083
9601 7939
9602 5005
9603 1966
9604 4960
9605 1950
9606 1343
9607 4894
9608 5235
9609 833
9610 1514
9611 5995
9612 8323
9613 8360
9614 3251
9615 887
9616 1234
9617 4432
9618 3929
9619 5222
9620 4080
9621 1793
9622 1567
9623 6369
9624 4955
9625 665
9626 5604
9627 7023
9628 5816
9629 632
9630 5882
9631 2333
9632 2259
9633 1249
9634 6324
9635 2341
9636 4020
9637 3751
9638 7952
9639 3489
9640 2890
9641 3753
9642 7233
9643 1723
9644 2743
9645 4595
9646 2502
9647 6725
9648 2423
9649 4617
9650 6608
9651 4983
9652 7797
9653 7826
9654 1460
9655 4443
9656 7464
9657 660
9658 6261
9659 6250
9660 4653
9661 2575
9662 616
9663 3416
9664 5736
9665 6575
9666 2862
9667 2870
9668 8135
9669 5626
9670 2641
9671 1818
9672 4766
9673 3123
9674 3826
9675 456
9676 7545
9677 1065
9678 4505
9679 3180
9680 69
9681 1881
9682 6971
9683 2626
9684 1933
9685 6365
9686 5135
9687 1521
9688 3061
9689 8345
9690 346
9691 7308
1503 7808
9692 4962
9693 1393
9694 4752
9695 772
9696 4846
9697 7603
9698 5677
9699 6454
9700 2146
9701 1868
9702 6688
9703 7657
9704 5931
9705 6449
9706 4515
9707 5604
9708 2887
9709 3479
9710 2334
9711 8126
9712 7174
9713 4000
9714 5152
9715 7666
9716 5205
9717 3548
9718 3122
9719 322
9720 7804
9721 3772
9722 3525
9723 2896
9724 1155
9725 4171
9726 6622
9727 5150
9728 3771
9729 8210
9730 52
9731 7074
9732 667
9733 3076
9734 5306
9735 4842
9736 2650
9737 5621
9738 4144
9739 6777
9740 3908
1553 6490
9741 3576
9742 3885
9743 283
9744 5019
9745 6591
9746 5970
9747 3420
9748 7545
9749 7290
9750 2271
9751 6731
9752 159
9753 6359
9754 1496
9755 7098
9756 528
9757 7793
9758 6208
9759 1155
9760 6736
9761 2104
9762 6476
9763 546
9764 7070
9765 6316
9766 119
9767 8106
9768 3371
9769 373
9770 1210
9771 6778
9772 8105
9773 1083
9774 2011
9775 2287
9776 7615
9777 5856
9778 7552
9779 3687
9780 2584
9781 2236
9782 7509
9783 3964
9784 324
9785 5397
9786 3965
9787 2886
9788 5144
9789 3327
9790 6277
9791 7803
9792 4710
9793 1063
9794 5390
9795 7809
9796 3292
9797 1413
9798 7218
1612 6392
9799 5691
9800 4707
9801 2369
9802 4204
9803 2749
9804 3499
9805 5303
9806 3025
9807 2092
9808 818
9809 3032
9810 6583
9811 1090
9812 3007
9813 1846
9814 2246
9815 7010
9816 7144
9817 1992
9818 457
9819 2095
9820 1555
9821 3457
9822 6488
9823 7216
9824 1426
9825 7113
9826 89
9827 3600
9828 5954
9829 390
9830 6586
9831 6423
9832 8176
9833 7986
9834 4417
9835 2584
9836 7928
9837 4049
1652 4824
9838 2591
9839 7214
9840 7088
9841 6167
9842 5733
9843 5973
9844 3188
9845 1547
9846 4596
9847 6371
9848 7800
9849 225
9850 6460
9851 6825
9852 6938
9853 5846
9854 5155
9855 3054
1671 2399
9856 8195
9857 3802
1674 6987
9858 952
9859 2307
9860 5349
9861 2176
9862 5243
1680 6370
9864 2822
9865 2118
9866 2062
9867 4635
9868 67
9869 1263
9870 1326
9871 2329
9872 6524
9873 6303
9874 2611
9875 3500
9876 2944
9877 3955
9878 3014
9879 4319
9880 2377
9881 6555
9882 907
9883 3146
9884 4716
9885 3480
9886 7216
9887 3915
9888 4037
9889 6593
9890 2830
9891 6250
9892 2936
9893 558
9894 5109
9895 7367
9896 2253
9897 2326
9898 946
9899 8133
9900 6066
9901 7649
9902 6682
9903 5562
9904 6298
9905 7056
9906 8023
9907 504
9908 1408
9909 1420
9910 5487
9911 604
9912 45
9913 2367
9914 146
9915 6404
9916 6698
9917 2264
9918 7185
9919 5752
9920 3918
9921 5445
9922 1090
9923 2892
9924 7717
9925 5989
9926 1831
9927 3199
9928 7333
9929 1791
9930 5909
9931 3187
9932 3797
9933 3795
9934 1817
9935 4303
9936 658
9937 432
9938 7638
9939 2190
9940 5622
9941 2853
9942 6833
9943 1305
9944 3329
9945 736
9946 916
9947 193
9948 2046
9949 3187
9950 1624
9951 938
9952 2304
9953 8191
9954 2191
9955 6322
9956 2490
9957 6297
9958 5040
9959 4242
9960 5828
9961 2751
9962 1326
9963 609
9964 4001
9965 3187
9966 2107
9967 3231
9968 3705
9969 8335
9970 4200
9971 2948
9972 6861
9973 2846
9974 5942
1792 3262
9976 2155
9977 8383
9978 8275
9979 2994
9980 4962
9981 1636
9982 6137
9983 1740
9984 2370
9985 1760
9986 4590
9987 56
9988 6718
9989 2655
9990 7281
9991 5077
9992 7761
9993 7218
9994 6793
9995 6827
9996 4312
9997 5585
1815 6711
9999 7924
2035 1850
2058 4076
2158 7725
2198 5301
2212 2064
9863 2789
2382 1914
2454 6053
2469 5624
2472 7838
2601 5560
2617 2209
2783 3773
2785 6838
2799 1269
2804 8114
2881 1722
2894 24
2983 3914
3044 2321
3105 6489
3135 5017
8766 5393
3175 7103
3257 4781
3301 6303
3335 4986
3352 1422
3417 5274
3547 535
3557 1518
3590 3952
3637 2901
3652 5040
3672 4218
3679 6503
3724 2676
3980 795
4012 6980
4016 7476
4024 4658
4029 5513
8947 1288
8948 5605
4087 6094
4134 6357
4154 5676
4186 3340
4205 4796
4245 4759
4309 6967
4353 735
4380 3245
4382 1973
4384 1971
4499 4394
4628 5659
4673 7077
4754 5036
4763 4530
4815 3680
4836 539
4860 2620
9111 609
4942 1192
4950 3237
4953 1602
4987 5632
5032 2855
5131 607
9975 5546
5335 5401
5365 4810
5383 1351
5392 7996
9222 5493
5444 1225
5499 1302
5507 7551
5548 6922
5569 4545
5597 3948
5660 5247
9998 4475
9289 4797
5844 7318
5855 3396
9310 6024
5889 8322
5895 3478
5916 5060
5944 2989
5962 790
5963 2383
5975 1894
5984 6021
6011 7694
6075 7719
6091 6968
6163 697
6166 5676
6192 4099
6204 4625
6267 7967
6302 5288
6313 1938
6328 2213
6350 1172
6436 3262
6444 2530
6469 7576
6478 6813
6484 4553
6498 7189
6517 3689
6545 6537
6573 3150
6606 3028
6628 2636
6651 1359
6654 5362
6677 5057
6695 3622
6715 3884
6727 7509
6741 4463
6762 8108
6767 7030
6792 5336
6806 1508
6810 5334
6849 6156
6866 3535
6908 6531
6950 1451
6984 3198
7015 3641
7067 6452
7072 912
7121 5385
7122 7552
7129 7012
7133 6838
7166 3260
7181 1328
7183 8359
7193 305
7212 424
7243 230
7244 6798
7250 5500
7263 5970
7319 3138
7327 7804
7360 5670
7375 6633
7422 57
7427 6576
7465 3396
7484 1171
7501 2505
7519 4053
7522 3588
7523 5985
7537 7438
7560 1917
7565 7267
7570 4388
7579 3754
7591 8404
7599 1623
7605 4214
7611 7807
7612 3131
7613 2228
7622 524
7633 7200
7644 4048
7671 6482
7674 3289
7680 708
7701 8063
7707 57
7722 6422
7730 1631
7733 4049
7737 7830
7738 4633
7747 2215
7751 6672
7765 3386
7768 7816
7771 7540
7831 3406
7869 8204
7885 8225
7898 1725
7909 4162
7915 732
7918 3987
7920 5217
7929 938
7933 3148
7936 0
7945 1690
7947 1561
7957 3241
7961 5243
7987 7696
7991 3404
7999 5036
8009 8327
8010 7743
8019 3965
8031 7682
8053 5427
8055 606
8077 6709
8082 3624
8086 4085
8087 4623
8097 2933
8127 3777
8140 5297
8141 2267
8151 7993
8167 5662
8171 3587
8174 1236
8185 5136
8187 6667
