2647 118
7717 195
1100 88
277 32
1291 31
1308 53
4902 186
1441 33
6764 19
7759 32
1371 31
3287 176
3883 31
724 72
7223 32
5587 6
7782 211
8192 1533
5 7743
8200 8494
8209 5032
8214 1689
8215 674
8219 7338
8223 2776
34 5337
8237 6504
55 4965
57 359
8250 5403
8252 241
8258 6434
8259 8845
8263 5930
8282 1582
8284 4769
8303 5033
8312 2523
124 322
125 5146
8320 5138
8346 6077
159 3304
8351 1106
168 2673
8364 7839
177 980
183 1270
188 1615
8387 1158
8388 7456
199 615
208 3086
8444 6903
256 5353
261 7290
265 6861
8466 1380
304 8233
8509 1432
330 4747
341 310
8551 7395
8576 8194
392 5914
8586 309
406 3064
445 2925
452 8797
463 8734
464 6436
469 536
8662 99
8674 4486
8678 914
492 6384
8687 3911
8710 2526
8746 7701
8757 5711
572 473
8770 2528
583 8339
8781 3149
596 7037
607 632
8799 7050
8806 7530
631 5021
639 4064
8834 366
644 9082
8841 2453
8854 4775
667 3902
684 5220
701 9120
706 3644
708 342
8942 1691
8943 5337
8945 4824
760 1244
8994 7033
807 2205
809 6433
9002 2946
9006 8616
817 6205
9014 4574
9934 7247
9033 2225
846 274
848 4722
851 1618
9046 8815
855 8595
9049 519
9050 7567
9062 8248
871 1918
9063 4249
9944 1372
9080 2147
9081 1263
9083 7717
9948 4415
9093 8906
905 7955
9098 8520
9102 1500
9109 8510
9110 66
9112 3926
9952 510
9115 721
9118 1401
9123 5306
9127 4327
9132 4372
9139 6718
9142 3047
9145 3926
9149 6903
9150 1813
9151 6343
9960 1624
961 2701
9153 7714
9161 8657
9164 7251
973 7309
9167 6345
9168 5624
9170 3796
9172 5324
9173 2861
9174 6411
9175 1068
9964 828
9181 2269
9183 8534
9184 6971
995 8488
9189 7672
9192 6420
9193 4379
9194 5303
9195 8305
9196 4858
9197 4657
9198 6073
9199 8000
9200 1192
9201 579
9202 5457
9203 6324
9204 448
9205 7703
9206 4563
1015 742
9207 8613
1017 6353
9208 5933
9209 3208
9210 5673
9211 2109
9212 5194
9213 1035
9214 6844
9215 338
9216 5781
9217 5818
9218 4216
9219 8914
9220 3088
9221 5391
9222 3737
9223 7282
9224 1905
9225 4451
9226 716
9227 3771
9228 3674
9229 7105
9231 5302
9230 1651
9232 8709
9235 8535
9236 7965
9237 8275
9238 3280
9239 3103
9240 7946
9241 6962
1050 2267
9242 1320
9243 2170
9245 7850
9244 4139
9246 6218
9247 4434
9249 7787
9250 468
9251 7534
9252 6841
9253 7712
9254 5214
9255 8434
9248 698
9257 6315
9258 3555
9256 1805
9259 1876
9261 5277
9260 3664
9263 4121
9264 7757
9262 8803
9266 5338
9267 1545
9268 7856
9265 1982
9270 5627
1079 2426
9271 412
9273 7102
9269 6113
9275 1788
9276 4080
9277 6413
1086 8354
9278 9177
9280 3097
9281 8826
9282 4483
9274 3604
9284 1180
9285 3842
9286 7731
9287 5262
9288 3847
9283 3552
9290 954
9289 2122
9292 3198
9293 3966
9294 5835
9291 7352
9296 8204
9295 8870
9298 3865
9297 563
9299 7028
9301 4374
9302 4166
9303 4067
9304 5475
9305 6274
9306 3978
9307 2425
1116 2298
9308 3475
9309 3924
9310 5899
9311 4615
9312 3388
9313 5125
9314 1509
9315 1865
9316 991
9318 1283
9319 1456
9320 2306
9321 8729
9322 7299
9323 7055
9324 2330
9325 2895
9317 1824
9327 693
9328 6182
9329 2028
9330 5224
9331 6538
9332 1027
9333 8636
9334 3276
9335 4406
9336 5163
9337 787
9338 4123
9339 6043
9340 6860
9341 2392
9342 1258
9343 2346
9344 3360
9345 3211
9346 3193
9347 1642
9348 5806
9349 5779
9350 2729
9351 3970
9352 2177
9353 2802
9354 5954
9355 8014
9356 7606
9357 1846
9358 7346
9359 7059
9360 6865
9361 7563
9362 51
9363 1486
9364 82
9365 1879
9366 1061
9367 8473
9368 5373
9369 3670
9370 715
9371 4133
9372 1163
9373 2993
9374 3036
9375 3734
9376 5175
9377 3563
9378 5783
9379 3955
9380 5296
9381 428
9382 7564
9383 15
9384 2165
9385 2372
9386 1409
9387 1487
9388 508
9389 5224
1195 3493
1198 9061
9390 1333
1201 6516
1202 8467
9395 377
9391 1057
9392 3704
9398 7876
9399 3882
9400 4954
9401 33
9402 3296
9394 3113
9396 2813
9397 8332
9406 6206
9407 8208
1216 4057
9403 4047
9410 6733
9404 8690
9405 5619
9408 6504
9409 1564
9411 3326
1224 4242
9412 4514
9413 4636
9414 4918
9415 5562
9416 5848
9422 3657
9417 4960
9418 7570
9419 2862
9420 5826
9421 5474
9423 8680
9424 2265
9425 5153
9426 8234
9427 7959
9428 6769
9429 6718
9430 6576
9431 7453
9437 7954
9432 5572
9433 2787
9434 789
9435 516
9436 4059
9438 3058
9444 6623
9439 1166
9446 7641
9447 3760
1254 3645
9440 7289
9441 5588
9442 6257
9443 1731
9445 5688
9448 1235
9449 135
9450 5096
9451 5115
9452 2365
9453 2758
9454 2915
9455 3343
9462 7739
9456 7337
9464 949
9457 663
9458 5074
9459 6072
9460 7274
9461 5747
9470 473
9471 9082
9463 4567
9465 2156
9466 2417
9467 16
9476 8494
9468 5363
9469 531
1287 7525
9480 5860
9472 3768
9482 2666
9474 8476
9475 5894
9477 8630
9478 8102
9479 5368
9481 5335
9483 2844
9484 6220
9485 7150
9486 5017
9493 6248
9494 160
9487 8882
9488 1743
9489 3506
9490 4639
9491 7485
9492 1912
9501 9152
9495 3296
9496 2800
9497 3118
9498 4976
9506 2404
9499 109
9500 5442
9502 9136
9503 6618
9504 138
9512 324
9505 8213
9514 919
9515 8412
1323 4687
9508 7658
9509 8198
9510 7502
9511 4995
9513 44
9522 5901
9523 4525
1332 8057
9516 1056
9517 7162
9518 757
9519 739
9520 3766
9530 271
9531 5146
1339 5021
9533 5625
1340 8167
9526 3882
9527 727
9528 2174
9538 322
1347 6878
9532 3062
9534 6364
9542 0
1350 3469
9535 6994
9545 3292
9537 3865
9539 4794
9540 7865
9541 5638
9550 507
9543 573
9544 1971
9553 8190
9546 5768
9547 8771
9548 337
9549 8461
9551 5507
9559 2233
9552 3708
9554 8173
9562 8951
9563 544
9555 7160
9556 6234
9557 8690
9558 867
9560 5538
9561 4180
9564 5533
9565 6976
9568 974
9569 7800
9570 5537
9571 2580
9576 3494
9572 8394
9573 5412
9574 3405
9575 5004
9577 349
9578 3707
9579 3282
9580 8701
9581 8727
9582 898
9583 6647
9584 1002
1397 8869
9590 4682
9591 5702
9592 5915
9593 4921
1402 3385
9595 8182
9596 4563
9597 9090
9598 1880
9594 2789
9600 7257
9601 1816
9599 3149
9603 4050
9604 3942
9605 6339
9606 6155
9607 203
9608 320
9609 2950
9610 4250
9611 5202
9612 6531
9613 519
9614 5774
9615 3686
9616 5206
9617 2747
9618 6073
9619 2371
1424 2282
9620 3622
9622 1314
9623 1041
9624 1736
9621 4765
9626 8816
9627 7294
1434 5440
9625 182
9628 8427
9629 189
1440 2686
9630 7017
9631 4350
9632 5145
9636 7913
9633 2841
9638 7903
9634 8644
9640 3081
9635 8513
9637 7480
9639 974
9641 628
9642 8024
9646 6101
9643 8856
9644 3165
9645 2641
9650 1181
9648 7446
9649 7735
9653 4825
9654 1698
9655 8792
9656 8639
9657 7210
9658 4439
9659 3746
9660 7156
9661 8634
9662 3097
9663 3382
9664 8289
9665 1985
9666 5966
9667 8042
1476 2788
9669 4569
9668 700
9670 7466
9671 2047
9673 7967
9674 3731
9672 511
9675 1772
1485 3424
9676 7069
9679 1613
1488 3135
1489 213
9680 5120
9682 5185
9677 7380
9685 4917
9678 4104
9681 2456
9688 913
9689 3202
9683 4474
9691 276
9684 167
9693 5135
9686 96
9687 510
9690 2998
9692 1943
9698 5230
9699 1253
9700 886
9701 5934
9694 7513
9695 3368
9696 2191
1513 8601
9706 2605
9702 1800
9708 8914
9709 315
9710 4347
9711 4444
9703 3507
9704 5248
1522 5417
9707 3017
9712 5029
9713 4126
9714 3577
9719 6282
9720 4734
1529 7695
9721 131
9723 7246
9724 4797
9725 1247
9726 7007
9718 6629
9722 8566
9727 1185
9728 7150
9729 6431
9730 7431
9731 4189
9734 2676
9735 5420
9732 278
9733 2759
9738 5033
1547 6603
9739 6223
1549 1423
9736 415
9737 7059
9740 590
9741 1850
9746 3820
9742 5552
9748 4740
1557 1668
9750 1135
9751 2928
9743 8657
9744 6593
9754 6300
9755 5993
9747 7043
9749 5381
9758 3683
9759 8179
9760 5636
9761 8636
9753 1608
9756 2462
9757 1521
9765 8528
9766 8013
9762 6937
9763 2391
9764 4842
9770 7696
9771 8228
9772 4642
9773 5859
9774 4539
9775 2496
9776 1582
9777 5447
9778 2946
9779 3489
9780 9067
9781 6467
9782 7271
9783 7867
9784 1277
9785 2932
9786 6761
9787 6668
1595 7414
9788 8801
1598 7572
9789 2441
9790 4687
9791 7766
9792 2003
9793 7917
9794 5736
9795 3848
9796 4215
9797 8907
9798 7872
9799 7324
9800 5160
9801 5258
9802 5937
9803 7711
9804 4652
9805 8629
9806 661
9807 5968
9808 5041
9809 6726
9810 7042
9811 7282
9812 8926
9813 279
9814 1767
9815 7514
1626 6409
9816 6412
9817 1533
9818 3894
9819 4825
9820 767
9821 4915
9822 5413
9823 8422
9824 2870
9825 5255
9826 4586
1638 6641
9827 6903
9828 8910
9829 3549
9830 6905
9831 9011
9832 2784
9833 840
9834 6707
9835 5806
9836 5024
9837 2613
9838 1539
9839 4197
9840 1164
9841 6252
9842 3290
9843 8947
9844 4387
9845 5601
9846 263
9847 1893
9848 5295
1661 1327
9849 8001
9850 8909
9851 8099
9852 6362
1666 8882
9853 4136
9854 1100
9855 3800
9856 7012
9857 175
9858 638
9859 4002
9860 299
9861 5558
9862 914
9863 8921
9864 8391
9865 8670
9866 4533
9867 1729
9868 1081
9869 5979
1684 1521
9870 3089
9871 5529
9872 6230
9873 8113
9874 4648
9875 3877
9876 7062
9877 2174
9878 3401
1694 472
9879 4668
9880 8976
9881 5078
9882 8921
9883 1916
9884 9054
9885 4328
9886 1441
9887 7729
9888 7926
9889 1834
9890 6411
9891 8476
9892 2378
9893 2944
9894 6183
9895 197
9896 5689
9897 7002
9898 6590
9899 6822
9900 2109
9901 2808
9902 1782
1719 3449
9903 1908
9904 5694
9905 6451
9906 8604
9907 7048
9908 367
9909 3338
9910 6303
9911 4447
9912 7939
9913 3578
9914 7804
9915 6248
9916 3493
9917 777
9918 3979
9919 4948
9920 4081
9921 3404
9922 7375
9923 6416
9924 5235
9925 3019
9926 4305
9927 9008
9928 978
9929 7697
9930 4759
9931 8451
9932 8083
9933 5288
1751 2465
9935 592
9936 8068
9937 122
9938 1906
9939 8513
9940 1211
9941 1268
9942 5407
9943 8934
1761 7397
9945 4299
9946 8179
9947 8322
1765 3147
9949 4730
9950 30
9951 912
1769 493
9953 522
9954 1096
9955 5462
9956 3237
9957 5193
9958 1880
9959 1552
1777 874
9961 7957
9962 4329
9963 522
1781 292
9965 5412
9966 3234
9967 5835
9968 4329
9969 9159
9970 3315
9971 7873
9972 4287
9973 4908
9974 7511
9975 5394
9976 7687
9977 243
9978 8220
9979 6193
9980 2148
9981 3017
9982 884
9983 2324
9984 3173
9985 1918
9986 1362
9987 928
9988 3532
9989 6756
9990 4939
9991 5473
9992 3197
9993 4464
9994 5045
9995 4317
9996 6127
9997 1040
9998 3699
9999 2263
1831 6944
1833 26
1854 5248
1875 4688
1896 9053
1904 8304
1926 5767
1980 7389
1981 6138
1993 6961
2027 4556
2030 3598
2034 1941
2054 8865
2070 2571
2091 4796
2102 4615
2114 8344
2138 7725
2152 6012
2153 25
2163 8024
2187 7699
2195 7480
2198 4728
2270 2340
2271 4242
2317 7142
2360 3795
2364 4214
2380 4035
2390 9034
2439 1164
2443 4903
2499 7241
2541 6852
2543 135
2548 6292
2587 8699
2591 7915
2594 9018
2622 902
2653 5019
2655 2174
2690 285
2709 6486
2731 1207
2744 5494
2803 5683
2804 3173
2836 56
2889 6315
2907 1998
2914 9144
2930 637
2939 2302
2941 2339
2958 1081
2970 2873
2994 3255
3015 6075
3023 586
3035 3054
3039 9052
3048 7120
3052 3314
3109 5103
3111 3759
3112 3028
3121 5583
3124 3238
3162 5745
3230 427
3275 7232
3329 7401
3335 8087
3358 2444
3359 4319
3366 6581
3415 8098
3445 262
3452 2449
3484 7411
3487 2445
3503 1965
3535 8142
3543 5991
3557 4897
3579 3626
3582 2294
3594 6354
3596 6565
3614 6032
3618 8174
3632 3511
3637 7574
3660 2435
3679 7747
3698 3240
3765 219
3770 8952
3812 4578
3837 1697
3858 3832
3881 8731
3909 3299
3938 6939
3949 7134
3951 105
3958 141
3972 4909
4009 8185
4012 6147
4020 2188
4022 3729
4027 3059
4075 4786
4085 5214
4087 1046
4092 4863
4101 1416
4132 3968
4167 7974
4176 1055
4186 4979
4195 662
4199 8081
4205 5423
4221 2848
4247 7899
4274 8246
4312 988
4316 7199
4323 4035
4340 8231
4363 8639
4365 102
4378 8525
4382 5159
4392 8832
4396 2898
4397 9068
4407 493
4410 488
4452 8400
4456 4640
4466 3078
4501 8504
4538 6736
4543 5419
4572 87
4576 8621
4591 8438
4601 5622
4609 5931
4618 6796
4656 3962
4659 4029
4662 249
4665 5648
4674 8813
4707 7653
4785 998
4834 7959
4868 5208
4889 2422
4905 5559
4926 3613
4953 7998
4963 8074
4982 6244
5020 3895
5023 4948
5046 9005
5053 434
5054 7349
5109 2989
5161 8377
5178 305
5192 8355
5229 7331
5300 1739
5311 2208
5313 3098
5357 8419
5393 5514
5395 3332
5443 3407
5466 5165
5472 6899
9233 64
5499 6115
9234 7121
5563 2263
5596 5717
5616 8116
5649 1698
5660 8042
5669 6715
5676 927
9272 683
5704 8809
9279 6381
5733 8591
5760 2873
5796 4999
5801 810
5817 2922
5831 2857
9300 3246
5844 2597
5845 3147
5851 4757
5855 1242
5889 5523
5895 6537
5898 1242
5917 2785
5936 1462
5940 808
9326 8803
5970 6132
5980 4248
5998 7594
6010 3702
6011 1866
6014 624
6024 5629
6035 4848
6039 3478
6051 5201
6054 1040
6058 9057
6064 5265
6066 2922
6071 4867
6089 7449
6090 3963
6094 8881
6099 1141
6100 8549
6106 5423
6107 8407
6108 5927
6123 6434
6144 2526
6175 100
6180 4970
6216 3414
6217 6937
6237 5860
6279 4413
6290 2227
6299 9124
9393 3489
6307 6136
6313 1531
6327 8904
6338 6038
6350 5139
6352 6549
6375 487
6404 7169
6415 343
6417 7852
6422 3936
6430 4760
6440 15
6443 2139
6444 5037
6446 8437
6460 543
6468 2719
6497 210
6498 8836
6501 8425
6515 7492
6517 7564
6520 4563
6539 3004
6540 1154
6546 5072
6553 3334
6563 3994
6566 5788
6568 5571
6580 1968
6582 6232
6595 4443
6600 8334
6607 800
6609 4817
6614 4156
6615 2783
6656 5107
6657 3925
6662 1360
6670 4958
6683 702
6684 474
6685 4165
6695 8439
9473 8561
6725 3506
6732 8141
6750 1680
6757 446
6763 5912
6775 4895
6778 1250
6786 1457
6791 8366
6792 7275
6816 135
6857 1481
6858 3468
9507 8486
6875 991
6908 6405
6919 2191
9521 1173
6950 5040
6957 6328
6958 8028
9524 7848
9525 3906
6972 1187
6981 2224
9529 3368
6991 112
7015 3220
9536 7641
7038 660
7046 1665
7053 5193
7060 7796
7072 3806
7081 148
7092 4461
7096 2181
7108 4861
7164 8575
9566 6300
7172 5677
9567 8775
7181 1056
7185 9097
7191 2963
7193 1802
7194 1448
7220 5703
7233 7332
7235 4056
7244 1583
7250 6095
7252 6864
7256 7448
7261 3786
9585 3555
9586 8617
9587 1768
7277 368
9588 1320
9589 1596
7287 4257
7306 653
7318 4983
7319 1028
7320 4408
7325 6419
7327 6813
7330 3992
7335 5010
7344 12
7347 7848
7348 1293
7350 2764
9602 2148
7356 730
7360 2938
7363 6788
7367 5110
7383 2005
7407 3921
7408 8691
7423 3663
7437 7638
7473 3577
7475 5287
7499 3472
7503 7811
7506 1420
7523 2492
7524 2332
7527 7388
7541 1828
7555 4305
7560 1805
7577 9134
7578 1909
9647 4603
7585 3391
7587 9092
9651 5106
7601 7359
9652 8668
7608 3143
7611 3336
7626 3948
7636 5203
7642 3538
7645 41
7647 4635
7651 7056
7655 2702
7656 6325
7663 3210
7676 3211
7702 8331
7706 5202
7728 8338
7730 2011
7738 957
7742 4595
7763 8694
7770 2551
7781 5397
7792 2272
7805 8270
7822 7140
7826 8038
9697 1037
7837 3200
7841 532
7847 780
7851 2852
7868 6914
7869 1028
9705 4220
7878 759
7885 2149
7889 687
7893 264
7902 5560
7908 4105
9715 7582
9716 3257
9717 8196
7933 1605
7951 3719
7966 5057
7968 5905
7982 6968
7992 6741
8012 879
8029 74
8045 5716
8052 7632
8053 1338
9745 917
8082 5578
8086 3336
8096 533
8105 8306
9752 457
8108 8634
8114 6401
8117 6734
8147 7873
8157 6306
8162 8309
9767 5723
8184 1842
9768 7140
8189 2700
9769 1387
