6601 146
499 114
9169 16
8132 6
3134 214
8038 388
8416 13
4752 146
2853 65
8494 39
8559 153
829 158
7991 348
2143 164
8125 107
2954 15
6528 46
8602 19
5952 2
7954 33
235 563
8327 484
3667 309
8589 46
9394 32
5039 38
7616 252
9359 582
8633 19
5208 404
8761 32
1822 110
8030 52
6423 33
2116 126
5 1589
11 1553
8209 1569
19 4445
27 3237
30 2750
8226 2500
39 2644
8239 9199
8245 771
8249 6062
62 9543
8256 7147
8260 48
8261 3833
72 3299
8265 6159
85 7816
89 5070
8283 1103
98 4211
8291 3903
8293 2967
8301 7212
110 7879
122 7081
124 2976
8316 2078
8318 5882
8333 4071
155 9345
159 3920
8363 9572
175 6638
177 7958
8387 6907
9808 328
199 1195
206 7962
8399 5771
210 8077
9813 6007
8414 5186
8417 994
8419 2074
8421 3842
238 899
8436 794
246 6285
8439 5613
8441 8177
256 4413
261 8719
262 8629
263 8996
8455 211
8459 7030
8461 5259
8462 8236
271 4827
8466 468
9824 393
277 9236
8472 1722
8476 3283
285 5537
8478 4875
8482 2888
8486 2845
9828 6127
8493 5748
306 641
311 678
8508 5358
325 8252
346 6727
9838 5211
9840 2034
8552 6114
8553 3996
8564 425
8568 5015
8579 6213
388 1490
414 5034
8611 4040
421 9540
8622 3762
435 6321
8631 6801
8635 3478
445 6534
452 2078
8652 4966
8654 5179
463 2359
464 436
485 827
492 1928
8685 7734
8687 5881
8688 5427
9869 9184
8698 3374
9870 9526
508 8563
9872 2330
530 4435
9875 1155
538 5580
8731 4852
8734 3102
546 8944
8741 9442
8749 2045
561 6013
564 1297
565 559
8766 6394
8769 3094
596 9251
607 4080
617 6888
8812 1899
8814 2886
8816 68
8822 6291
631 5342
639 7344
8836 9164
8841 2553
8845 496
8846 3128
657 4729
8853 7157
8854 6326
663 6666
667 4218
8859 7247
673 4298
8883 3518
700 893
8895 1836
706 2288
712 7309
716 7328
8908 7246
718 8165
721 7826
724 8396
725 2135
8918 2561
730 4366
736 4862
738 4514
8931 4848
9916 6549
8947 7538
757 1610
760 8233
8958 1600
767 2664
9922 643
787 5778
8984 2697
793 6091
9927 117
8987 4557
8988 2981
8992 8250
9004 5146
9006 1147
817 7780
9009 9086
9010 8385
9022 9217
845 9061
848 3036
852 6054
9053 5950
9056 4279
865 3871
869 6347
9062 8434
873 417
9065 6739
879 4683
9071 7516
901 7684
906 2422
9102 6999
9103 4983
919 9472
9111 2196
9126 1295
941 2937
952 6053
958 201
995 3445
1035 3626
9982 8022
9983 6969
1079 1752
9984 474
9275 3558
1086 7821
9985 5206
9283 79
9287 2904
1100 2710
1106 436
1110 6895
1115 3832
1117 9402
9310 8347
9340 1446
9357 8571
1166 8882
9358 8977
9361 102
1188 1049
9397 2331
1209 249
9403 509
9426 9273
1241 5432
1244 6161
1249 3066
1256 1055
9470 616
9473 4808
1291 784
1296 6121
9492 8147
9494 1331
1308 5518
1311 6120
1312 6303
9527 375
9529 8176
1340 86
9542 3026
1356 3256
1362 4614
9560 742
9561 4370
1371 6155
9568 3508
9569 6065
9570 7790
9574 7078
9577 402
1391 8589
1394 7308
9587 230
1397 2951
1402 1670
9600 7888
9608 4060
9613 3507
1422 93
9614 5541
9615 5036
9616 2941
9617 4295
9618 4023
9620 7386
9621 8470
9619 6044
9623 2492
9624 4336
9625 3868
9626 2555
1434 2678
9622 4353
9629 4868
9630 984
9627 7101
9628 6237
9633 8614
1441 1752
9631 6620
9632 2116
9634 6151
9635 8373
9639 6704
9640 2706
9641 76
9642 2678
9643 4638
9644 2021
9636 5095
9637 6540
9638 7577
1456 3611
1457 9526
9645 3456
9646 4481
9647 6449
9648 308
9649 5938
9650 5732
9651 267
9652 9274
9653 5760
9654 447
9655 2868
9658 1797
9659 2561
9660 8075
9656 4548
9657 6966
9661 8322
9667 2522
9662 15
9669 2908
9670 3541
9671 140
9672 2537
9673 8418
9665 5898
9675 2041
9676 4303
1485 8413
9677 3142
9678 788
9679 335
9680 5071
9681 4462
9682 5994
9684 6036
9683 9172
9685 8957
9686 4052
9687 3486
9688 7687
9689 7038
9690 9232
9691 7826
9692 2119
1502 1683
9693 1319
9694 1262
9695 9136
1506 2629
1507 9512
9700 4607
9701 5437
9696 4431
9697 3560
9698 7899
1513 7936
9699 3370
9702 3775
9703 2550
9709 5138
9710 6410
9711 4819
9704 7517
9705 1386
9706 54
1523 6715
9715 2548
9716 8802
9717 7344
9718 9457
9719 3928
9720 6199
9721 7041
9723 3416
9724 4018
9725 8509
9726 2446
9727 2457
9728 6724
9722 1179
9729 3859
9730 9269
9731 8150
9732 8957
9733 1189
9734 4221
9735 2127
9737 4243
9736 8145
1547 2363
9740 8840
1549 2540
9741 7347
1551 8051
9744 2989
9745 3145
9746 8262
9747 2779
9739 7990
9749 3785
9742 7421
1559 6368
9743 7677
9753 4405
9754 6384
9748 1810
9750 7578
9757 4831
9758 962
9759 1168
9751 8778
9752 7022
9755 7507
9756 8360
9760 8347
9765 7822
9766 17
9761 9360
9768 1563
9769 5144
9770 173
9771 2135
9772 4506
9773 6102
9774 4062
9775 6800
9776 6260
9777 7078
9778 2285
9779 9313
9780 1405
9781 6498
9782 3625
9783 9383
9784 65
9785 4622
9786 8890
1595 2915
9787 1008
9789 6510
9790 4168
9791 7415
9788 9425
9792 2719
1602 8221
9793 3848
9794 9379
9797 2567
9798 8679
1606 947
1607 3469
9801 3230
9802 3007
9795 5722
9804 2813
9796 6333
9806 8830
9807 4432
9799 3468
9800 882
1618 4370
9803 4160
9812 4253
9805 6902
9814 6448
9815 2327
9816 9042
9817 1954
9809 1027
9810 5411
9811 2645
9821 7265
9822 8052
9823 2966
1632 299
9825 8549
9818 933
9827 8903
9819 8595
9820 8165
9830 1501
9831 5463
9832 720
9833 501
9834 7871
9826 8923
9836 944
9837 6505
9829 1785
1647 5314
9835 2277
9841 4892
9842 4336
9843 3567
9844 503
9845 3283
1651 4934
9847 2722
9839 7446
9849 8374
9850 8999
1658 9432
9852 1586
9846 9027
9854 6907
9848 3713
9851 3167
9857 863
9853 5869
1667 2966
9855 6596
9856 2757
9858 6644
9863 5735
9859 5381
9860 8869
9861 914
9867 6232
9868 2302
9862 6811
9864 2756
9871 5075
9865 7937
9873 5446
9874 2254
9866 8353
9876 5000
9877 31
9878 1793
9879 103
9880 7281
1688 3084
9882 1467
9883 9196
9884 5795
1693 3914
1694 5554
9881 7844
9885 7613
9889 8981
9886 3236
9887 8597
1700 4568
9893 9123
9888 2606
9895 3744
9890 3911
9891 3984
9898 6009
9892 871
9894 1278
9896 2541
9897 1785
9903 6724
9899 8638
9900 9496
9901 2633
9907 5085
9908 8113
9902 1490
9904 4228
9905 1514
9906 5121
9913 3830
9914 1972
9915 9414
9909 5852
9910 3849
9918 4024
9919 7344
9911 1868
9912 9345
1730 7430
9923 7464
9924 4498
9925 318
9917 4652
9920 8111
9928 8772
9929 4119
9921 6022
9931 3993
9932 867
9933 8664
9926 7612
9935 3920
9936 3619
9930 6855
9934 4826
9937 5095
9940 5531
9938 4253
9942 6220
9943 8452
9944 5469
9945 307
9939 6573
9941 3445
9948 5996
9946 9481
9947 2516
9949 3465
9950 2159
9953 3428
9954 1964
9955 9230
9951 3887
9957 487
9958 8410
9952 7050
9956 8279
9959 3624
9960 1326
9961 7551
9962 797
9965 6265
1774 5488
9963 1143
9968 4475
9964 4751
9966 1417
9971 6263
9972 4840
9967 3836
9974 3998
9969 4010
9970 3904
9973 422
9975 7032
9976 6069
9977 5946
9981 2941
1789 1701
9978 5447
9979 1199
9980 6278
9986 2164
9987 257
9988 6954
9989 1991
9990 1120
9991 1567
9992 7109
9993 6428
9994 6590
9995 1799
1798 917
1803 33
1805 1684
9996 925
9997 9239
9998 1390
9999 5199
1812 1630
1831 6802
1847 7557
1854 4442
1864 8598
1887 8628
1892 3220
1914 6377
1942 9172
1965 1644
1984 7550
2005 5451
2014 7141
2015 9002
2018 3485
2020 5458
2060 1015
2070 4357
2073 9294
2081 808
2095 5297
2102 1297
2126 5967
2129 4353
2130 5388
2133 3182
2139 179
2150 3524
2151 7635
2152 5096
2197 2140
2201 993
2203 1630
2204 6775
2234 1314
2252 119
2256 441
2261 2851
2262 3735
2270 5495
2281 4675
2306 7551
2316 7234
2329 101
2345 7123
2351 1161
2360 1742
2362 5991
2372 8257
2380 8011
2390 8048
2404 9595
2423 7712
2427 926
2454 872
2473 7577
2481 1077
2513 4810
2515 5919
2525 2033
2534 8246
2580 1543
2588 5930
2609 3493
2647 582
2685 4852
2686 7577
2690 2289
2729 737
2734 1682
2760 5601
2775 6807
2781 3008
2783 802
2841 1171
2842 9099
2844 4342
2847 2633
2907 2419
2916 3387
2921 3509
2943 2191
2946 2551
2988 4663
2993 5429
3000 1508
3003 2802
3028 4437
3032 7739
3035 2223
3039 282
3042 8944
3052 1726
3067 79
3074 7059
3078 2334
3109 7751
3110 9300
3112 1487
3120 6153
3124 3315
3127 4713
3162 7112
3171 4350
3190 2054
3201 7296
3209 4396
3212 713
3217 9122
3228 981
3233 2770
3247 7891
3250 5276
3253 1389
3255 6827
3263 4688
3287 3807
3310 1251
3317 2056
3339 1972
3350 9064
3353 2786
3359 6255
3479 3485
3505 4414
3550 2171
3557 3259
3562 9308
3568 888
3579 5144
3594 6500
3603 999
3608 1424
3615 6679
3628 288
3629 5400
3632 2731
3637 1161
3656 3442
3671 1563
3690 8898
3714 3175
3742 5366
3783 7186
3794 225
3796 7616
3819 3360
3822 5399
3854 8170
3883 6091
3909 3986
3915 6361
3924 6790
3946 4893
3949 3930
3970 5231
4006 4603
4031 1904
4041 4360
4055 7002
4074 7393
4079 7808
4085 4005
4091 6151
4104 1349
4126 9436
4128 5079
4129 4506
4144 4920
4166 1439
4167 5351
4190 1705
4195 6111
4252 8174
4269 5098
4276 8649
4292 6267
4294 4014
4313 8215
4335 968
4356 4875
4359 2084
4361 217
4375 7504
4378 8839
4386 1055
4387 2430
4404 5081
4428 8835
4429 2785
4438 1876
4452 4625
4461 6258
4492 2059
4553 5651
4591 7748
4600 5466
4643 2539
4648 5394
4659 4723
4664 7088
4674 5868
4708 2935
4725 173
4726 4212
4738 740
4741 6513
4746 748
4747 6478
4757 6513
4759 2705
4760 1186
4768 993
4772 2542
4777 6136
4802 5003
4804 5375
4812 1585
4833 1903
4844 5835
4846 4835
4896 4118
4902 975
4940 9248
4956 5763
4963 7421
4974 9436
4987 4382
4990 8252
5020 3549
5022 3738
5025 953
5030 1320
5032 985
5052 223
5065 9422
5074 6011
5108 6783
5109 3465
5113 6687
5116 7253
5174 6633
5192 6153
5220 1098
5227 1622
5230 6928
5245 3054
5279 3749
5285 7519
5300 6423
5311 1077
5320 6213
5322 6705
5326 7257
5332 7183
5339 6646
5352 8094
5357 8910
5363 4000
5377 222
5383 5945
5392 5979
5398 1164
5402 3873
5418 5799
5424 8056
5439 8447
5448 1051
5475 6196
5478 4716
5480 1677
5484 4472
5493 8234
5496 7658
5499 8385
5521 1844
5523 6667
5529 322
5533 1852
5534 4316
5576 6245
5587 317
5596 6104
5607 1321
5610 7799
5615 8881
5626 1073
5644 4360
5646 9107
5649 4053
5652 2937
5663 6197
5673 8423
5727 9308
5736 5614
5743 4460
5744 9219
5749 8797
5754 152
5786 8968
5796 9229
5808 8681
5828 3598
5838 9142
5844 1871
5848 2984
5855 8195
5857 8171
5867 3487
5878 8214
5884 3845
5902 7659
5907 8147
5912 5782
5917 1682
5931 8173
5940 7392
5942 1785
5957 6025
5964 8874
5969 103
5985 3753
6023 6605
6024 6598
6030 1758
6045 1330
6051 1935
6066 4523
6067 7641
6090 249
6097 8479
6105 8174
6106 5404
6112 8360
6126 8715
6133 7476
6137 683
6142 3066
6144 770
6181 3634
6185 1031
6186 4119
6195 8739
6207 3657
6252 4206
6269 6447
6270 9171
6288 3536
6301 5777
6302 6502
6307 3613
6313 8655
6316 7439
6328 5497
6336 1194
6349 9493
6356 3282
6359 4182
6365 2041
6379 6424
6392 882
6411 2106
6415 1400
6430 3851
6438 7719
6443 1500
6446 2016
6452 8252
6456 4141
6461 6654
6472 3778
6509 5397
6515 2825
6516 2862
6517 4775
6519 3840
6532 1484
6536 8365
6566 2986
6571 8789
6583 6139
6595 9576
6600 4527
6609 7845
6614 5653
6618 6001
6632 5167
6649 5500
6652 6720
6662 274
6675 6622
6683 8871
6702 9066
6712 1580
6717 841
6723 5044
6731 8454
6747 9174
6750 2276
6764 2223
6793 5817
6796 3675
6799 8974
6804 6812
6813 8758
6818 7147
6835 5428
6840 6465
6849 5354
6878 4597
6887 5938
6891 3402
6893 6808
6897 5827
6908 8431
6919 9460
6930 7565
6936 8951
6955 756
6972 9156
6981 8279
6991 7277
7001 4169
7006 1345
7015 8921
7028 4229
7046 1550
7053 4289
7056 844
7057 6647
7066 6147
7107 3588
7125 1427
7128 5725
7152 6599
7154 8759
7159 2984
7170 1820
7172 3425
7184 5924
7205 3030
7223 6258
7226 6495
7244 8848
7250 399
7262 2243
7295 7595
7298 6017
7303 6353
7314 5223
7319 750
7324 6833
7335 2604
7339 2135
7342 8334
7348 5077
7350 3167
7351 7890
7352 8826
7353 48
7363 8230
7370 4819
7378 5012
7383 3625
7385 8589
7388 3961
7407 752
7408 7189
7416 871
7426 4366
7431 8202
7436 8538
7438 4238
7453 4407
7458 5680
7461 8864
7467 4677
7468 9295
7475 3395
7477 533
7496 1107
7514 5028
7524 2364
7535 710
7541 1904
7555 7612
7564 4711
7566 2267
7569 7536
7580 8057
7584 3520
7585 2417
7587 7865
7590 7067
7591 7354
7594 6599
7601 7936
7603 4894
7605 6842
7614 6470
7618 2815
7623 8696
7625 618
7626 7724
7646 299
7647 2227
7651 5712
9663 5951
9664 2593
7666 2208
7668 9026
9666 4709
9668 9160
7693 3934
7709 7649
9674 8606
7716 5284
7717 7983
7721 943
7723 4766
7743 1302
7745 2832
7759 3018
7763 8542
7765 355
7775 3410
7782 1307
7803 1222
7805 692
7815 7454
7828 715
7837 866
7843 2935
7850 9254
7868 3234
9707 5146
9708 8074
7885 5829
7889 5952
7894 8120
7897 4423
7901 7700
7903 9055
9712 955
9713 3801
9714 2458
7929 6188
7935 543
7948 9478
7951 4124
7953 2422
7955 6330
7963 9007
7964 7315
7971 4121
7975 6641
7989 2754
7994 430
8012 7848
8029 8919
9738 861
8039 74
8045 9428
8046 2994
8065 3919
8090 2428
8092 9008
8096 7501
8101 107
8112 3199
8117 7377
8121 9212
8124 6691
8142 7752
8143 1842
9762 2750
8157 7987
8159 9214
8161 3487
8162 7698
9763 1739
9764 6083
9767 2806
8189 7077
