2113 243
9323 334
8110 64
6731 32
8605 5
290 143
1673 147
5341 5
995 595
3495 19
8668 72
7290 142
5333 32
3669 6
7689 72
8435 154
9674 32
5475 644
189 114
5941 33
9505 13
7066 158
8448 91
4689 15
9576 35
3783 158
9276 19
9712 46
8071 148
9378 243
9508 33
8643 595
7044 72
200 19
8667 239
8970 33
4032 195
5391 32
6999 356
5838 312
8659 148
6892 15
9183 104
9224 137
2547 7
25 944
8194 6699
5 4834
8210 9810
27 9057
8219 6293
8221 5017
8224 5584
39 8579
8234 3428
8245 5899
8257 5211
8258 1987
8261 7819
72 5070
8265 6937
8267 601
83 808
84 2034
85 7415
107 4921
110 7802
8303 1482
116 4641
122 2060
124 1584
8318 4218
8323 8074
132 5778
8327 6229
8328 8579
143 7719
8335 2395
146 2244
8344 6375
155 4652
8351 3811
8363 6013
178 80
8382 1741
199 2842
8392 529
206 1300
214 8320
217 4101
8412 8205
222 7041
223 387
8416 3739
8421 8832
8422 2025
235 7849
238 4694
246 7735
8438 4138
248 7487
8440 8885
8447 9118
256 4828
261 287
266 8943
8459 4252
271 2816
8464 3847
277 6876
8470 4083
8472 5793
8484 9668
8493 1960
8494 9623
8496 6125
306 8364
8505 9236
8508 8050
8512 9100
325 3556
8524 8597
8528 1714
345 7735
346 3901
8537 9439
8548 2439
358 8410
8553 9398
8556 4630
366 7384
367 2696
8558 7131
8559 4930
9842 3065
8564 947
8566 1729
380 2803
8572 1703
8573 3937
8589 2397
400 613
8592 5404
405 3790
408 5311
8602 2364
8611 1391
421 5967
8613 9776
427 5406
8625 2987
435 4771
8631 7908
8632 885
8633 3300
445 2618
8640 1799
449 4191
452 3419
8646 1124
458 9084
8654 3718
463 5421
8665 7903
474 8679
485 4286
8682 2891
8685 3630
8689 5507
499 2119
501 2848
8693 8364
8697 2678
515 5584
521 2662
9874 634
8727 2773
543 4361
546 3853
8741 8331
8743 9363
8744 4138
8747 417
564 8859
565 1516
8761 7980
570 5771
8762 6253
8763 3669
8764 4577
8765 6967
8775 7642
8778 5194
8784 6147
596 5819
600 8702
8801 1004
8802 3218
626 5396
8820 6028
639 1509
8835 5252
8845 1366
656 526
8848 9287
662 1522
8854 6673
665 2632
666 9679
667 5474
668 2
8861 7877
673 8289
679 3821
8872 5764
8877 1807
8878 7100
691 9302
8886 5378
706 5772
712 618
8906 7824
9912 7610
721 6066
8913 5009
8914 5973
724 5093
8915 4780
8918 1391
9913 5322
9914 7784
731 5990
8927 44
736 8428
8928 7906
8931 4494
8934 4896
744 3480
8937 5430
747 61
8940 1824
754 201
8950 4522
763 8994
8957 785
767 150
8963 4765
8964 7562
8976 4604
787 8039
8983 3904
793 4346
8985 3349
798 1509
9928 9497
8992 2003
9929 2556
9004 304
815 6509
817 3730
824 5859
829 4560
848 4942
852 2319
856 78
857 2235
9051 7805
9053 7550
866 6075
873 6490
9065 4128
9066 2526
879 8759
881 4198
9074 2599
883 5284
9076 5428
9098 7885
914 877
9106 2465
917 4141
934 3301
936 3905
9132 5255
9137 4735
9141 5386
9148 1793
9149 516
967 2866
9159 9641
9164 9574
9169 585
980 3234
984 9773
9177 131
990 1081
9191 637
9194 4214
1009 1405
1016 9760
1019 5082
9213 8993
9217 1855
1029 800
9222 9020
9223 7598
1037 2004
1067 5075
9260 2031
9263 231
9273 126
1086 5125
1100 2644
1115 7647
9312 6774
9319 390
9322 4818
1134 7500
9330 4833
1140 9579
9338 5584
9343 3147
1154 4827
1159 1169
9351 3977
9352 9642
9354 918
9357 7203
9358 1153
9359 5099
1170 8655
1172 4379
9383 1620
1192 5889
1194 8707
9394 6397
1211 3338
9406 1424
9409 1230
9414 7936
1227 3486
9427 2158
1256 9299
9457 4389
1266 259
9465 361
1278 9093
9470 1817
9472 327
9480 8477
1291 3123
1298 2314
9492 9150
1308 7436
9503 6961
1326 6161
1332 1958
1340 8888
1344 7078
1350 3593
9545 5091
1354 6732
9552 2535
9553 9542
1368 5992
1371 2257
9567 7067
1379 5027
1382 6897
9580 6733
9584 6709
1394 789
1403 5015
1408 8482
1423 8311
1427 7405
1430 8179
1441 4605
1456 9426
1461 5379
1467 1614
9663 800
1484 9108
1498 5842
1506 684
1507 8356
1513 9638
9729 3867
1547 7562
1549 5388
1551 3725
1552 6017
1556 1625
1559 4835
1570 2997
1580 7804
9774 6352
1585 7565
9779 8570
1595 9724
1608 6104
9801 7957
1618 8240
9813 6546
9817 9226
9820 5943
9821 2563
9822 4786
9823 3366
9824 5139
9825 1557
9826 6245
9827 1251
1636 9091
9828 2962
1638 1921
9831 9450
9832 1991
9829 7819
9830 6077
9833 2317
9834 6886
9837 5019
9838 3599
9839 4910
9840 3659
9841 8759
1647 4885
9835 3435
9836 1763
9843 5366
9844 2926
9845 9671
9848 2812
9849 1757
9850 4648
1657 9203
9852 4301
1658 4743
9854 7417
9846 7884
9847 5330
9857 1401
9851 2541
9859 7323
9853 200
9855 4136
9856 7203
9858 1164
9860 5340
9861 2810
9862 6853
9863 2171
9864 6642
9869 2226
9870 4823
9865 1129
9866 651
9873 6514
9867 6930
9868 1323
9876 757
9877 803
9871 2776
1687 7580
9880 3440
9872 8774
9882 2982
9883 9372
9875 4761
1693 26
9878 2243
9879 3133
9881 5462
9884 6000
9890 4502
9891 9467
9892 4032
9885 5809
9886 1451
9887 8759
9896 2602
9888 165
9889 3011
9893 4792
1708 3782
9894 3157
9895 1014
9897 9599
9904 5357
9898 2379
9899 3740
9900 330
9901 4045
9902 1030
9910 5626
9903 9329
9905 2266
9906 6426
9907 3598
9915 8641
9908 2023
9917 676
9909 9578
9919 2786
9911 8011
9921 8467
9922 9294
9923 162
9916 9045
9918 4019
9920 3174
9924 3832
9925 3815
9926 7076
9930 5657
9931 654
9932 7132
9933 5274
9934 6990
9935 8377
9927 2777
9937 9649
9938 7906
9936 681
9939 6851
9940 3962
9941 6774
1751 6791
9944 1320
9945 749
9946 1183
9942 1038
9943 6701
9947 6658
9950 9231
9948 7384
9949 8545
9951 6770
9954 1380
9952 8410
9953 1268
9957 1606
9955 415
1767 2099
9960 7795
9956 3338
9958 2696
9959 8225
9964 200
9961 4870
9966 5604
1774 1787
9962 8607
9963 9318
9965 4998
9967 3168
9968 9554
9969 3157
9970 8076
9971 9462
9972 201
9977 9644
9973 2437
9974 9207
9975 7279
9976 6815
9978 4179
9979 1917
9980 555
9981 2062
9982 1758
9983 4457
9984 1228
9985 251
9986 1533
9987 7311
9988 2885
9989 6114
9990 8419
9991 2276
9992 904
1805 4676
9993 209
9994 6685
9995 7080
9996 5663
9997 2801
9998 6679
9999 504
1814 5753
1818 4319
1822 2738
1831 3691
1847 805
1858 1035
1861 1457
1864 8597
1868 1669
1882 9638
1897 6795
1909 212
1914 6391
1930 3666
1935 5393
1942 6434
1945 3489
1946 727
1947 8078
1951 9101
1957 9732
1964 8359
1965 6996
1975 9749
2020 4067
2046 9203
2072 1589
2076 1543
2081 8917
2095 1375
2102 1734
2111 5483
2116 251
2130 4149
2133 2768
2135 2209
2141 7525
2143 5822
2150 8169
2159 475
2165 6720
2187 5812
2191 7011
2201 9593
2203 5840
2212 5771
2215 6737
2228 5316
2234 7156
2240 4657
2261 5568
2262 7518
2274 6982
2281 9324
2283 9267
2306 9299
2316 5435
2321 2973
2343 6286
2357 450
2362 1104
2367 8726
2374 5289
2380 9696
2387 9638
2390 9459
2403 8275
2416 6209
2417 1915
2427 4499
2473 3081
2481 1409
2484 5121
2525 3530
2532 1098
2538 2168
2540 9528
2549 6580
2555 285
2560 58
2569 7100
2570 6266
2581 7729
2588 2592
2595 9506
2601 7689
2609 7967
2614 3979
2630 6944
2635 3933
2647 9697
2665 9121
2683 2998
2687 1572
2720 5694
2727 5313
2753 760
2760 6078
2775 8719
2795 7194
2805 1274
2823 895
2832 10
2834 839
2847 9438
2853 2681
2872 404
2875 6838
2883 4533
2904 8832
2906 1606
2907 2715
2913 2467
2916 6692
2920 8709
2925 813
2934 3150
2938 9366
2943 8593
2946 3441
2954 4685
2974 1233
2977 1663
2991 2120
3000 3906
3003 574
3032 1395
3039 4065
3041 8875
3060 5349
3067 2144
3073 6898
3082 5942
3084 3605
3103 9533
3121 503
3126 5468
3128 1779
3132 3689
3134 2521
3137 8797
3162 836
3171 7490
3180 9261
3182 8353
3202 4584
3222 4850
3228 7039
3253 9682
3255 723
3256 1782
3261 4092
3263 785
3266 9086
3272 7536
3281 6190
3287 5326
3314 5369
3324 4324
3350 1302
3352 6379
3353 9103
3390 6541
3404 8358
3408 1509
3415 6517
3434 1724
3451 4560
3465 9124
3467 4415
3473 823
3479 4480
3482 8395
3498 8705
3500 3081
3516 4996
3520 1136
3522 7335
3525 5808
3537 2074
3548 4458
3562 3996
3594 2372
3603 6013
3622 5244
3625 466
3628 5440
3637 5109
3645 7587
3653 5178
3667 8025
3672 8151
3673 7038
3675 8690
3690 9452
3695 6897
3702 8958
3703 5436
3715 1004
3722 2477
3755 5300
3757 8630
3780 197
3786 3958
3787 5551
3788 3993
3796 4812
3797 1457
3810 8454
3831 714
3859 2502
3871 4522
3883 8507
3887 8806
3890 8457
3897 9593
3909 3973
3923 2251
3924 6829
3943 4369
3954 7089
3970 1007
3972 8825
4003 1968
4004 1922
4011 3081
4026 6996
4055 6555
4079 6255
4084 8823
4122 872
4125 726
4144 3117
4165 2844
4166 4109
4171 3066
4184 6398
4189 9536
4194 4992
4210 8460
4223 1976
4238 7270
4240 1912
4245 7677
4258 1254
4269 8201
4293 47
4295 1253
4305 8804
4313 241
4329 2221
4356 6763
4371 2312
4386 1743
4395 4169
4398 9422
4403 1160
4411 2012
4418 2984
4419 9474
4436 2336
4442 8594
4447 8486
4449 7515
4452 9673
4456 1353
4467 4173
4478 7512
4492 9429
4497 5704
4501 6116
4523 6477
4531 9305
4553 8407
4564 6100
4566 8010
4580 6731
4587 5045
4593 3960
4601 6096
4626 8605
4644 2515
4662 4942
4665 6677
4671 2619
4693 9227
4704 2982
4714 1495
4736 4685
4738 170
4746 4840
4752 5566
4753 6201
4755 7331
4756 6068
4777 8888
4788 1982
4804 5614
4815 7412
4821 6184
4846 9209
4858 4106
4868 8504
4869 7222
4899 5381
4900 3278
4902 8176
4903 8805
4908 5294
4915 2576
4925 2840
4940 2042
4943 7942
4956 7421
4963 9237
4984 8740
4987 5888
4989 7164
4990 3299
4993 6612
5006 1208
5016 4732
5025 2627
5037 35
5039 9778
5046 8339
5052 8609
5053 187
5074 4643
5089 752
5090 8998
5100 6544
5143 9329
5153 5357
5176 4120
5189 5488
5190 3215
5193 270
5196 6663
5208 5945
5214 9318
5215 6435
5228 8036
5234 4484
5248 1342
5256 5283
5261 2405
5285 6163
5288 9036
5293 2608
5298 2589
5308 8520
5309 6346
5332 4135
5339 4771
5343 5239
5352 1934
5364 9536
5387 7388
5392 2445
5394 8563
5424 6835
5426 2930
5429 5151
5432 4242
5439 6991
5449 4747
5472 9006
5478 5126
5493 5342
5501 9368
5509 5067
5518 6936
5520 3547
5521 7204
5523 7966
5531 9620
5532 5173
5533 4008
5534 983
5535 7189
5558 1798
5574 7139
5576 7143
5577 1900
5578 1763
5587 4381
5591 9530
5596 6120
5607 5623
5624 5683
5646 8549
5652 6167
5669 3387
5681 215
5689 8417
5703 3328
5705 6698
5728 1313
5735 6272
5744 1349
5761 2074
5762 9347
5765 7737
5795 2529
5823 2282
5832 657
5844 9607
5847 6449
5851 1424
5857 2264
5873 9014
5898 3932
5903 6179
5905 1299
5907 1039
5909 7215
5917 9156
5919 4503
5952 8379
5957 5746
5958 9032
5971 2335
5975 2567
5994 2474
6020 855
6024 6722
6039 8545
6041 9196
6045 3189
6047 5114
6067 2198
6085 8473
6088 607
6090 2230
6102 3730
6112 7183
6127 5160
6136 5593
6142 4396
6185 8043
6187 75
6191 5617
6194 2761
6215 7252
6219 4316
6241 3829
6252 6494
6260 6993
6283 1576
6292 8427
6298 2518
6309 7072
6316 4463
6319 1724
6321 4321
6341 1274
6362 6205
6365 1128
6414 6911
6415 9667
6423 6044
6430 8980
6442 5299
6454 254
6459 6485
6487 3380
6493 7807
6500 9452
6515 8925
6524 8061
6525 6030
6528 9276
6564 8834
6566 9410
6585 7483
6595 8162
6600 2704
6601 3186
6602 340
6608 1296
6618 5192
6620 7792
6622 9419
6650 3526
6662 1376
6683 3911
6691 1377
6702 7798
6714 5254
6716 1011
6735 5063
6744 1307
6753 4389
6760 8163
6764 3031
6766 3283
6767 1161
6772 6797
6775 3276
6783 4094
6789 6017
6799 1366
6810 4880
6817 1210
6827 147
6844 8847
6854 1252
6860 8057
6865 3204
6867 1056
6878 1337
6887 5572
6893 7522
6918 3260
6919 7367
6921 4505
6925 1820
6927 9294
6935 6983
6941 5555
6942 1039
6951 4244
6953 8307
6955 7199
6969 7062
6970 8867
6972 1925
6981 6418
6988 2291
7000 7821
7022 9160
7028 9337
7034 3549
7036 8691
7037 7396
7043 8158
7045 3043
7046 8186
7053 8244
7056 7024
7057 5818
7070 6800
7073 6334
7084 4085
7103 5292
7107 5173
7113 6052
7128 823
7129 3539
7138 7773
7151 9443
7152 4664
7154 7100
7159 4678
7166 8968
7170 5980
7197 477
7206 9192
7208 375
7223 912
7230 5357
7244 1667
7250 4803
7262 1702
7263 8730
7264 1202
7266 8429
7268 1825
7272 2339
7284 9630
7298 8759
7300 342
7305 8400
7309 633
7314 4308
7319 3994
7327 7200
7347 3392
7348 5629
7349 6831
7353 5803
7362 6807
7380 8667
7383 6948
7387 8482
7391 8225
7398 6825
7399 519
7407 6890
7429 3575
7435 1862
7442 7192
7448 429
7458 8671
7461 204
7467 687
7475 2007
7514 9058
7527 8582
7532 6717
7535 7192
7537 2350
7540 9565
7543 1541
7545 3295
7546 7315
7554 295
7564 287
7569 6777
7574 1243
7579 5748
7590 9180
7594 2496
7599 6946
7601 8281
7605 6060
7606 5631
7613 3605
7616 11
7618 4841
7622 1682
7626 7612
7634 8619
7643 2085
7651 573
7668 5886
7669 6203
7680 6902
7684 5503
7691 7118
7697 701
7700 7464
7707 8178
7710 203
7711 587
7712 5538
7717 9259
7723 8498
7743 1662
7745 6715
7749 9760
7759 6330
7760 2077
7780 2340
7782 383
7789 6729
7800 286
7801 9198
7815 9268
7820 5411
7830 3775
7834 1855
7837 1888
7841 9193
7844 3418
7857 4392
7865 2488
7878 9078
7891 7385
7898 9342
7905 2684
7915 7063
7925 8690
7938 5274
7941 8948
7943 323
7951 1359
7954 3590
7963 5384
7970 115
7981 3932
7986 3676
7991 1852
7994 2166
8000 2158
8012 4898
8014 2456
8015 7292
8017 8518
8023 9110
8030 9486
8031 760
8037 7648
8038 8410
8055 6506
8056 5912
8058 3507
8066 6952
8080 7463
8088 308
8090 6343
8096 3830
8104 5223
8107 7868
8124 8019
8125 1913
8132 7215
8133 1830
8140 5466
8142 7114
8143 8242
8157 1794
8159 1207
8165 8740
