7595 714
2241 10
9165 169
9475 32
9121 5
7600 15
8916 31
3810 46
9568 19
8777 31
525 33
9476 46
8952 159
7385 239
6946 609
9380 181
6844 31
9254 233
7028 158
9805 385
5409 31
8022 413
7757 19
9616 601
5311 743
8599 25
9630 46
9013 200
9696 92
5467 31
9887 5
2196 121
2447 256
6538 255
5127 25
2359 104
9926 701
9845 6
5408 386
9375 204
7645 19
5270 743
3530 32
6754 74
6167 32
5995 92
6842 64
9491 27
8192 8178
8194 4281
3 8518
5 2337
8201 8308
8207 6805
21 9687
8213 9245
25 6698
27 5622
34 2141
8226 2445
8228 6428
8234 5409
46 5659
49 5606
50 1915
57 598
8249 9057
8250 6944
8253 6702
8257 5179
8261 3858
72 386
73 1771
8267 1642
83 6914
85 6552
8296 163
8298 7062
8299 4352
109 1875
110 8425
8309 7621
124 4824
8322 9368
8323 1420
132 8013
134 3011
8327 9428
8332 4575
8334 753
143 5038
8335 7361
146 2268
147 7986
153 208
8346 5121
155 1570
8351 4347
8352 8785
164 9761
166 7622
8363 18
8368 4696
177 9307
8370 8597
8378 8996
189 211
190 551
197 691
199 2509
200 178
8396 5359
206 4005
216 7022
219 2189
8412 9662
223 9886
8416 2088
226 1298
8421 4667
234 7090
235 1352
8435 4017
8438 6353
248 5759
8440 9338
250 9288
8447 8219
8448 2084
261 6712
8459 1250
271 4402
8464 9259
273 9866
277 7143
8470 3262
8471 9349
8472 548
287 4224
8479 5811
290 6301
8484 3896
8491 7846
8493 4141
8494 6133
8505 6696
316 6122
318 7325
8510 1700
8511 8244
8512 9001
8515 8215
325 9774
326 2289
8517 3636
8533 288
345 6345
347 1770
8548 9073
8553 4276
8558 7015
367 8542
368 148
8559 609
8564 9571
376 2741
8571 6958
380 5875
8573 8456
8574 845
385 4928
8577 1839
8580 1958
395 5677
8589 9746
8590 2128
400 115
401 5987
8592 9479
8594 3359
8596 5026
410 7466
8602 7103
8605 4790
8609 4393
418 7807
420 2120
8612 4807
8613 3327
8614 1124
425 310
8618 5427
429 41
8621 3037
8625 9933
8626 3458
8633 1150
8636 184
8640 4516
8643 2735
452 3149
453 5225
8644 3366
8645 4116
8646 7124
458 5910
460 2847
463 2510
8656 5534
8657 5164
8659 8236
472 6362
8665 4849
474 9152
8667 2167
8668 1901
8670 6571
8672 1167
481 5594
486 7580
8682 8135
499 6464
501 8714
502 9310
8694 1601
8695 1811
8703 4973
8707 5192
518 1378
527 1683
8722 3918
534 9374
544 7628
549 3376
8747 1899
8751 9115
565 9398
8757 6360
8761 7918
570 6245
8762 4152
8763 6301
8764 3480
8766 5924
8771 9374
8773 7217
584 8405
8779 7927
8784 5304
596 6125
600 4916
8797 3319
8801 2044
8802 9005
611 5492
8813 9053
8818 433
627 8992
8820 4651
629 8696
638 2070
639 7110
8835 7611
651 3038
653 1056
8845 5286
667 4828
668 744
680 5013
8872 2843
8877 3951
687 6936
8883 2280
8885 4569
8892 1152
8894 6496
706 2303
8913 8483
8914 8245
8915 3439
724 319
727 5095
8926 4677
736 8119
737 3609
8929 6964
8931 4697
740 8889
8934 2314
8936 4603
746 3785
8940 6781
749 7178
8941 2611
8950 8279
8963 3265
8966 232
8970 6324
8972 4058
781 8921
8973 7562
8976 1725
787 5848
8983 5084
8988 1064
809 8939
9004 8405
817 6288
827 54
9021 9603
829 3652
830 9554
832 1637
9022 3578
9028 1434
9030 698
848 6118
9042 5939
856 4200
857 3632
867 5383
869 5527
9064 1635
873 6927
9066 3181
876 5369
877 7429
879 6139
881 1525
9074 5280
9076 1990
9078 1926
9084 7318
9087 3432
9092 9487
906 9544
907 1935
9102 6356
925 3130
936 3060
9128 9246
9133 8093
9137 9565
9138 8473
9141 6819
9148 2738
960 6121
9155 5388
9158 3516
967 4592
9159 2209
973 96
9167 5430
977 173
9169 6876
9172 7201
9174 4200
9177 4090
9181 9422
990 5884
9183 8631
9185 7123
995 2105
997 5003
9194 6762
1011 5603
1013 7960
9205 6560
1016 3590
9211 7116
9222 1435
9224 3726
1036 1530
9229 2525
1038 3717
9234 7792
9240 5660
1055 9720
9247 1640
9249 3219
1060 8079
1067 7191
9263 7831
9268 4838
9273 5021
9276 9618
1086 1323
9281 7673
1091 3626
9283 4586
1100 7147
9297 6436
9299 5645
1108 6809
9301 8215
1114 5699
1117 9386
9314 8021
9315 9858
9322 1040
9323 5412
9329 1908
9330 2735
1141 1893
9336 7327
9351 6597
1161 9575
9358 9393
9359 3859
1170 7932
1172 9233
1176 4080
9370 8081
1179 8711
9372 4773
1183 183
9378 9556
9382 2700
9384 5714
9385 1573
1196 8606
9391 5476
9394 3318
9395 4597
9400 9140
9404 3803
9405 1315
1215 7988
9407 4859
9409 6126
9411 3351
9414 4820
1224 6650
9424 6451
9427 1363
9443 554
1255 2674
1256 3825
9447 3394
1260 7454
1261 2778
9456 980
9457 2470
1266 695
1271 7004
9463 7355
1274 1026
1275 8710
9467 8057
1278 7216
9483 2498
1291 9917
1293 7050
9497 8269
1306 3273
1308 1504
9502 1696
9504 5282
9505 7017
9508 1957
9511 9399
9524 3222
1340 1579
9533 8837
1345 2742
9537 783
1347 3804
9541 2506
1360 1023
1365 8165
1368 8788
1371 7729
1374 5283
1376 8404
9572 8313
9576 336
1387 2948
1394 8798
1397 1868
1399 2978
9593 8166
1403 3868
9595 2216
9596 4620
1411 4339
9605 3274
9609 8142
1423 5192
1425 7126
1431 6512
9625 9827
1441 1350
1442 4705
9637 9342
9641 6014
1457 1252
1462 4654
9656 913
1465 3539
1467 5785
1474 4699
9668 4144
9669 9408
1481 8483
9674 5630
1484 2048
1487 7897
1495 3729
9693 5807
1505 2309
9701 8893
1510 3321
1513 902
9712 5184
1533 3866
1547 260
1549 1639
1559 1840
1560 3195
1563 5268
1580 319
9772 6021
1583 4470
1585 6857
9778 4603
1595 1934
1600 4957
1611 5519
1624 5365
1625 4679
1633 3279
1643 1437
9835 8466
1647 7049
1657 8336
1658 5381
1673 1980
1687 8575
1693 7421
1697 3803
1701 1865
1743 2828
9957 7216
9959 2886
9960 6146
9961 5374
9962 7849
9963 8294
9964 5844
9965 1243
9966 1392
9967 3578
9968 7259
9969 5867
9970 1705
9971 9717
9972 84
9973 2995
9974 7368
9975 9150
9976 3631
1785 5968
9977 9666
9978 2037
9979 8856
9980 2707
9981 646
9982 7931
9983 7674
9984 1099
9985 6081
9986 8237
9987 8748
9988 7655
9989 8220
9990 141
9991 9953
9992 7114
9993 4634
1803 7087
9994 391
9995 5104
9996 6943
9997 648
9998 5649
9999 2746
1810 4157
1812 5681
1814 1899
1816 2574
1822 5482
1847 3561
1857 4600
1861 4726
1864 8248
1870 9255
1874 4428
1882 8090
1890 7715
1894 4795
1897 8506
1904 9756
1930 6968
1933 2375
1936 6198
1944 5084
1947 9573
1954 9302
1960 7119
1965 5375
1973 1101
1993 5756
2008 4475
2019 5055
2020 3020
2032 98
2046 9445
2055 9157
2057 4393
2091 1931
2096 9056
2098 5852
2102 6216
2109 8578
2111 9546
2113 941
2116 2636
2122 7150
2130 158
2133 3423
2143 4933
2150 6155
2201 9288
2203 3165
2215 9863
2228 5960
2234 4366
2261 2483
2262 2788
2276 5334
2281 7730
2283 6414
2304 8350
2306 7198
2316 7583
2317 4122
2321 2494
2350 9026
2371 9813
2376 8567
2401 8578
2403 9945
2405 9733
2416 3024
2427 8498
2440 4300
2456 6089
2473 1833
2476 5177
2480 1905
2481 3917
2484 8449
2528 2806
2532 4968
2540 6622
2547 7304
2549 2946
2560 17
2570 8530
2571 2838
2577 4793
2585 7883
2587 3164
2588 512
2601 7665
2604 2606
2609 2303
2630 7495
2635 3864
2647 2952
2665 2494
2673 7184
2687 3612
2693 7674
2715 8282
2720 1998
2723 198
2727 5832
2737 1010
2739 6366
2750 29
2753 4134
2760 1092
2767 858
2781 6022
2784 4536
2789 3198
2796 7142
2805 7773
2814 9599
2834 5154
2841 9577
2849 6201
2853 4750
2855 1370
2878 8429
2880 2562
2882 3490
2883 4708
2898 2141
2902 4971
2904 5053
2906 6677
2907 5281
2911 2206
2913 1676
2916 9417
2922 4667
2926 4831
2932 5172
2934 3539
2943 7910
2954 8108
2969 9220
2974 3679
3016 716
3019 1726
3029 111
3042 6675
3055 528
3067 8166
3073 2983
3077 4670
3081 1104
3082 9254
3096 7191
3097 6124
3107 5789
3115 7697
3120 694
3122 4677
3125 7766
3128 4106
3134 8090
3137 841
3141 2848
3171 9565
3176 3518
3191 4547
3196 1856
3200 3311
3223 5206
3228 3369
3229 5802
3245 8681
3253 5594
3261 9470
3263 9460
3266 8081
3272 4190
3287 7554
3314 7861
3344 114
3345 4710
3348 8360
3350 732
3353 6548
3355 8676
3356 6453
3360 8629
3375 4134
3392 7732
3393 4223
3396 5534
3408 1998
3410 9700
3415 4342
3433 7105
3453 5989
3462 6167
3464 5922
3468 1856
3479 3598
3482 7454
3486 1817
3495 348
3520 8994
3525 6997
3533 3879
3540 99
3541 4104
3546 9027
3548 7441
3553 3586
3557 643
3589 9255
3594 4476
3613 8079
3615 5934
3628 9805
3639 5376
3645 767
3651 3918
3667 6507
3669 6345
3690 6898
3694 7718
3695 4473
3702 8893
3713 1035
3715 5362
3734 9210
3736 6262
3762 7356
3774 6654
3780 3435
3783 6116
3784 7644
3788 20
3794 7877
3797 5413
3801 6202
3812 9258
3824 1843
3829 9296
3831 9622
3836 6730
3838 6220
3852 1223
3877 7974
3883 1984
3906 748
3909 9008
3914 9771
3919 3110
3921 7903
3924 8088
3927 1784
3938 6418
3943 6348
3957 8684
3961 8881
3970 6277
3980 2050
4000 7982
4003 3700
4026 9091
4032 4091
4044 7843
4055 3180
4066 7466
4078 4621
4081 7504
4083 7176
4125 9188
4128 4877
4143 5415
4146 8712
4165 4809
4166 3138
4167 2250
4169 9734
4184 417
4197 6123
4210 8436
4220 3289
4227 8518
4252 9782
4254 9736
4260 1700
4313 6383
4316 2860
4332 6871
4335 951
4348 9253
4356 5803
4373 5932
4374 5746
4398 4121
4403 858
4411 662
4417 5982
4422 4100
4435 7259
4442 6533
4447 9947
4449 5161
4469 6271
4480 5028
4486 5007
4503 7284
4538 9884
4554 607
4558 6765
4559 3251
4564 178
4579 6307
4580 618
4593 3218
4595 1537
4604 9851
4614 4036
4615 4991
4632 7847
4642 2410
4652 5217
4657 4432
4674 3509
4678 9777
4682 8280
4689 9171
4693 8112
4698 8127
4700 9305
4723 773
4725 9574
4729 240
4730 6538
4742 4030
4746 7113
4752 3674
4769 5567
4772 657
4776 9704
4777 4531
4789 82
4817 3721
4830 8796
4858 6280
4869 5303
4880 6862
4892 5145
4893 3238
4900 3130
4902 8652
4931 4645
4956 7439
4963 1335
4981 9616
4990 5283
5015 9106
5023 1707
5034 813
5036 9954
5039 3084
5051 5849
5054 1464
5074 7970
5100 4664
5111 9735
5117 5510
5133 9162
5146 9586
5150 3634
5153 6950
5190 5463
5208 8260
5209 7704
5238 9031
5245 348
5246 1171
5285 9903
5288 4476
5298 8219
5308 2076
5313 7685
5317 8468
5327 6249
5333 922
5339 8191
5341 8405
5342 5430
5343 897
5363 2161
5364 3514
5366 4352
5379 6541
5384 4848
5391 717
5392 459
5397 8284
5429 8578
5439 7499
5449 5830
5454 6624
5472 3679
5475 5917
5493 5987
5523 8774
5531 1413
5532 9129
5533 6727
5542 9055
5548 6678
5576 2436
5578 8962
5587 716
5590 1609
5597 1268
5609 3086
5623 1659
5629 9265
5651 305
5653 6474
5669 9309
5684 2195
5728 9724
5730 2956
5732 4790
5735 5118
5744 7701
5760 3351
5761 7505
5786 7496
5799 7085
5804 714
5808 9278
5809 3359
5810 5252
5813 1208
5838 4739
5840 4364
5850 6171
5854 2152
5857 9813
5865 6961
5873 1759
5887 2302
5892 2326
5900 6730
5903 3691
5905 5789
5907 4668
5913 5955
5919 8743
5927 7344
5929 2213
5931 3743
5941 7434
5952 4845
5958 6096
5964 1552
5967 9294
5969 6717
6020 6180
6024 1671
6036 1972
6041 3282
6047 3517
6059 4597
6061 207
6067 5906
6072 8535
6088 3211
6090 9555
6102 6821
6117 8994
6119 1986
6136 6633
6138 1249
6153 3908
6157 9361
6164 1058
6176 3995
6185 5575
6186 8808
6187 6373
6191 5675
6214 9013
6215 7331
6219 8317
6227 6386
6228 4487
6241 3941
6260 6196
6275 7614
6282 2843
6291 8057
6309 635
6322 9739
6323 2288
6377 39
6389 3159
6394 442
6401 1466
6407 2145
6415 4575
6423 6956
6452 2837
6457 1531
6477 8229
6491 7363
6501 663
6517 1919
6518 6635
6519 7985
6525 443
6528 4475
6535 4744
6539 2090
6556 3631
6559 1925
6564 349
6573 4506
6586 2315
6601 2775
6605 9546
6620 4566
6627 4378
6641 2748
6661 2074
6662 8313
6674 408
6682 9270
6704 74
6713 9763
6716 3767
6731 6514
6732 8403
6735 6875
6744 6625
6750 6596
6764 5994
6772 4970
6776 1972
6780 5898
6783 2275
6790 7953
6810 1166
6811 5686
6813 8449
6827 3281
6828 265
6831 5403
6854 8982
6867 3698
6870 9233
6878 5836
6887 6513
6891 1240
6892 3247
6902 2457
6919 6128
6935 7747
6941 7253
6949 5736
6955 5558
6969 4280
6972 6132
6981 7714
6982 4798
6996 3871
6999 8156
7013 1602
7016 5726
7019 2289
7021 9673
7036 3630
7039 29
7044 7090
7046 6229
7047 1918
7053 4697
7056 9251
7057 2615
7066 5250
7084 7747
7104 6956
7107 2542
7117 9926
7128 194
7138 952
7146 2236
7151 9591
7152 6317
7157 2431
7158 6724
7167 440
7170 9014
7185 1838
7187 6328
7193 7302
7202 2006
7205 9373
7206 9496
7207 8381
7223 7942
7232 2025
7250 987
7252 8431
7257 5657
7262 703
7266 1174
7268 3160
7275 2151
7280 8824
7290 5679
7300 9485
7314 6504
7317 8252
7320 7915
7337 3325
7347 8048
7349 3411
7352 9035
7375 7645
7387 9272
7388 7265
7393 8142
7394 3380
7395 6018
7399 1331
7404 7917
7407 9343
7413 947
7435 6842
7437 3422
7442 8325
7448 2431
7458 7909
7467 1649
7477 497
7514 747
7529 4393
7535 4090
7540 4275
7549 4246
7558 9061
7564 3904
7565 1917
7594 9628
7601 893
7607 8377
7616 7636
7618 37
7625 8116
7633 5898
7643 7763
7647 62
7650 5631
7651 7417
7667 2335
7672 3354
7689 8188
7691 7847
7709 8306
7712 1834
7713 8106
7717 8732
7736 3167
7742 9774
7743 7959
7744 1419
7745 3616
7759 8998
7761 6012
7767 7145
7774 8197
7782 6054
7788 2388
7789 3632
7791 2741
7793 984
7794 4680
7800 6011
7816 6889
7818 8431
7826 2769
7835 2856
7837 7811
7841 4211
7844 8069
7857 6494
7862 4636
7865 1323
7875 6453
7876 5672
7898 659
7924 5833
7925 6549
7926 8235
7928 9698
7937 743
7938 1265
7954 3459
7963 5262
7965 0
7969 5194
7979 4490
7983 5708
7990 2842
7991 1577
7994 7620
7995 541
8007 8216
8016 9676
8030 6358
8037 5440
8038 7429
8043 961
8049 2335
8055 2980
8066 1436
8071 1716
8080 5768
8096 7473
8098 5200
8110 726
8120 793
8121 7889
8124 1537
8125 388
8132 3459
8133 9037
8136 6371
8139 4148
8143 7438
8159 7248
8161 1662
8163 342
8170 5062
8176 455
8190 1054
