355 6
696 91
2682 2
74 31
7639 689
2041 5
826 765
2829 388
3752 33
4344 222
9188 492
1464 412
119 72
1049 185
8909 32
1270 148
3485 6
3984 2
2616 378
9303 412
1577 46
101 147
9308 84
1147 12
483 168
41 10
5139 2
1948 235
2379 50
150 15
9881 46
9343 176
6257 181
2082 2
868 2
2391 408
2822 413
8785 31
5004 276
3032 154
8380 152
554 31
554 148
833 32
2535 125
1493 6
4921 122
9739 13
9881 46
6221 32
1570 2
5602 57
9984 32
6302 15
554 148
9749 19
9825 10
4685 31
5178 283
66 41
3834 8
1328 414
476 176
4830 551
101 432
6588 387
9927 32
6788 65
6945 31
1575 72
898 218
5956 7
2600 38
3842 29
9848 38
1366 447
8695 297
4216 7
9102 19
1832 2
3900 215
9835 6
6965 87
3407 26
9120 38
2008 2
191 15
6339 6
8318 195
2722 55
5940 636
163 50
2101 55
643 446
3587 594
7412 135
5836 6
2232 121
8653 95
6824 71
3878 86
163 222
1666 121
3182 253
8401 15
9048 2
7057 357
5871 309
1804 2
9191 38
9833 33
1083 6
9000 726
1699 60
2742 2
480 2
6861 394
1669 72
449 188
931 31
529 38
1546 32
3595 459
5361 148
9226 97
8258 32
554 148
8925 32
9720 16
4766 60
9150 31
4829 38
552 10
9984 32
8782 91
1090 15
358 342
9711 20
303 10
9804 583
3364 54
62 38
4847 2
880 25
6238 558
9649 38
9470 171
9605 3
5448 32
7201 2
4835 34
7490 19
9814 6
6471 55
8365 2
3174 6
13 6
3952 38
7035 471
2678 2
5940 57
3030 195
18 10
9706 105
2106 19
8453 87
1366 232
116 392
2159 429
5106 19
2007 33
4998 24
2297 2
2037 2
4810 6
7561 282
4131 374
7057 188
4847 2
30 2
6947 31
1348 15
1000 32
1832 2
9449 50
598 426
3170 54
8159 5
8302 2
9974 53
7276 15
1912 6
4401 32
9839 38
5688 6
2534 338
5916 132
945 6
1203 19
7163 6
6687 79
3364 32
359 44
5102 2
462 195
9258 16
151 46
23 17
1721 31
5567 12
9004 79
1903 19
2944 38
1338 216
8023 32
4138 63
8791 524
5082 6
8209 404
2722 55
529 31
7729 19
6669 76
2530 2
1824 233
5412 391
8248 87
4592 24
5768 53
1591 477
6829 445
9979 509
3049 195
6785 146
2827 2
3290 211
622 824
7664 102
542 32
7574 138
5746 5
2824 25
6457 76
5620 7
4867 388
9795 255
2092 405
1701 668
9942 31
7071 172
373 2
772 127
6171 161
8619 24
554 148
303 10
2043 153
766 16
4309 6
8047 31
9408 6
4504 2
8547 366
2167 7
1487 452
7397 6
1203 6
3254 90
16 12
7325 92
150 15
2356 2
7766 147
537 586
9397 32
9319 51
9435 928
7051 50
2666 176
6644 6
2734 5
119 72
4301 32
2790 34
225 266
3181 109
2997 19
8587 31
119 72
4922 31
8889 32
1808 2
3682 277
529 31
4056 19
4613 447
5256 31
1925 51
9809 146
8075 31
1607 14
2283 44
7415 449
3536 22
360 2
3675 107
6827 32
9916 16
3330 614
9458 32
3372 49
7176 114
7855 379
4694 53
7902 341
4553 63
1612 50
1042 54
7604 417
6846 32
3402 19
9399 32
5826 19
1366 680
1135 6
1927 2
4625 93
768 2
3364 92
7422 15
1366 447
2267 264
6856 31
6259 2
9352 564
213 118
7156 707
5410 31
5622 374
7179 31
1656 32
2514 81
5906 40
2164 35
646 540
2935 83
9191 38
6607 509
303 10
2351 28
1612 134
9315 5
6612 134
7893 75
6494 6
5504 509
863 31
9584 104
8248 87
6017 60
3240 70
9883 72
4492 2
359 44
2953 649
2329 2
5766 297
3181 6
1097 288
5480 724
3198 2
1234 2
9379 669
4702 340
1450 148
4986 456
8431 31
615 36
1737 7
796 6
7051 252
4345 6
5182 92
943 55
119 72
6673 146
4875 356
2970 6
6063 5
3662 612
6022 32
1252 54
7080 50
7894 338
3568 31
7785 394
9879 652
4378 25
94 287
5407 2
3591 2
5692 84
2615 2
332 92
3329 612
5256 31
9907 72
1612 389
6829 40
3632 176
6413 315
1706 686
6721 412
9129 32
3644 392
9763 19
8975 33
9735 921
3090 148
6288 210
4476 6
2158 31
9870 92
1959 31
4827 6
9016 31
5292 10
3740 2
119 72
700 19
2372 46
5712 33
9680 32
5575 6
278 51
5239 384
3145 408
0 72
9937 146
506 776
1309 320
702 266
8988 38
7762 216
8406 2
4309 6
823 32
5642 38
1054 86
552 10
2346 10
9701 33
7932 237
3777 33
9360 830
2662 32
2628 2
9358 459
999 32
1895 57
9243 72
4180 92
649 195
9132 38
245 133
5373 109
1959 31
1912 6
240 6
7545 766
8766 195
7547 428
7690 34
5578 239
5352 19
9101 10
4960 18
5914 6
8804 264
912 6
544 32
3219 2
1249 87
9994 76
889 32
4458 146
2020 541
7411 367
1806 290
359 44
7966 7
9478 6
6275 222
1962 2
1518 610
1769 32
5824 54
554 31
3002 656
2451 2
5597 70
2448 274
6514 656
159 49
8155 134
9930 269
470 31
6171 337
5334 6
5346 6
240 6
1937 530
1239 10
6914 31
2462 7
3119 6
163 214
566 226
9619 264
4630 6
4933 788
9898 88
8101 158
3664 78
9517 33
642 76
5929 148
6679 152
7987 812
0 0
2644 6
13 6
361 524
6109 87
9198 2
8050 16
1649 6
8315 6
3315 92
6503 394
9933 93
7131 33
303 10
2824 54
1721 31
5045 6
3062 5
3008 161
9409 647
1144 35
151 46
1895 57
6364 19
3658 72
9470 541
2901 33
8381 6
566 226
5082 6
576 348
5274 148
9720 16
3373 148
3079 695
7937 153
4751 32
1284 2
4233 180
2045 50
2536 34
462 195
193 278
3942 456
2513 19
717 669
830 32
833 32
2424 148
359 44
460 471
9759 161
123 25
931 31
7627 18
9922 31
602 56
1366 872
9920 31
2160 2
5107 218
2227 8
5110 111
576 72
480 2
4144 713
6414 147
4053 53
1819 644
6244 142
5259 2
6000 259
5828 660
6694 65
1893 946
3648 93
3962 19
6287 847
9960 32
9120 38
6947 31
462 195
2889 70
9844 51
5189 104
2556 612
6042 16
3257 498
2965 2
5403 356
7636 64
6836 104
1366 50
9954 367
6410 2
3776 6
8469 6
8423 2
4849 31
554 148
274 10
9857 241
4173 114
1878 2
1901 2
1554 10
8627 104
1445 6
1056 284
7670 476
9720 16
6151 138
5260 274
6171 337
1795 406
3049 195
3886 10
6180 51
3030 161
4828 6
682 32
9978 52
5278 19
3865 54
8959 370
7291 255
6433 113
735 6
6876 10
4034 182
3215 2
3710 338
9930 269
730 6
7326 50
1463 412
9833 33
3168 229
9072 31
9942 31
0 15
7203 265
7475 149
8029 6
5539 518
554 31
7648 161
9830 2
7436 146
5650 339
3174 6
7391 76
5512 33
8050 16
4213 25
7693 38
3262 858
1931 2
7779 379
6317 36
254 10
3732 656
274 10
563 10
2298 7
3300 297
8608 6
8745 69
390 32
9994 76
9864 32
1235 231
1893 235
5438 35
4514 12
2953 649
8468 599
9987 934
1948 0
1583 6
8229 6
4505 158
9899 38
1809 32
6879 54
8185 5
1792 63
956 6
9339 152
6334 614
1721 31
9964 564
9930 269
1987 32
9606 20
1266 566
2498 6
9796 32
4945 32
6767 253
1366 389
1809 32
3583 52
9959 72
6121 12
8055 5
3364 32
6745 459
1445 6
7812 2
3939 427
5593 160
3155 132
7737 736
101 765
2360 2
4048 405
1910 15
8908 44
2520 148
165 938
4332 10
5519 176
1850 32
1366 448
1112 164
328 2
4426 576
4049 790
856 295
1721 31
9979 509
956 538
1527 6
2118 2
9697 32
102 59
566 226
554 148
3563 6
2797 461
8869 84
7853 2
1288 218
3418 2
2556 169
8623 40
5166 6
843 415
3265 6
9486 838
1059 654
3494 668
4309 6
4068 6
1366 50
8118 278
3174 6
7109 176
6256 471
1565 195
3886 10
9944 32
4317 690
8013 5
1366 447
2581 599
4470 92
2127 31
5922 7
2218 51
4770 730
6121 12
1468 63
4155 792
8200 180
5518 567
9720 16
101 873
5803 44
6137 6
8728 2
9980 700
2246 56
8725 527
9449 447
9584 104
6081 124
191 15
1238 32
5768 53
7340 146
3305 87
1526 264
1286 16
1445 6
8528 32
2936 2
2745 229
5064 31
2476 318
8273 10
9022 5
1171 449
2701 2
2811 2
1416 6
6375 2
547 272
5748 54
7438 6
7987 275
5250 154
3179 33
6412 6
4599 19
5319 64
835 148
1612 224
2775 6
1557 46
4553 9
5110 1
9009 265
310 70
8418 13
7046 31
9020 625
310 70
477 6
9801 319
2810 33
5763 6
3974 33
2749 53
3328 46
766 211
1973 5
6194 104
13 6
7221 263
3490 64
246 9
6349 789
8666 271
6501 74
563 10
9796 32
579 360
1007 439
2843 55
5554 402
8716 46
4881 2
9444 6
9408 6
554 148
529 33
4016 390
968 6
4086 2
4185 330
922 158
9447 5
9849 32
7785 412
3312 229
1683 31
247 5
4311 195
9898 88
5256 31
9851 107
2957 31
5239 384
9694 369
6088 33
8109 44
2535 118
2197 269
796 6
7236 32
1726 504
4992 31
1854 2
5477 2
8453 87
126 32
1893 19
4557 4
9150 31
3364 32
9191 38
5980 6
7297 6
6413 151
9408 6
2061 10
3345 583
307 72
1112 143
3099 38
2520 148
9490 92
4931 6
7811 76
1568 447
7438 6
598 412
6350 413
563 10
4595 46
332 92
8101 148
9647 31
1373 38
595 53
838 305
9523 2
4685 563
2195 32
9440 2
554 31
303 10
862 6
3180 6
4896 2
3532 35
2300 2
1550 563
5377 281
924 265
1725 305
6081 736
4926 176
1450 148
1285 6
3427 97
9625 405
1602 23
964 33
9982 64
5782 52
9720 16
6403 92
6658 32
2151 2
128 38
5026 34
4751 289
8485 2
6364 19
3318 33
5330 54
2465 195
4953 86
766 16
9851 107
9216 725
8408 10
6827 32
369 10
2953 431
554 148
6550 104
640 245
2319 2
4803 507
1235 231
2164 35
4374 44
5567 12
5668 6
2598 558
7888 32
9921 176
2953 431
9251 129
1649 6
3732 465
1867 70
303 10
9895 16
4452 2
1220 31
5057 69
5774 2
8009 54
8387 233
2795 181
3395 689
1027 6
6078 211
9386 552
6182 5
2086 523
5940 537
9150 31
7115 32
9748 297
7403 33
3521 697
4111 55
2865 32
101 820
3387 833
5748 32
1893 214
1358 238
576 92
9076 121
2482 65
9470 169
4986 456
7133 5
4639 32
6162 6
5035 32
9963 76
2462 7
5067 178
6826 31
1002 16
657 118
1836 2
2855 5
2662 272
5595 158
1844 148
8045 9
9846 50
9370 201
5121 66
4843 438
4897 25
2972 33
1640 203
823 32
9939 36
3189 38
5601 33
9368 172
4144 802
257 38
2815 168
6578 50
1059 56
9984 32
9942 31
1202 2
6833 32
8831 802
77 2
8886 32
646 90
1554 10
3404 543
4285 876
4581 625
5450 148
9624 6
9831 46
9145 7
8091 33
6679 162
3858 32
220 8
8091 33
5035 32
8423 2
3361 33
128 38
9167 329
9870 170
7034 31
554 148
5431 300
2491 176
8869 718
3963 523
119 72
792 121
4759 121
1940 5
8224 115
5083 142
1338 31
5436 31
2174 31
7797 196
3572 121
526 34
582 6
9289 104
636 142
6445 162
7762 647
7134 72
9680 90
5801 32
587 6
2912 949
4096 32
2947 53
9720 16
6136 6
4967 69
3357 57
9786 869
7902 169
956 6
786 31
5800 31
554 148
4054 92
5256 31
2420 392
462 195
4757 65
5928 53
6945 31
2356 2
1564 10
3727 937
9551 695
487 32
5492 37
8794 16
3283 33
5458 614
8229 29
2333 7
5403 356
9113 32
1612 50
1729 581
440 266
1940 5
3764 2
2058 2
2972 33
994 331
4208 33
7561 46
8958 6
5098 96
2006 2
6147 70
5205 668
5294 32
5649 2
8127 70
1225 386
1450 148
605 31
1770 10
1450 148
1629 152
4657 6
2019 20
8869 152
3765 118
576 312
9367 31
101 670
8381 6
2245 148
2568 32
8103 104
7683 129
3267 75
9115 2
387 872
1468 63
6585 364
4063 6
993 32
117 2
4482 8
897 38
317 6
554 148
5277 277
2033 52
9503 10
4617 33
5130 6
28 20
5480 449
9916 16
7250 33
2040 31
6466 92
5875 76
35 579
8641 436
3860 5
6317 72
6336 6
4476 31
9591 32
5701 64
2718 2
8391 392
7895 32
121 278
554 148
788 6
493 111
5943 54
3632 334
101 244
1534 10
5393 6
8610 38
7797 196
632 6
4904 6
9263 577
5987 19
2843 55
2079 2
4666 86
1471 551
135 44
9318 20
6503 394
3557 562
3573 583
955 5
9693 6
6889 104
1146 281
3608 33
9525 282
7992 146
3872 50
9563 92
8129 9
6632 6
2495 195
1899 2
9606 20
5025 63
2086 523
4804 164
3740 2
552 10
7178 16
9974 72
7265 89
1538 40
8196 2
4224 2
7043 54
9581 38
152 87
9991 32
9567 5
3027 379
1945 392
119 72
8277 36
4357 129
1238 92
3750 32
9720 16
7453 114
4585 32
861 174
5402 175
4484 297
3103 97
835 148
2239 40
3518 2
2573 138
2498 6
9960 32
5492 37
5650 164
2039 237
9645 32
5631 36
766 16
9825 10
119 72
163 222
4904 6
7522 852
5525 6
1615 424
5596 32
622 824
1445 6
2593 511
4306 2
2007 33
9705 6
8278 2
45 28
6550 104
7936 137
135 44
8532 2
6064 31
6231 6
537 32
9825 10
3985 32
5082 6
1229 2
9727 176
8075 31
6002 392
348 32
5252 2
3611 142
7989 6
3118 160
9998 32
169 38
3492 2
4866 446
5951 6
9873 49
9883 64
5255 312
3786 2
4276 241
9032 2
5180 32
1997 32
183 33
6512 32
6101 181
152 87
964 105
3793 70
281 139
8150 32
5165 57
4536 237
101 476
7779 379
1266 786
7105 2
3914 254
554 31
4745 446
7945 365
101 281
5155 32
3395 689
541 6
1411 42
9612 145
3664 78
9841 163
9328 6
135 44
1737 7
6245 2
1669 72
1722 76
5097 103
2495 195
8203 830
5920 406
119 72
8808 52
5265 2
6579 6
8420 6
5744 38
5295 202
8147 121
1422 233
5044 86
20 244
529 33
162 66
311 637
2125 2
6277 33
7592 518
632 6
9942 31
150 15
5123 700
8958 6
7877 32
3966 96
3816 6
529 33
1928 12
4534 237
5808 4
9915 32
7795 6
7650 24
536 31
487 92
594 55
3886 10
135 44
1445 6
5294 32
1290 151
1112 164
368 518
1129 648
1492 491
7762 88
4475 69
310 70
659 31
593 231
8688 682
9624 12
4599 289
2605 2
152 87
7915 107
4718 301
4679 6
4065 38
7077 449
5654 32
7951 181
4242 554
2463 633
5779 5
2229 2
8298 558
450 32
2873 38
2120 2
6207 116
5802 471
3900 243
1382 2
4177 109
1463 412
796 6
239 33
1689 590
1997 32
3136 9
9802 119
9447 5
5642 38
2589 960
6037 6
9960 32
9434 346
2107 152
3216 65
7679 397
1261 2
2936 2
4425 33
8908 44
748 32
964 105
9129 32
9943 7
6873 57
1407 31
5377 325
7520 76
3427 561
3526 2
6535 33
9864 32
3954 19
1445 6
3172 129
5044 86
3768 557
5407 2
9928 7
6737 31
9848 38
9882 32
1401 870
3862 52
5581 90
1267 2
7703 131
5829 224
9147 32
478 92
9760 32
3903 2
2424 148
5879 31
4314 6
7215 32
5403 356
7892 76
1884 6
7356 57
60 29
6721 381
123 57
2298 7
6945 31
3865 444
5118 70
9335 6
3173 54
8281 713
5554 402
6598 113
8029 6
2877 436
8198 44
2808 33
1541 32
5615 2
5650 164
150 15
4885 670
5915 32
2126 252
2626 195
274 10
462 195
5796 367
6953 652
680 196
8714 147
258 70
3385 74
128 38
4644 6
2264 2
364 72
6278 6
8147 146
101 773
4782 32
5883 2
4704 509
5292 10
6540 69
3023 2
2437 306
4096 32
6550 104
327 146
7080 50
3174 6
838 121
595 156
5633 6
9737 6
9685 28
5593 515
5942 60
9930 459
8896 151
2509 2
284 38
1892 54
6836 148
9755 65
9801 32
833 32
4849 92
4992 38
2513 19
9421 253
8717 76
1003 247
2680 50
7334 12
576 268
5679 499
449 188
1536 391
841 76
7823 613
8041 32
278 16
449 188
437 6
529 38
4912 32
1336 2
7236 72
1059 654
3372 50
9978 38
302 148
4927 32
8662 222
2597 132
4219 154
2193 263
3146 147
9623 8
263 38
150 47
2159 429
9694 369
175 32
4823 46
576 268
4583 7
9294 707
9957 286
904 32
2379 728
7512 6
4509 6
372 518
5677 178
2722 55
3660 656
4180 925
3024 31
1575 72
8608 6
52 33
335 19
941 10
566 226
8194 426
6214 15
9304 32
9842 531
6136 6
4814 343
9951 31
9761 525
108 111
6456 264
1238 92
4382 325
1727 5
3438 2
6330 33
847 138
7886 161
8091 148
1721 31
1527 6
964 52
9553 134
1239 10
723 19
1612 185
6196 152
9449 534
4441 51
3636 246
119 72
6806 19
9383 473
8886 32
3022 2
3482 72
7619 195
6273 38
4647 32
3655 186
4418 52
554 148
7030 32
119 72
8961 2
8091 148
7161 686
3576 146
2795 160
6667 231
3211 34
3928 151
412 32
4402 70
9985 297
9956 6
554 148
5289 32
579 32
7570 24
2391 446
9875 31
4412 562
4473 63
560 10
6122 55
7249 388
7262 72
150 15
2399 2
6542 32
4784 96
6914 31
8162 32
119 72
5098 96
9843 105
9697 32
1332 6
8486 364
7527 367
2985 2
1237 196
3560 2
1737 7
2761 2
4056 247
9094 38
497 64
2107 152
7383 471
4064 92
2561 6
554 148
43 27
6606 0
9806 32
7912 195
4352 161
4025 150
766 16
4231 338
4123 124
3606 194
1649 6
2167 7
1379 142
3374 578
3977 2
135 15
5950 132
2819 491
1277 2
8847 803
9960 32
4111 78
5087 146
5978 530
2517 2
9761 471
240 6
3039 16
4935 273
5718 6
6540 69
5759 2
5551 31
9965 289
9339 152
1090 15
812 174
1331 8
9851 107
630 6
4487 34
237 87
4153 690
3945 583
5300 6
1457 427
7643 587
9790 2
7659 46
723 34
8751 72
119 72
1551 6
8570 5
5340 26
9848 38
797 462
5450 148
2681 2
3284 443
5834 126
6650 129
1121 51
1239 10
955 5
4779 237
3361 92
9109 146
3828 6
5315 270
9848 38
9014 392
8542 6
1237 64
9930 92
2296 2
8522 429
8179 18
144 5
8458 2
3749 92
1207 46
2007 33
1892 32
9027 107
7579 277
5638 52
152 87
3047 6
3969 254
9706 105
8245 369
7327 6
8695 297
3989 193
9032 2
6405 32
4883 5
6914 31
515 2
4986 164
6854 412
2087 84
144 5
152 87
310 70
1357 69
3510 348
4483 33
3341 19
9985 297
723 33
101 113
7826 76
9625 858
8581 2
8768 186
3872 50
142 2
1628 6
3798 46
836 6
4315 414
964 105
5281 74
599 234
2141 62
9848 38
2491 633
9001 32
6521 379
2023 19
6614 50
8 2
7871 700
3954 19
5714 151
5416 6
2598 322
6005 6
6043 2
276 64
8187 6
7985 32
7941 32
1772 2
9341 36
3539 540
4925 31
1690 85
5067 297
8436 776
355 6
3004 6
3952 578
9714 22
6870 46
9738 597
9480 147
3376 114
3272 39
7617 16
1416 6
263 92
9544 2
2340 2
748 32
9408 6
6413 92
274 10
8109 44
7903 2
7725 527
8391 392
9110 19
5855 31
6738 378
4771 508
7817 620
8145 46
9863 15
1377 2
6293 69
1721 31
7302 31
101 175
9216 108
8323 31
337 204
3383 265
8466 31
3898 32
5766 104
6681 162
259 2
361 163
8562 38
8256 6
1721 31
3364 32
6888 6
2931 2
822 2
6741 32
4783 25
308 92
1445 6
7330 33
4705 50
7999 9
5312 439
5430 554
2356 2
5993 33
554 148
280 2
6085 33
4649 446
7612 216
355 6
5593 471
860 462
5651 90
310 70
4063 6
137 32
2213 31
6432 53
1559 19
5596 32
3372 235
1806 490
4833 6
7795 6
4733 366
9583 178
505 406
3243 204
1772 2
7239 640
3298 412
2253 2
5256 31
9153 35
240 6
7140 6
8524 6
8837 2
237 87
205 6
4242 554
7325 687
838 305
9101 10
7497 329
8721 46
1468 63
6339 6
9789 203
9664 52
2038 182
9915 31
3090 148
3666 134
964 231
3533 449
3170 54
1615 52
9329 583
5206 51
1220 211
101 322
101 566
9230 6
8248 509
4051 2
5581 9
582 6
2556 612
2905 19
2074 211
5438 35
135 15
5256 31
2246 56
152 87
8601 505
5893 70
9963 76
1572 19
9341 36
3364 32
1485 148
9839 31
7797 196
9542 63
7531 262
2324 143
1787 80
9962 46
415 6
6746 85
101 602
687 32
5363 162
9863 15
54 35
1945 23
2295 241
1289 573
9957 92
9546 6
9115 2
6356 6
331 6
9558 9
3657 6
9957 447
8994 2
718 32
7361 2
529 31
8441 2
3804 2
9055 167
3174 6
3208 87
230 32
3039 19
7302 31
9739 13
5701 287
3341 19
1790 162
9164 337
1238 92
7263 473
3576 146
4913 108
8258 32
3571 31
3648 32
5157 53
1775 124
9628 32
6812 51
8931 32
8100 53
6478 218
364 72
6341 6
4952 149
2908 127
485 10
3470 1
231 33
3088 315
6975 104
9729 195
512 34
3006 2
1812 6
4886 164
2557 32
9332 46
760 134
8768 54
2202 2
5160 138
4263 126
6697 5
5878 796
2472 436
8011 72
8547 366
477 6
300 176
4980 88
3426 33
9942 31
9322 237
2770 6
151 46
9975 178
4144 706
4464 452
2693 56
3682 59
5853 32
0 72
331 6
7893 75
762 445
5161 148
8942 6
4121 75
2422 69
9449 447
0 0
5181 134
9929 597
9763 211
9865 38
5062 92
3044 6
364 72
4998 709
7890 38
4249 502
3568 31
6612 134
20 32
718 5
3772 16
7570 32
9930 19
6926 419
6567 32
2831 29
310 70
7392 72
3150 509
8909 32
8443 623
1669 72
119 72
4984 19
1572 19
5593 802
4935 273
2598 44
9004 79
5518 33
6975 104
9987 934
5325 31
5169 85
9354 32
6030 64
3175 36
101 479
904 32
9930 92
1763 51
7775 315
7975 32
23 17
8959 527
335 19
3571 31
2671 405
2717 32
1472 33
3818 2
4717 32
9857 241
8248 87
5061 387
7392 72
443 25
9147 32
3854 76
119 72
9942 31
9723 246
0 72
9889 19
482 495
3478 228
6406 766
1302 31
2282 470
1649 6
8072 214
7119 263
5959 2
3638 6
8726 363
6142 92
102 59
5368 16
5173 216
9550 51
9962 46
2182 509
4114 153
8943 6
7027 76
2899 2
6466 447
7676 107
1501 86
6045 31
758 2
9387 310
8449 100
9839 15
7244 176
615 44
529 31
6489 500
6830 315
5239 384
7626 31
1752 2
9361 86
2084 35
9756 2
931 31
7266 46
9578 31
6933 10
9116 92
9795 255
2722 55
988 281
5620 7
1733 32
529 33
1276 2
1323 46
5307 31
4338 32
3750 32
2411 72
2475 411
3220 2
709 114
2119 2
332 650
6682 6
307 72
576 92
191 15
3932 120
1715 2
1242 921
237 87
2390 72
8235 651
9747 19
135 15
3560 2
7547 428
3985 17
6607 509
9961 7
9980 13
431 6
554 148
9956 50
3958 322
6893 778
8185 5
789 116
253 211
2495 195
6414 104
5035 32
2027 8
60 90
13 6
3675 107
959 196
2119 2
3545 2
6952 251
5634 247
493 114
8860 32
2997 36
1081 26
3874 122
1149 723
2037 2
3980 218
7615 46
1366 50
8794 84
5641 194
477 6
5048 56
9275 34
1327 2
6998 70
5576 243
4526 211
7650 24
931 31
6172 718
7547 428
3723 32
9984 32
295 72
1762 40
7421 146
9972 538
1049 185
9794 19
6847 6
4631 5
3286 11
4615 6
5075 32
3154 32
2413 2
1235 105
9312 76
1889 31
8153 147
2404 2
3843 2
795 15
4333 544
135 15
9045 87
6101 781
1538 40
8245 78
3081 72
4289 717
9493 142
3782 56
8862 132
8364 52
9120 38
6402 19
10 8
2324 143
689 33
3024 31
3578 36
9583 331
5431 300
6479 176
571 2
128 38
1290 38
2396 2
2999 211
4843 38
3702 2
8896 151
3196 85
8008 32
9515 38
548 719
9470 541
5841 19
3740 2
3772 16
7017 96
2852 121
691 147
3925 398
52 33
3573 164
554 148
6914 31
2483 17
2211 32
8901 104
2128 15
9923 105
779 19
5691 70
2263 338
240 6
5239 384
2006 2
4207 6
3952 38
9307 2
135 15
3946 84
554 31
717 634
8581 2
2007 33
7226 6
711 195
2970 6
8943 6
5976 72
8291 545
9057 703
4849 31
1163 54
3184 70
218 461
8391 392
9584 104
529 38
5672 124
8999 2
205 6
8383 46
7051 116
7840 90
4314 6
9933 35
4338 32
3377 31
2903 92
2326 10
9878 46
4487 34
5546 265
101 413
1469 446
3636 386
4703 344
9484 55
2200 297
2013 111
4925 31
5879 33
6425 599
119 72
8466 31
3420 35
9848 38
977 323
360 2
5972 6
3816 6
8054 152
1075 19
5883 2
4458 146
7182 26
6380 449
9980 13
9878 46
8687 2
766 16
8839 642
2008 2
1615 33
9886 46
260 109
1128 2
7920 29
8824 36
7046 31
2205 2
9412 19
9987 40
68 43
9623 8
2625 25
1819 194
529 31
1949 64
2340 2
9701 33
8508 6
8020 341
9786 461
2045 680
5366 2
3168 837
485 10
3068 184
1648 693
9927 72
5190 211
3174 6
573 146
5777 124
4823 46
5951 6
5119 114
7771 31
9062 6
493 32
41 10
101 602
9339 92
2517 2
1147 12
10 8
6352 394
308 358
7742 19
5324 10
2538 195
2185 2
6236 147
9906 44
8090 2
3257 404
4368 583
8283 310
5351 38
7648 102
9986 52
3174 6
2197 477
2603 31
4144 713
842 298
471 461
2556 164
9978 38
1261 2
1289 33
1003 690
3361 174
5583 344
2120 2
4391 30
355 6
9716 784
9977 33
7887 29
1775 10
796 6
5387 24
730 34
3119 6
3965 2
5845 55
4890 637
9442 784
7770 72
9662 72
5045 6
5113 280
4986 161
6315 33
4910 6
9243 315
9950 32
709 6
7270 652
7068 281
7051 633
717 87
471 297
308 7
3660 24
2487 548
9184 15
7683 32
7337 273
1090 15
135 15
1664 31
7933 10
9722 146
7208 31
364 72
388 6
8994 2
2459 356
6850 16
8354 19
7894 338
8052 10
6630 87
5179 445
9230 6
7250 33
1682 38
6138 15
4283 6
3873 72
2748 625
369 10
2598 558
9948 178
4705 471
7797 196
2959 70
8900 530
6662 244
6425 599
4972 88
9503 10
8517 32
3777 33
1261 2
3238 176
9484 31
608 6
1235 38
2337 306
7486 32
7547 234
6965 391
5371 597
2339 2
6460 73
1258 6
7723 52
7381 51
5638 148
5565 104
128 38
6992 72
2033 356
6160 54
9755 65
5324 10
1289 33
483 15
5521 113
9062 6
2854 92
8794 398
3952 417
2007 33
1169 6
1538 40
1316 2
2393 369
2127 31
647 6
7269 46
6877 32
1252 633
9760 32
5158 116
823 32
3181 6
1535 161
3936 107
7895 32
1144 35
4880 82
41 10
2633 31
6738 541
1112 164
3293 134
9768 176
9778 31
7732 182
233 92
5387 90
4048 161
530 216
4565 62
2051 526
6830 315
6458 31
150 15
2104 60
3977 2
9839 31
3309 2
7168 90
9449 447
4321 441
3219 2
3978 29
4512 26
1839 16
1158 184
5346 6
1101 138
730 114
8959 370
2495 195
9408 6
4799 470
6024 63
8678 116
3273 2
3370 2
3665 32
101 283
9539 32
13 6
6683 170
1366 626
7462 66
5522 2
355 6
5661 576
1214 6
3176 25
101 554
3631 757
9923 356
782 126
8043 135
602 56
6683 46
1964 31
1901 2
4676 651
6348 6
1538 40
1366 626
9605 3
3328 505
3024 31
7751 70
5484 2
4600 54
3819 2
5644 6
2464 787
2543 5
293 6
705 6
9720 16
6264 6
6945 31
9835 6
101 139
6262 33
9921 176
8046 194
119 72
2163 392
4824 180
152 87
8242 146
152 87
310 70
3952 19
8314 144
2105 160
2479 2
4136 69
3288 281
239 33
3695 147
7 6
3535 65
150 15
2013 6
1536 391
4704 509
1721 31
5829 52
576 158
3548 259
5750 32
9488 90
4230 32
1220 31
8275 34
5334 6
1866 6
7379 16
3682 113
1254 204
4623 45
2920 32
9072 31
6655 53
2893 32
9310 129
4180 156
7575 6
5993 33
9388 54
709 114
1759 151
2197 558
6254 211
9879 652
9956 6
7469 72
9160 152
3240 70
9922 31
5940 188
1121 51
9120 38
2053 2
9435 38
2341 35
8026 57
728 19
5365 1
4855 562
8695 297
3062 136
9716 556
5126 46
640 244
3590 89
5881 6
4048 456
20 114
529 31
1526 237
150 15
802 10
6504 53
332 56
2703 2
3972 6
101 175
7783 33
5302 2
6650 617
4941 179
1750 2
9671 784
867 30
2347 322
8528 32
7050 16
5679 435
6077 625
9835 6
9304 6
5789 24
554 148
3207 6
4782 32
9729 55
7676 107
1961 2
8939 86
7776 147
7497 32
1656 32
462 195
6545 6
172 6
6577 439
2027 8
6983 195
4315 164
5929 148
1986 33
6051 151
9041 32
2947 32
1926 2
4440 379
8392 626
3121 38
6339 6
9732 713
2895 86
8159 5
9341 36
9898 88
9868 203
4718 301
615 30
3106 10
4659 449
1435 53
9879 652
7439 2
8943 6
2556 636
1833 2
9337 138
74 31
7379 211
7051 260
4564 132
2901 33
8992 161
9720 16
101 70
8769 2
7938 247
2544 6
4048 164
5314 31
549 641
4004 19
5228 56
6983 43
3020 2
5517 6
1759 151
535 237
632 6
8383 713
4742 737
1290 105
9304 6
9234 46
139 31
9101 10
5624 104
303 10
108 6
7621 104
220 24
2279 660
3873 32
2085 1
9539 32
5600 6
4262 38
3032 19
8011 72
2694 0
2694 50
7604 12
1327 2
6644 6
8425 97
766 16
119 72
9346 163
2556 169
1445 6
9092 121
3607 31
402 2
1161 195
6112 6
3257 480
575 525
3016 72
1617 6
2248 338
9825 10
1408 87
441 187
4410 2
7754 6
2041 5
1432 2
8091 148
6914 31
7780 33
3886 10
9238 107
8958 6
2835 19
3659 10
135 44
7410 488
2350 54
1234 2
5407 2
2513 19
6370 6
7678 6
2390 142
8627 104
4953 86
3735 67
332 214
9903 32
941 10
3283 33
9889 19
3781 2
459 32
157 32
1571 472
6989 33
6683 747
7863 6
135 44
4920 88
554 31
9649 38
964 52
6962 688
4960 703
2121 32
4792 117
236 114
4345 6
8528 32
1597 757
2762 2
6057 690
2286 571
2649 91
6893 778
9415 2
300 204
337 637
8551 6
324 132
7327 6
7075 281
946 38
2232 90
9972 90
1971 2
3992 24
7547 428
8175 91
655 254
964 52
9486 838
1385 6
2013 114
9442 268
4948 204
9817 31
4408 12
4242 554
779 19
7479 70
1335 10
6694 65
9037 161
1682 38
7038 6
3952 122
956 165
9942 31
5643 104
8627 104
3726 677
4343 246
8455 527
4110 558
3118 160
6305 967
245 133
5157 209
1110 31
237 87
7188 8
6910 33
440 266
8921 76
8804 72
3251 406
5265 2
7541 195
7533 85
2087 185
3674 31
9322 253
1539 92
1559 19
2206 32
1220 211
1048 86
9857 241
5945 57
2504 195
630 6
1562 33
7083 24
8386 52
7715 76
5209 315
262 2
7770 415
3936 107
7343 31
9961 214
4079 38
52 33
5444 31
3020 2
3357 25
2573 138
9218 2
2283 44
1874 2
1558 2
966 216
2491 346
9900 72
7424 2
4331 412
1654 486
9715 791
6656 90
1624 24
2713 51
3170 54
485 10
6953 652
285 46
1503 10
152 87
647 6
1008 2
9285 32
6668 92
723 33
554 148
3952 52
1289 33
945 6
1813 38
9972 176
4631 204
4970 6
1695 203
545 38
2506 2
4521 74
4694 538
1787 690
9848 38
7192 888
4495 35
1027 6
570 2
9923 5
4229 10
2312 16
7639 689
1920 2
1791 69
1290 52
1520 15
1207 46
9208 33
3075 512
3159 6
2423 2
2119 2
5956 32
9972 562
7648 505
5429 195
331 6
5881 6
6824 297
8781 132
5184 348
4027 554
480 2
9581 33
9397 53
2107 152
7098 2
7118 152
8904 2
674 2
8639 74
9796 32
6876 10
3059 195
3121 38
1619 104
6781 359
9455 62
6264 6
4191 72
9694 369
5329 32
9963 76
823 32
9916 16
1059 38
3952 38
576 16
6317 36
3605 10
409 38
6195 15
5353 384
8955 19
962 146
108 66
6921 104
1681 49
4457 260
762 301
9146 33
101 632
70 31
9322 237
4509 6
9567 5
4710 745
7626 31
7940 804
7736 269
2986 2
5259 2
7797 196
576 671
4483 51
9868 203
9785 121
570 2
5744 38
554 31
4012 148
7831 64
9985 297
7957 315
8923 885
9147 32
4987 91
3996 31
803 46
2062 504
8791 524
1688 449
9752 38
22 2
840 2
9978 38
4740 127
1301 48
4143 70
2901 33
5254 146
2342 338
2415 696
70 33
9358 459
2847 2
3483 127
9408 6
2882 776
7851 6
3364 32
7012 38
75 2
5447 381
1689 234
4117 158
293 6
107 18
2694 174
7834 32
492 967
13 6
9638 5
5802 367
8905 152
2264 2
150 47
613 325
1793 56
8690 148
4697 218
552 10
3637 19
6305 723
9796 32
1640 233
4483 38
9528 2
6749 228
5358 33
5593 161
2597 132
4048 695
485 10
3745 45
7886 339
9202 2
5750 32
18 10
4178 72
7305 2
9859 237
3840 7
1459 146
5128 815
1063 138
2225 288
2449 338
120 50
3102 76
526 34
9463 271
1728 137
868 2
1366 389
554 31
8248 87
3525 19
5791 398
4926 46
4798 167
755 10
3012 90
2355 107
2295 241
5776 6
4275 6
1993 2
9567 5
4315 414
8234 294
9938 49
5772 697
3312 84
3750 32
4290 26
3184 70
8236 97
2322 2
554 148
9093 231
3192 2
5634 247
1358 265
283 153
9076 201
3807 25
674 2
7263 747
258 70
4430 253
6812 51
1921 138
766 16
8896 151
6989 33
3279 384
8181 226
2226 118
556 2
9793 180
6170 54
630 6
3198 2
6725 46
8248 509
7007 52
5156 2
5373 109
3564 6
7579 670
5589 502
9865 38
922 158
1366 92
3425 31
5459 7
1656 32
5932 6
4968 6
3599 6
3472 6
355 6
4886 505
3475 270
554 31
1795 63
5715 15
3658 72
3952 211
9403 87
956 259
331 6
5711 149
5792 32
4930 756
9470 160
245 133
6877 190
8489 199
4758 15
3952 446
8262 92
9951 499
1656 32
314 6
135 44
4705 50
4544 297
7258 186
3174 6
631 88
584 33
6108 652
5358 33
8047 72
150 15
9330 529
8248 87
1615 33
369 10
7148 409
7472 88
4219 53
9879 652
9539 32
9918 32
576 268
8466 31
1385 6
7916 33
3723 5
931 31
1290 33
941 10
9045 391
4509 6
6914 31
139 31
9839 33
2174 31
310 70
2045 865
8606 177
8207 57
1649 6
9960 32
2451 2
5524 114
9915 32
3357 25
8308 243
3379 317
3765 118
5940 575
6055 5
5776 6
6318 63
3917 6
8669 297
937 5
4191 495
7590 31
1070 86
5243 398
7626 31
13 6
5450 148
3368 31
5510 134
119 72
5031 509
5535 32
8439 356
1235 33
9335 6
6445 176
2537 2
1826 175
9603 110
1655 181
4309 6
6429 31
3030 181
8455 161
150 15
3576 146
119 72
9204 31
137 32
80 47
128 38
54 35
6810 72
529 31
9915 32
8006 5
5813 2
2759 2
2838 2
4936 211
6847 6
388 6
7524 32
2282 706
41 10
529 31
9807 146
5256 31
6882 104
8295 12
2735 709
9628 32
1649 6
5350 152
6014 86
8160 6
4144 681
5110 562
9310 129
6889 104
369 10
37 358
4315 541
7232 636
2826 158
495 56
6413 31
3510 40
2462 7
1121 51
101 234
9408 6
409 147
2218 51
9844 195
2934 2
3284 84
8390 376
6979 32
4179 7
792 121
2667 2
9047 2
9270 33
5816 33
3648 32
690 149
7946 181
8719 237
8576 2
3752 134
7948 21
2231 2
9834 737
4217 2
350 32
2355 107
2723 90
5787 394
2985 2
8242 146
1251 274
3332 6
9720 16
451 142
9801 32
478 92
141 6
28 20
101 330
9810 419
1671 488
4680 6
4714 6
5536 776
1669 72
2023 19
8734 2
1136 33
3272 39
9965 289
364 72
7627 18
9880 46
9738 541
956 243
1237 447
1178 25
1287 777
192 596
5783 5
3084 2
584 33
4835 5
7838 185
8090 2
3357 25
8460 2
931 31
60 387
1854 2
9813 665
5394 104
5402 175
9115 2
792 121
897 92
9942 31
5967 868
152 87
3576 146
161 2
8468 32
9825 10
1797 10
77 2
1469 446
1225 386
4303 54
8716 46
2128 15
4707 213
674 2
152 87
5465 79
7578 129
6965 453
3834 8
4401 406
9942 31
3731 63
9392 34
172 6
5893 70
9038 148
431 6
5520 743
5160 138
5047 31
3292 2
5777 124
169 133
2559 833
6311 5
9963 111
3367 2
2280 2
7008 592
4414 331
9720 16
6359 54
7200 6
8208 2
6885 104
8581 2
8991 218
2722 55
9352 35
101 251
4910 6
2778 612
7569 10
1785 8
5022 458
5420 1
5384 5
2385 62
4797 2
4191 32
6169 52
1889 90
9796 32
584 33
9607 2
9178 46
9747 19
1139 9
5496 554
3044 6
2946 2
748 32
8532 2
9694 369
554 31
9179 2
0 0
1739 211
53 34
6141 62
1252 54
6340 6
4018 32
2947 64
9348 19
964 52
2247 2
7731 531
8315 6
5122 108
2957 31
7506 2
5642 38
9203 197
120 50
682 72
6311 5
3863 32
9770 75
1572 19
8814 345
1182 147
1366 50
4273 752
384 2
9470 405
7113 9
4965 282
5979 221
6481 218
1766 609
723 16
310 70
6696 251
7994 279
4757 65
544 32
2688 59
496 54
1283 2
281 158
4035 158
9546 6
1323 46
6661 33
529 33
5480 724
8331 32
262 2
914 315
9720 16
576 152
5945 25
554 148
4060 86
1082 176
9563 354
1366 621
7400 436
6234 38
5240 348
2970 6
3467 311
1554 10
8300 6
9814 6
8924 297
1661 15
470 31
4526 8
7703 682
9848 38
8105 91
2472 204
6979 32
630 6
8355 764
9677 370
9791 134
2813 113
9705 5
8683 685
5715 689
5766 573
4546 46
135 44
4967 922
6358 38
2756 628
7051 304
9449 214
1490 33
3463 83
9959 72
9209 190
4213 706
3194 2
1536 126
7270 652
593 435
4495 35
7270 652
4838 31
2194 40
3980 218
7444 33
7003 70
3141 264
4638 6
6087 6
8382 34
8091 33
7339 54
119 72
42 26
2771 9
735 114
3987 507
7978 161
899 56
9951 153
1721 31
8958 6
529 38
359 44
8996 10
4199 2
3364 32
3146 147
7449 945
254 10
9705 5
4638 6
3642 32
135 15
4899 392
1366 50
5084 31
4504 2
7985 54
9968 16
3563 6
2414 210
8971 185
5431 501
9939 36
1612 229
918 2
6914 31
6400 6
5921 32
2896 2
7971 6
6847 6
9748 297
5847 113
6042 16
8925 32
5257 31
7315 76
440 10
2800 11
9447 5
7576 561
527 72
842 32
1661 32
4620 266
3784 387
5433 2
2233 6
485 10
3736 27
519 212
9022 33
2013 96
123 57
8326 2
9907 32
5583 482
462 195
831 38
576 725
4609 70
6402 19
554 148
1934 0
3170 54
717 743
7108 15
5775 571
1089 31
7233 43
7434 285
8880 19
8274 2
3383 265
7438 6
8010 490
1338 216
5633 6
1516 64
6974 59
8518 54
5346 6
2801 38
2550 125
9464 1
7396 6
2970 6
2324 143
2300 2
1763 51
3168 534
3952 5
1721 31
7058 32
9049 176
8397 237
6531 571
5772 315
3300 297
6889 104
2031 2
377 2
1235 53
7147 277
8869 92
3220 2
1341 24
440 266
9408 6
7368 656
9687 509
1737 7
8248 509
2616 819
101 457
6941 558
4053 104
1090 15
1450 148
6703 18
3379 317
9281 185
8443 623
964 52
7719 934
1096 24
2033 40
9279 2
1504 2
4215 637
1541 32
3947 6
1447 266
933 91
823 32
5423 10
648 6
2229 2
8203 38
931 31
3119 6
9473 582
8942 6
8975 33
9408 6
9567 5
240 6
807 133
7525 183
7234 146
8785 31
9203 848
9925 32
1377 2
5407 2
5581 37
101 765
9865 38
232 129
7652 104
7357 36
9412 19
5565 31
9105 244
8255 92
2414 121
1259 21
533 425
6962 446
9833 33
554 31
1033 10
9927 32
65 33
2217 32
2770 6
6566 14
4356 2
8423 2
2174 31
7886 335
9639 33
8220 146
838 571
3990 2
2571 195
6567 32
54 35
6166 15
9016 31
3865 33
949 31
1031 146
4223 70
9104 32
8636 821
8315 6
733 274
3168 770
9613 5
1033 10
310 70
8462 46
8528 32
16 12
9868 203
150 15
8956 189
4315 25
9426 297
7172 556
9760 32
9963 111
3181 109
2011 2
4106 69
4742 960
3964 2
3170 54
9601 623
335 19
6951 65
2561 6
3843 2
2944 40
3730 52
8414 636
3832 2
2432 32
9732 713
9902 32
8489 37
3284 33
2319 2
4039 154
833 32
529 31
1480 388
2795 470
2844 52
1797 10
9350 32
119 72
1237 92
3379 65
6381 32
3672 2
5718 6
6358 33
9458 32
2826 158
3753 2
6024 63
9713 2
1440 6
7392 356
3224 635
8283 952
5207 251
335 19
135 15
608 6
2825 32
723 297
8528 32
364 72
7652 104
9331 6
8881 10
7050 19
6346 33
7304 40
4561 70
9969 33
4861 331
1 1
3684 2
4048 695
9120 38
7904 32
3845 2
101 803
8769 2
5768 53
9588 33
2897 6
2277 127
310 70
1250 2
9915 32
1118 52
3208 114
1035 2
6029 0
8598 31
9563 100
6949 44
3931 19
4315 341
2586 2
9862 32
51 32
6008 182
9848 38
6339 6
9934 46
6797 176
9335 6
744 185
4172 445
5460 6
3238 50
9094 33
334 16
6253 2
8477 107
4575 2
8503 2
5679 587
5667 50
150 15
1156 54
5890 49
6926 620
2709 862
5889 31
3952 52
1665 2
5888 147
3335 76
6995 305
3262 620
9639 33
9942 31
2619 33
6829 40
8839 583
8187 6
5659 380
7693 38
1663 10
4885 32
1806 137
6879 209
6244 142
1721 31
7609 146
9532 97
6456 72
5070 53
2965 2
5465 529
931 31
1612 154
1727 5
1656 32
6290 170
4599 19
2854 92
9852 53
1238 92
3638 6
7878 105
9970 145
7851 6
8889 9
4352 191
7396 6
9848 38
3747 85
4309 6
1147 12
4864 175
4651 142
9154 18
9027 107
7051 50
7974 178
3761 19
101 412
150 15
135 15
3335 76
730 34
6896 159
5783 31
5593 508
7945 365
9772 411
9992 33
4144 802
9878 46
482 250
5801 76
3872 50
6637 52
1106 10
8541 76
2836 2
6858 6
4896 2
7004 274
2598 182
136 32
8026 57
766 16
9563 84
1737 7
1261 2
3252 10
8331 229
1453 51
3655 384
2086 523
1706 109
6246 19
6034 337
910 33
1721 31
5916 132
9793 210
4172 445
98 2
1136 31
3193 70
5380 215
3285 32
2598 183
8061 120
355 6
8516 59
3392 6
9721 102
879 60
1511 29
689 33
8308 243
529 31
4751 237
4048 405
2007 31
355 6
150 15
3931 19
897 45
7163 6
3427 97
4986 181
9408 6
356 339
4848 322
5151 6
1727 5
2248 338
6524 34
2225 288
2297 2
9409 386
8726 465
3527 72
3079 681
6121 5
6692 32
1592 64
974 70
2208 6
8248 87
8518 185
8878 76
5718 6
6499 195
1661 32
5700 36
9563 447
236 114
9855 455
2795 161
2086 523
3232 70
7797 196
437 6
4838 31
1220 31
6296 51
7445 72
1933 15
1800 2
6175 276
6112 6
128 38
7603 76
3119 6
152 87
689 33
4930 710
2491 176
1235 38
3872 92
5503 392
3310 161
5596 32
5329 32
7545 766
31 2
4194 118
4809 46
1304 32
9038 148
5445 691
169 38
1445 6
4242 554
3030 449
1721 31
1019 2
119 72
7966 7
694 183
3423 2
7536 32
1113 76
6495 71
3265 6
101 216
512 34
9089 2
2967 6
5504 87
9553 448
1787 176
3952 578
9923 105
8859 78
4578 86
8115 38
6835 128
9191 158
3732 338
4052 105
590 2
9698 46
1009 32
8957 233
4005 6
3335 76
9694 369
1621 2
654 138
956 6
8436 108
7250 33
7952 41
8104 945
5206 51
101 127
1257 19
8953 25
9797 32
6914 31
6403 318
2804 288
9930 92
1290 38
4391 30
9907 32
3283 51
1147 38
9804 13
60 71
23 17
163 214
9346 46
8997 343
9496 297
1522 460
3397 32
135 15
3130 195
7471 356
9248 24
625 32
9660 2
9599 456
2393 369
7082 57
119 72
2641 16
3856 5
7218 335
9772 273
964 105
1938 19
6203 128
3250 871
1954 195
3357 57
833 32
87 144
156 496
7469 92
4451 92
2462 7
6357 160
8075 31
2142 2
5062 50
9894 33
9958 33
1721 31
6563 146
964 52
2007 31
2970 6
152 87
6869 297
135 15
324 55
3982 589
5772 697
8783 85
7535 164
152 87
9810 419
9263 761
207 117
5169 87
2556 612
7059 161
5160 138
2278 21
3240 70
8678 235
6038 6
2389 190
5921 54
5773 104
3305 87
8812 53
3132 239
1480 635
7439 2
4585 289
1327 2
7270 652
3404 51
9883 64
7939 16
5898 67
2197 558
8398 70
60 90
464 2
0 72
8574 32
6095 32
4356 2
7147 277
690 54
7787 33
1348 32
4583 7
2025 288
1804 2
9898 108
191 15
2953 649
8846 2
9846 281
477 6
281 64
859 32
7784 2
3081 385
3174 6
6965 453
9520 537
9759 164
5829 52
1214 6
2158 176
6501 74
9927 32
1656 32
3079 695
2657 46
5960 127
1270 148
3193 70
340 32
4472 36
324 55
3146 147
8702 32
7569 10
554 148
2032 6
4173 222
5757 32
8286 219
9470 456
1612 50
3277 16
3373 148
3423 2
8248 87
119 72
8081 43
526 34
0 72
2485 2
3064 406
9971 25
252 185
2740 852
665 3
2303 6
1591 477
1689 254
8994 2
9950 32
1487 452
3235 21
274 10
6899 2
1090 15
9369 500
2629 338
7051 50
6049 34
2600 31
9962 46
8744 33
3655 348
2861 509
3560 2
3247 181
6696 251
7797 196
3030 121
8396 70
7451 256
3174 6
8882 90
5025 63
5185 54
7609 146
1649 6
2758 3
9053 29
584 33
794 136
7883 70
9987 31
6083 29
8041 32
5140 6
902 6
9601 623
79 176
1406 33
5702 6
4922 31
554 148
8693 124
6829 445
6934 31
1680 6
455 191
5207 24
8509 2
1950 394
8874 55
8980 6
1834 11
9401 54
1737 7
1186 56
9713 2
2722 55
3954 19
3519 2
4318 6
6960 599
74 397
9869 49
5202 32
9869 61
1377 2
7208 55
1522 460
3864 34
909 10
8316 37
1590 13
9104 32
6694 65
2804 288
9517 38
7110 369
7736 269
8672 19
4859 405
3130 195
2181 2
3272 39
7879 350
8315 6
5521 113
9946 695
9444 6
723 765
6938 38
7127 32
2508 413
7643 587
7631 153
3949 36
2101 55
2082 2
7157 31
5287 23
8557 5
8012 76
2386 2
4425 33
2355 32
9832 10
2806 31
7795 6
4779 446
2218 51
4492 2
4688 436
1277 2
9720 16
121 261
8979 32
576 244
4352 161
8899 936
168 27
2909 194
9729 195
529 34
9761 582
2930 509
4056 24
4158 32
9848 38
744 134
6487 78
9444 6
6182 5
1536 126
6464 33
9942 31
3218 33
8959 102
1504 2
3749 76
3760 601
3952 417
331 6
766 16
554 148
3636 16
4141 69
7262 72
161 2
9779 90
9864 32
2095 548
1689 121
3764 2
9670 541
8960 31
128 38
6171 644
112 392
412 32
4028 31
9709 46
192 254
9434 52
3418 2
37 315
8091 148
7583 16
2935 83
2391 133
3853 32
1220 31
3948 599
7487 910
1875 526
1059 253
974 70
8946 2
237 87
2953 649
289 2
6856 38
9843 348
6010 33
8140 392
2360 2
6752 6
1147 12
7708 50
2750 32
0 15
6458 33
2263 338
8768 186
7989 6
9979 126
1202 2
2344 491
9484 31
6629 603
8483 15
1158 46
2896 2
101 70
637 2
1059 688
6650 129
1635 338
9942 31
6914 31
637 2
3926 32
2598 183
2206 32
730 34
1757 188
9931 34
101 251
7797 196
4613 750
4158 183
1839 16
9693 6
2491 92
5046 315
6881 52
9830 2
807 446
1676 35
3022 2
4302 86
5824 54
7612 216
1336 2
955 5
2279 660
399 122
8008 32
7227 32
542 154
2745 680
1538 33
2115 2
8899 717
9398 54
1567 32
1185 154
1550 500
2033 33
3708 6
1075 7
6183 591
9160 152
3870 32
986 2
5672 124
8298 558
2793 151
6829 33
2206 32
815 175
9948 331
7676 44
4006 2
335 19
7438 6
7227 32
2007 33
3357 25
9449 174
832 6
1811 114
6273 38
3954 19
9961 152
2654 356
2066 2
4067 16
9584 104
658 31
5593 404
152 87
3188 171
7974 749
1627 2
7512 6
3808 1
70 45
28 143
6082 74
2698 246
282 921
4338 32
5203 183
9827 108
3297 32
15 2
150 15
3467 374
1445 6
9569 492
7701 15
9368 172
1987 32
5643 104
9293 19
530 216
6432 97
2451 2
8737 19
119 72
7051 162
1411 42
4709 238
4455 2
3168 899
1916 2
9825 10
4952 345
2918 2
324 55
9053 29
1027 6
6444 147
7887 6
9318 20
5338 38
6710 90
3205 6
6156 505
1984 52
9039 2
9969 33
4875 604
554 148
8824 88
6950 2
482 591
3932 227
1173 31
6585 19
7188 8
9891 154
9973 33
3671 56
1485 148
101 602
225 134
1035 2
7795 6
3265 6
3147 2
4886 383
9963 111
893 143
7373 16
8889 54
4345 33
9150 31
278 52
9335 6
1505 32
1649 6
9991 31
5536 776
2640 6
5915 32
1107 6
7009 38
9146 33
529 31
8159 5
842 298
4176 468
3984 2
2807 314
3278 151
7893 75
5393 412
311 32
310 70
157 92
2843 55
789 5
8248 87
6499 195
540 19
9924 508
3571 32
2955 143
5682 158
584 33
2475 174
1445 6
2361 331
529 31
6608 6
9813 53
8528 32
8837 2
7547 428
3974 146
9449 84
8026 57
101 75
9898 88
211 2
3031 2
5813 2
6250 692
3752 33
150 47
5061 387
2862 195
6696 251
3283 48
8258 32
3365 417
144 5
3779 10
991 39
554 148
9912 367
6325 183
3174 6
8286 461
7478 718
3952 52
9896 72
529 31
4315 414
6217 33
3308 421
412 32
3912 2
8302 2
101 559
3265 6
3372 299
766 16
2353 2
1553 18
8003 64
9668 404
2582 518
1721 31
3292 2
6430 46
3832 2
5057 69
4207 6
9839 33
7839 97
3181 6
5726 1
9022 5
8518 84
4098 32
7860 177
6174 15
5064 31
101 672
2063 31
3704 707
9038 148
9071 31
3421 2
5554 491
2762 2
805 255
529 38
4509 6
251 6
2290 2
7108 15
9910 76
1159 253
5603 2
5953 770
3898 32
8105 91
9913 104
563 10
839 129
2097 76
9983 32
1726 549
9663 32
9963 111
4 3
6190 354
711 195
6914 31
3284 465
6804 10
4369 70
8946 2
3755 523
3118 160
1755 32
1290 38
2767 19
3872 50
9848 38
4056 645
9729 55
6698 6
1169 6
4059 7
7972 633
54 35
9976 32
8150 32
3170 54
2722 55
9804 13
462 195
7046 31
893 143
5460 6
8954 2
6046 114
9624 135
8306 92
74 272
9110 19
598 72
3679 32
1380 48
310 70
150 15
8661 203
9963 111
8111 8
7639 15
9685 28
135 15
9944 32
5373 109
6083 29
6829 33
2698 246
3199 2
307 72
5930 16
2218 51
761 32
5178 283
519 154
9901 19
2543 87
6855 216
417 5
5057 69
5497 176
8207 25
1535 161
7012 38
9154 18
3993 2
3886 10
7180 2
41 10
120 50
9749 55
8091 33
7626 31
4836 170
6771 943
3023 2
9033 6
2424 148
9310 129
8930 16
2513 19
2611 19
4507 5
433 123
9963 111
9105 244
6101 169
335 19
8183 2
128 38
6644 6
5764 406
9544 2
4484 297
5676 76
2748 625
9652 338
1002 16
3921 6
5419 65
3857 32
7797 196
6259 2
4864 175
2629 338
8458 2
7219 2
7488 70
391 163
2165 105
2539 118
1672 69
776 263
2324 143
2776 36
2862 195
9832 10
1238 855
9940 176
6138 44
186 75
8576 2
8114 152
5584 235
5633 6
9768 72
453 2
9738 932
5712 231
9967 19
5945 25
2067 443
2165 124
4450 413
602 56
1206 25
5743 221
6944 38
9705 109
9940 15
414 49
9421 253
7708 38
7896 439
6738 802
733 274
917 70
1019 2
8085 107
9898 88
8248 509
3354 46
723 16
6947 31
7932 120
437 6
3387 338
9779 90
7639 689
7156 707
8460 2
812 264
5868 701
9545 147
1338 216
101 139
3265 6
135 15
6268 6
7648 161
1123 369
3283 33
2406 148
173 680
8312 340
483 264
8680 2
2013 114
7770 259
1738 486
566 226
8954 2
1756 309
5792 32
6303 33
4318 109
51 32
4156 6
9981 143
101 371
3294 774
8395 32
4034 15
9925 32
3894 379
3361 33
191 15
1704 31
9812 19
4841 60
6421 19
8278 407
7535 181
8173 19
4696 46
5432 32
4971 806
2918 2
3000 534
8417 2
3703 2
5433 2
964 409
7710 32
1867 70
9804 203
9152 2
3654 46
9755 65
2148 31
5246 86
7547 428
274 10
9848 38
8348 40
8031 6
582 6
814 292
5045 6
1290 38
519 212
7562 146
2393 369
1252 54
718 5
7740 265
3773 394
9009 238
1697 33
74 31
2597 132
237 87
8008 32
443 25
9749 47
9708 619
3477 176
3960 492
1624 24
8821 2
5267 32
8960 31
1023 7
9846 50
6975 104
3598 195
9110 500
1203 31
1206 57
3439 19
1607 14
9956 6
2380 19
3066 65
1575 72
924 238
7690 38
928 75
5250 154
2016 70
3840 7
9904 500
3882 465
4523 63
5171 180
4471 54
8620 2
9963 111
3395 689
9925 32
9882 32
1535 161
7643 587
972 6
9963 111
8449 76
6069 6
4172 445
2229 2
3569 5
1892 32
6210 146
6368 56
771 38
9694 369
6052 31
1904 161
8580 2
119 72
862 6
2543 38
3682 277
1169 6
6303 6
9092 90
9907 32
3316 33
1445 6
9916 16
1942 338
554 148
1612 50
1554 10
6223 1
6098 31
1665 2
2852 121
4232 86
1809 32
1893 110
1909 175
74 31
1378 2
9930 269
8234 32
1463 412
2158 176
9410 32
554 148
9076 121
4883 5
9392 34
1773 32
80 47
5593 404
3576 146
7812 2
1737 7
999 791
3098 2
43 27
529 40
2499 246
8701 459
4139 6
9939 36
302 148
5165 25
9016 31
4875 32
4904 6
361 173
8057 158
2036 495
9875 31
119 72
9076 121
119 72
8721 46
1445 6
2462 7
3476 32
60 90
6162 6
6921 104
7780 33
8565 774
5847 277
7742 53
4361 93
101 139
3519 2
1260 398
6504 606
9392 34
8158 588
9998 32
2865 229
576 211
101 603
361 173
7678 6
529 31
3395 689
6991 46
4030 19
121 10
3864 5
1620 55
241 594
9974 72
5274 148
2706 31
3026 34
163 92
1061 32
6098 52
955 5
4 3
6876 10
8331 529
1052 16
2245 148
3629 391
9942 31
156 496
150 47
8020 541
8671 10
5398 40
9343 176
4477 70
3765 118
3110 2
2835 19
8108 2
558 3
1815 113
927 20
5581 37
2477 2
245 133
8977 46
2852 143
5768 53
9971 25
253 36
5593 515
7396 6
9477 6
3867 64
2642 6
2246 48
9094 33
462 146
54 35
5142 87
1289 33
6078 16
6174 15
4767 53
3174 6
3226 75
766 16
5687 104
4602 38
1069 467
831 38
3465 74
9358 459
1445 6
6522 526
1682 38
1787 64
6589 129
135 15
449 188
9973 33
1471 122
8056 665
1575 72
3425 31
1637 146
1842 69
8386 52
9922 31
6284 215
6947 31
1787 92
1237 176
150 15
82 51
5620 7
9967 92
4577 244
240 6
1907 96
4890 134
5940 575
8031 6
1575 72
1538 40
2074 16
8721 46
6945 31
2933 114
2341 35
1584 452
9988 6
8279 74
7288 211
8466 31
2472 204
331 6
9000 46
1090 15
7506 2
3806 31
529 31
1005 32
9358 459
8301 2
3695 147
5745 84
2918 2
6311 5
2514 81
8997 296
6026 241
6258 2
40 25
738 16
3118 597
3624 33
7661 671
84 45
179 2
9933 833
9403 85
8606 545
4526 708
7488 70
1893 174
9752 38
9258 16
4788 32
7267 2
1826 24
9 32
9033 6
2722 55
302 148
119 72
8591 31
7512 6
8968 494
9464 1
9071 31
9449 116
9903 32
2174 31
5170 537
9354 32
8067 107
5965 6
4804 681
2390 72
3419 105
6504 276
232 129
8194 761
1528 109
593 31
9327 145
164 436
2092 25
7001 391
8734 2
4289 717
135 15
9532 142
1235 38
262 2
2218 51
7411 537
8729 317
3361 33
5203 461
9023 32
7460 87
7410 417
9526 6
4112 6
241 114
4100 144
4914 32
4093 32
8158 744
9956 6
6829 33
351 6
6502 33
7129 540
9946 619
6697 6
964 356
2913 2
5110 64
4810 35
3890 2
3872 92
150 15
4000 2
4669 70
2209 72
2712 32
3357 25
119 72
1476 36
9754 170
471 178
9560 13
2614 104
9848 38
8388 391
3124 358
6616 88
6353 121
6994 297
7134 556
3659 10
101 301
8896 151
1290 38
9679 153
9783 32
8026 57
7469 92
9550 79
7738 64
1235 38
4651 142
5921 15
7803 38
191 15
814 292
9613 5
5625 93
1624 54
4904 6
4188 6
128 38
959 54
241 367
5260 274
5433 2
2391 122
9373 838
7469 627
5090 78
3516 54
5831 455
5325 31
6007 407
3958 44
4363 90
7820 32
1511 33
8449 148
3415 2
5816 33
8430 865
8975 33
939 24
6062 195
80 47
6945 31
459 108
4136 69
1259 211
1787 407
5915 32
1265 32
1136 52
9289 104
5351 38
8245 107
2351 28
716 6
388 6
119 72
9733 72
810 76
7988 124
6113 30
5226 32
3174 6
9924 169
150 15
3648 93
3733 32
9340 138
9928 32
1277 2
4249 583
267 70
9723 246
4978 33
7675 142
3485 6
5126 46
8316 538
6363 46
9770 75
9719 38
2118 2
918 2
28 20
814 292
5879 31
3611 64
4677 16
1951 2
9104 216
54 35
9963 111
22 2
5106 813
4352 181
4695 157
4925 31
9844 51
3227 152
2536 31
8075 31
730 6
10 8
4427 44
9449 447
9879 652
2391 907
8512 46
8050 16
0 0
9760 32
9104 32
5544 558
3068 184
4854 107
8712 92
5705 446
1656 32
6747 32
2765 76
81 92
4694 19
188 6
2545 680
4448 439
5633 6
6055 5
5643 104
1023 923
2556 473
5190 211
2761 2
8995 32
2920 32
5539 388
9560 13
1 1
9952 32
630 6
4342 344
1245 2
1213 148
432 3
6399 38
1669 72
5987 19
9965 289
135 15
278 51
6808 31
6454 46
1520 15
2707 6
3517 2
9532 19
964 105
8839 15
2013 114
654 138
4207 6
4056 24
6738 802
9279 2
9847 32
3391 2
4852 12
8244 2
9617 613
5487 310
3195 146
6300 32
7450 32
9563 174
2340 2
9358 459
9610 6
483 344
748 32
8441 2
9860 404
3993 2
1407 31
1123 369
152 87
3512 32
6944 34
7436 146
2711 2
6589 129
7538 57
547 55
5455 39
191 15
2902 215
135 15
8627 104
5633 6
470 31
2271 32
364 72
298 70
204 32
334 31
1954 195
9958 33
3920 104
9023 40
150 47
3886 10
7590 64
554 148
529 31
4533 54
519 212
8726 465
7949 97
5064 31
3409 53
7650 24
161 2
5687 104
677 6
529 40
9370 44
9900 19
364 72
101 647
5353 384
4123 124
4477 70
278 52
4556 6
9795 255
5822 33
241 229
8862 55
554 148
419 216
3659 10
7351 677
1727 5
135 15
1317 2
9847 32
554 148
2579 598
5364 52
8091 148
3364 32
5569 149
1538 40
4571 70
2001 2
4846 125
7904 32
8528 32
5957 6
3355 31
9098 159
6365 2
993 32
2775 5
241 111
9834 737
4115 2
5389 920
5798 31
4098 32
3170 54
5185 72
3963 523
2887 57
8528 32
7904 4
594 3
723 34
6612 134
964 105
1924 2
317 6
8653 15
4376 54
0 15
508 2
3075 91
1721 31
7046 31
191 15
5641 194
4243 281
9170 235
6921 104
3278 417
3207 6
5495 442
7538 16
5586 164
2736 176
4329 9
9644 764
1613 2
4358 90
303 10
4810 228
599 234
361 163
3168 92
4784 33
7746 72
1052 16
5185 32
529 31
1300 2
4301 32
5199 38
2013 111
1324 315
1922 529
584 33
5934 116
8236 97
3797 132
8248 87
529 31
7411 537
4547 86
2848 2
1881 2
1445 6
2878 212
139 31
8369 16
5497 176
6942 104
1893 9
7951 194
5694 2
4679 6
6290 233
8731 166
7365 31
955 5
369 10
5368 16
475 54
8303 164
9673 303
7795 6
8789 244
8168 2
7841 533
2045 232
8422 53
13 6
8252 6
9976 32
8681 176
5702 6
9571 33
6914 31
5161 148
6096 297
9962 46
5581 73
9904 152
2040 31
2714 2
2912 625
9231 64
128 38
9932 2
630 6
135 15
3305 87
4483 33
4320 107
4441 51
3698 33
3969 763
2819 505
576 56
1076 288
6356 6
5400 34
1235 38
1230 70
9199 33
402 2
8522 429
9929 160
8837 2
9918 32
2475 411
5218 147
568 2
4420 407
812 100
8423 2
4164 387
2597 132
1850 32
5904 33
9958 33
1090 15
414 76
7512 6
9449 50
5699 46
9627 146
9513 126
8712 178
593 29
519 212
7703 620
5432 32
595 51
135 44
4783 25
8298 558
6050 6
9358 459
9264 6
6952 31
9971 25
3235 33
623 262
6299 107
8888 32
554 148
3441 65
3863 32
7880 6
4115 2
8645 33
7390 6
5792 63
2801 38
4931 6
9752 38
1535 515
3084 2
1252 54
8727 6
5883 2
2751 2
2745 229
9897 10
4304 33
5916 132
152 87
2982 558
7851 6
2821 6
1099 31
6979 54
1150 12
8655 19
9212 32
4414 137
314 6
6607 6
9972 538
7018 44
6095 222
3370 2
6459 21
3679 32
3259 2
891 5
9699 16
1463 412
8162 32
5212 656
1756 309
6122 211
1656 32
3442 176
7353 32
2023 19
3646 437
1250 2
0 72
7155 401
786 31
9876 32
3330 132
4721 276
5679 482
5064 31
3272 39
7663 216
7209 8
3299 31
163 92
4690 48
135 44
8306 264
3305 87
13 6
4429 183
1866 265
1411 42
9864 32
5564 32
4461 727
7210 2
2818 16
7638 642
3608 33
2393 369
5829 38
9960 32
2876 36
7012 148
9911 93
1959 31
4172 445
364 72
470 31
4298 2
9993 46
8321 114
9501 6
9408 6
8269 87
7020 124
2836 2
150 15
364 72
8627 823
2778 501
814 292
5380 215
2517 2
2039 237
9915 564
2163 214
1347 51
7000 148
9022 33
3969 254
3747 85
8357 13
1279 145
119 72
8859 78
7670 476
7627 18
9813 567
3518 2
7793 76
382 15
2334 2
2877 36
3861 714
237 87
2246 56
6965 87
417 5
2847 2
303 10
41 10
766 16
519 212
191 15
1156 54
1839 16
9922 31
4303 54
7200 6
359 44
7547 234
76 2
5304 246
6160 32
3886 10
9150 31
8091 33
826 211
6144 255
5768 53
3420 35
9615 2
1016 10
2081 6
8933 104
1454 5
6588 413
4669 211
1262 19
68 33
4886 164
6121 6
3864 5
9886 46
3254 266
2520 148
9286 31
9965 289
7998 6
5671 105
9050 128
1640 164
9462 72
2535 125
5380 215
4750 2
765 19
9038 148
1613 2
2568 471
1538 40
135 15
2837 116
3294 90
1301 48
5718 6
356 337
2081 6
2970 6
120 50
576 211
8689 2
730 240
1709 2
5152 152
4930 235
4779 64
4926 46
8678 72
5602 57
9940 176
13 6
1169 6
9720 16
4980 32
8329 32
9803 6
526 34
3558 227
2470 228
9459 5
2295 241
2754 2
101 308
1242 142
9963 76
5745 162
710 175
8112 5
3302 437
9968 33
4904 6
4867 388
3450 38
6740 105
501 107
4179 7
3047 6
6965 453
4363 90
7710 462
9972 176
1541 32
237 87
336 32
9437 76
6738 164
554 148
3569 5
2990 12
9713 2
355 6
3793 70
7524 32
9527 90
5920 406
9578 31
5481 33
2454 2
3168 134
7200 6
31 2
4163 2
9852 53
2439 503
8688 682
5517 6
9927 32
1656 32
6554 413
8974 19
2852 121
6114 726
9801 153
4100 30
9980 700
8839 357
6677 574
3426 33
738 16
6975 104
537 15
6093 790
8476 33
7516 147
927 164
3052 189
823 32
5062 218
9988 392
8862 55
9662 31
6346 348
8342 32
314 6
2238 2
9014 392
931 31
7535 164
964 52
28 143
2247 2
1079 360
6382 6
9903 32
9488 90
9441 19
334 31
3604 356
1316 2
9976 32
7742 19
2953 431
6728 33
9954 695
1407 31
6664 24
725 211
1074 2
1445 6
4733 71
640 244
9150 31
2774 6
708 6
2665 2
101 195
1180 146
9414 451
9948 72
9848 38
5160 138
2896 2
3304 16
2366 576
8097 15
3039 148
9846 162
1019 2
1538 93
2095 548
5315 656
1194 92
1772 2
4368 583
7343 31
9379 2
9578 31
5214 31
802 10
8825 32
598 374
224 86
1277 2
1295 407
1600 2
9909 104
1059 72
101 118
5679 545
75 2
495 56
5046 315
3571 31
9369 500
1035 2
7569 10
8091 52
9014 392
7061 38
4964 701
2412 2
6488 7
8026 57
833 32
74 211
529 31
8972 2
1212 586
3732 465
9328 6
1083 5
4571 70
9011 6
2424 148
927 20
8476 32
4009 6
9039 2
9534 32
5930 154
3732 549
5035 15
4037 162
1893 15
9963 76
8427 32
717 453
9872 229
2821 6
9477 6
7210 2
576 348
2874 32
5431 300
4551 623
2092 405
9956 6
150 15
4280 76
9720 16
4391 30
796 6
3181 6
4584 72
7854 583
488 55
558 3
9608 253
5727 220
9772 273
9519 67
9795 255
9780 126
7891 6
2212 32
1575 72
240 6
101 568
1154 7
8683 202
7541 195
8303 192
1831 51
9193 31
5219 152
3500 18
9339 152
998 31
9193 31
9434 372
519 212
8871 455
6729 427
1144 35
9369 500
8955 19
2392 72
7344 652
1059 688
1244 90
4315 541
4843 530
5038 509
7273 107
2762 2
576 72
2710 15
9444 6
734 32
9563 447
1181 6
516 2
9990 16
9902 32
150 15
9150 31
2718 2
2424 148
4428 213
150 47
4599 948
4838 31
3952 33
6914 31
1721 31
1720 19
9358 459
6431 31
2217 32
4037 224
2896 2
1807 19
4721 276
2642 6
5192 259
1380 33
6163 381
3729 32
9401 54
5886 310
7310 330
3176 54
4900 2
6171 161
9883 72
2086 523
5460 6
5172 36
854 63
9879 652
7466 46
1144 35
6824 71
6257 527
6336 6
4659 477
664 2
9397 38
7396 6
8937 6
3188 160
8014 333
9414 118
7896 365
9773 32
302 148
6430 46
6098 33
6026 13
6802 10
192 176
4158 32
5766 33
9827 32
9755 65
3945 416
4986 405
3666 27
3853 40
4694 50
2464 134
6615 64
9447 5
6412 6
150 47
1516 92
4550 31
3102 76
6954 5
8263 33
1905 159
6858 6
3485 6
7509 64
9956 6
8759 2
4828 6
2774 6
993 32
2593 278
4204 51
3541 230
1169 6
648 6
471 211
7900 32
4250 2
3093 611
9862 32
4028 31
9567 5
135 15
2007 33
2717 11
4473 910
558 3
7905 338
359 44
2862 195
3357 25
5816 33
5392 6
335 19
161 2
1744 32
150 15
2257 93
927 56
9312 76
324 55
1759 151
9226 60
5667 817
9721 233
1677 6
7642 46
9468 764
3377 31
8354 51
7902 341
2164 35
544 92
1775 19
86 32
7161 417
3747 85
6961 85
9361 86
9923 9
851 86
3595 459
964 356
3969 162
231 33
2995 444
34 2
2597 132
7993 146
6237 65
324 55
8277 75
3632 156
9670 541
9150 31
1366 232
237 87
964 105
1376 97
2218 51
2079 2
913 38
554 148
377 2
8185 5
4533 54
8383 713
7353 32
9118 15
6696 251
336 32
2748 625
4520 6
1646 33
2805 2
9214 22
8816 6
7477 218
648 6
9940 554
5660 2
1190 61
1485 148
2850 5
796 6
101 528
2099 2
9684 223
9980 700
3049 195
825 146
9825 10
1283 2
135 44
2598 44
9510 392
423 89
1327 2
998 31
9112 19
9586 2
9950 32
441 187
8460 2
1016 10
9942 31
1090 15
172 6
336 32
5962 340
796 6
7416 74
3616 195
2876 36
1727 5
4547 86
6876 32
943 146
128 38
419 24
1239 10
2238 2
7828 540
765 19
274 10
7987 812
7999 19
6534 308
6740 105
4997 10
9729 55
7770 795
2563 51
5671 105
1940 5
8681 153
9905 743
9976 32
221 69
3571 33
4140 10
529 31
3522 278
3681 72
2277 127
2556 505
1237 196
8248 87
9972 90
5618 438
135 44
8306 92
7786 33
9260 31
893 143
6231 6
167 24
4408 29
2095 548
1959 31
5774 2
4117 231
6068 163
1385 6
8151 93
4088 2
1235 105
4103 118
2930 509
4383 766
296 31
2368 33
2703 2
655 254
9795 255
4886 164
3615 272
8004 43
240 6
1521 31
3423 2
9869 61
8029 6
4100 168
7627 18
4312 235
4733 40
9844 195
1076 288
7421 32
9878 46
5616 6
3813 413
4056 24
1235 38
5239 384
3504 54
2068 21
1237 196
1877 348
69 44
4854 113
5539 388
4391 30
3047 6
2566 153
9408 6
1445 6
615 30
2520 148
9054 59
5819 92
7421 716
5447 84
6914 31
5474 807
7274 54
2790 34
3493 6
8248 87
9728 368
8899 252
431 6
9950 32
2493 54
2743 33
9848 38
7115 32
101 553
150 15
9960 32
5768 53
3576 146
480 2
6949 44
2415 696
9870 170
4294 6
4164 3
9116 621
3330 55
7476 564
1251 38
5157 53
369 10
5688 6
7115 32
8268 26
3718 2
4996 791
8177 16
3619 5
9230 6
172 6
2992 2
654 138
163 392
9563 56
129 703
766 211
455 194
9721 233
2686 19
1706 109
2765 76
7262 72
31 2
1377 2
1151 19
1520 15
213 118
4497 32
7547 428
1679 85
2263 338
43 27
9660 2
13 6
4690 48
2557 32
1941 6
9811 283
584 33
4307 2
3832 2
191 15
6339 6
101 476
731 39
5898 272
2930 509
9705 6
7012 52
6650 129
191 15
1959 31
1386 2
2598 554
119 72
819 176
5861 176
8783 87
7005 31
3295 6
3033 652
9062 6
730 34
1649 6
2953 649
268 31
3781 2
4056 129
191 15
9660 2
9813 19
3335 76
7971 6
7926 464
8509 2
5157 53
126 56
7256 32
5584 16
6824 71
3664 78
3679 32
1775 278
4345 6
5829 73
3364 32
5633 6
3259 2
5070 288
2808 38
2380 19
4941 417
450 90
9434 52
2003 19
3031 2
7302 31
4857 7
561 6
9928 32
6859 104
44 6
6768 52
9817 31
566 226
1235 38
2033 231
2232 121
9989 32
5782 52
6161 467
5439 523
7695 54
2278 21
8831 583
7210 2
730 34
2327 406
497 32
2901 33
3174 6
8263 33
2221 2
9977 33
9004 79
576 15
9368 172
2176 13
4662 70
8449 10
3001 59
9684 223
6169 38
2491 92
2151 2
2598 558
9478 6
2544 6
1808 2
4879 347
1927 2
119 72
576 268
150 15
6339 6
8258 32
1752 2
1290 151
554 148
9510 93
5557 159
4742 9
766 51
779 19
7524 32
5402 15
1252 162
8701 761
1450 148
4249 541
8893 148
135 15
7512 6
4528 281
3872 92
4096 32
1995 32
4750 2
1736 603
1674 6
4586 105
4103 118
4613 33
4804 502
274 10
4694 50
22 2
1612 131
6671 2
9578 31
2556 471
342 92
529 34
1907 96
2266 209
5601 38
6940 104
1237 196
1121 51
529 31
3421 2
1877 38
9958 33
1432 2
9900 49
60 109
6101 169
1956 338
1895 72
7258 10
2495 195
293 6
1697 761
1605 338
5438 35
41 10
5825 32
833 8
1334 138
2424 148
2206 32
100 5
2843 55
9752 38
3012 32
5139 2
5701 84
4429 175
1230 70
7372 322
2859 100
7622 267
2224 46
1175 6
9001 32
4418 265
5392 6
4924 2
5298 104
7732 182
2579 598
8528 32
3781 2
52 33
9363 29
7983 49
1812 6
6645 317
9474 33
1237 196
814 292
3913 394
2328 41
5060 60
9198 2
9451 612
16 12
945 6
549 641
2534 338
5462 44
9615 2
3047 6
3272 39
3322 428
1829 737
6064 31
5772 697
7473 2
8258 32
879 60
7628 297
439 2
151 46
3698 33
5241 49
8931 32
5663 625
325 2
878 273
2301 31
4682 16
82 51
9986 52
2174 31
8103 104
1612 50
2953 649
1987 32
9873 32
1378 2
630 6
1206 144
1237 176
7992 146
8896 151
9956 6
4638 6
4259 2
462 146
1084 31
135 44
6101 181
2127 31
554 31
5593 699
7690 33
9041 32
8108 2
152 87
2594 176
274 10
2462 7
9930 269
2597 132
477 6
9600 79
2328 41
8168 2
1158 46
1123 369
9636 63
1062 2
3709 32
9623 32
9603 110
8419 149
2430 87
2500 32
9761 161
8723 174
3997 245
2558 504
137 32
9873 32
1904 161
9934 46
2558 549
8692 85
4060 86
6662 244
9798 19
6589 129
2774 6
9979 126
191 15
9993 170
4962 442
4483 55
7555 190
1234 2
9679 153
2014 325
3357 57
9748 297
5453 146
7492 2
9230 6
5967 731
2559 237
4835 5
9705 6
1770 921
2990 12
1183 6
2914 33
6295 8
9693 6
5058 54
2807 471
2557 32
119 72
7551 648
7188 8
241 164
8091 148
471 297
7817 620
2821 6
3945 57
8008 32
119 72
1252 54
2200 297
2013 114
6945 31
4886 505
833 32
6321 56
9451 164
5215 203
3039 19
4483 31
9470 681
1558 2
5025 63
8875 72
4237 56
9220 72
6464 33
599 234
9307 2
3728 70
40 161
3174 6
924 265
4141 69
2543 40
9898 88
9584 104
5980 6
9667 28
9335 6
722 30
4651 854
2970 6
5752 773
3357 57
6331 142
3257 102
3492 2
9202 2
1999 19
630 6
9408 6
9983 63
3221 32
9881 170
1782 268
6486 358
2660 338
3740 2
9848 38
8012 76
9627 146
9617 170
101 580
964 52
9994 76
9606 20
274 10
2860 238
4488 70
1844 148
849 148
5368 16
7551 546
172 6
7129 340
1237 214
5671 105
3295 6
3561 70
7512 6
9942 31
9644 764
1388 6
1877 33
9244 6
5113 744
8653 95
3836 34
4575 2
6316 105
3089 33
9980 700
1468 63
9189 2
7270 652
2290 2
3174 6
5655 465
163 50
9072 31
7768 31
1661 32
6695 6
2067 239
9980 700
7569 10
9265 72
9962 46
1284 2
8059 128
5080 2
5714 38
9585 140
5687 104
8949 19
240 6
3632 156
471 211
303 10
8875 72
1109 18
1802 38
7059 367
1119 10
8517 32
42 26
7210 2
6846 32
4115 2
4318 12
3657 6
1191 110
4667 6
1237 176
9455 62
1146 281
4381 114
1786 127
6463 392
2491 84
6376 614
5434 77
8379 182
4352 181
9991 31
2045 534
4414 76
2726 2
2155 412
9918 50
1721 31
7008 592
9848 38
7469 92
7140 6
3851 40
183 33
8450 288
9898 637
2451 2
3561 70
9973 33
5156 2
1239 10
4242 554
1819 542
2795 470
419 396
5610 745
2081 6
9403 85
1570 2
9081 2
4027 32
999 24
5875 462
8483 545
4242 554
276 64
7770 254
7855 168
2673 295
4038 15
217 10
281 139
2793 151
8101 148
7677 2
5586 849
8466 31
128 38
9458 32
7164 181
4237 253
6244 142
281 140
503 86
1979 2
9449 176
9468 764
8455 527
6048 146
766 16
9966 32
9942 31
3849 497
3011 19
4502 54
9813 152
5671 105
101 557
2536 6
1364 419
4812 664
2556 14
4356 2
931 31
7157 31
9965 289
7072 6
101 860
8841 9
1615 33
5694 2
6373 109
6265 72
4815 76
8631 2
9065 874
101 1
1235 53
4888 312
4036 233
6162 6
154 719
2295 241
9495 32
529 33
6974 399
1389 53
1612 176
477 6
8414 339
9925 32
9835 6
359 44
172 6
135 15
1819 612
1171 637
5093 31
9697 32
4701 834
6738 164
1771 124
2084 35
9373 49
8036 54
674 2
1289 33
4124 6
8180 16
9629 31
9929 188
2217 32
7855 144
1958 6
5554 14
915 33
9848 38
8999 2
282 247
3694 493
5596 32
3174 6
7281 449
1445 6
7330 33
9213 327
6637 52
6824 71
135 44
5346 6
859 32
7833 297
8222 30
9104 32
7959 31
779 19
7211 175
7786 33
9885 33
2999 815
548 224
1612 90
310 70
35 579
9972 15
9354 32
694 183
7203 265
1083 114
984 190
9988 72
3864 34
794 44
1090 15
1121 51
8189 10
4446 6
3174 6
782 126
1992 53
4625 32
6264 6
5620 7
8185 5
8075 31
1150 12
1877 33
2204 2
5003 32
9204 31
1289 33
1199 62
453 2
5593 160
9878 46
1892 32
163 306
4345 33
7887 6
2543 136
2087 92
1987 32
2236 278
2812 180
487 176
9960 32
4886 164
5463 2
1445 6
4391 30
1592 64
6169 52
3990 2
9717 254
6533 19
9963 111
5652 429
3632 176
7135 32
8948 84
9986 52
1366 176
1407 31
5348 90
9848 38
608 6
931 31
8281 607
1288 218
1008 2
2175 289
2912 272
3576 146
9636 63
9072 31
484 207
554 148
3872 229
1661 32
9957 563
1883 2
1959 31
878 273
3985 309
9154 18
7753 138
9690 119
5568 19
150 15
2086 523
2174 31
3870 32
559 32
6231 6
1649 6
4254 33
4829 38
8608 6
916 6
3324 2
8256 6
8215 5
8948 32
1737 7
8181 73
5942 60
9684 223
467 36
3112 2
866 286
9225 19
5253 104
8463 19
211 2
7986 46
5178 283
975 19
8823 37
135 15
554 148
9529 53
655 84
9848 38
7715 76
780 5
6087 6
5975 85
7768 33
1159 32
0 72
7733 31
5886 310
1269 76
5405 85
5643 104
40 919
9050 413
8302 2
3026 34
9883 72
902 5
3000 278
1373 38
83 722
3487 625
4921 92
1276 2
471 178
5660 2
9950 32
2778 501
9787 76
6536 6
6990 158
3795 32
6358 38
2259 2
6944 691
128 38
255 2
8686 305
7797 196
3109 948
529 31
964 158
9761 163
368 492
6611 54
6336 6
6829 35
4798 46
416 27
9966 72
6839 158
165 11
478 92
498 33
6046 114
4560 52
5672 124
1813 38
4391 30
3032 92
5205 182
7159 736
1677 6
119 72
3168 356
6933 10
7234 146
7002 660
1069 231
310 70
7270 652
3099 671
529 31
612 176
4008 732
273 33
689 33
1649 6
9515 19
245 34
1819 644
8004 27
8013 6
1237 92
5429 195
9958 33
9915 32
1272 2
2007 33
9566 114
823 32
2315 507
4987 91
2659 394
9369 500
4368 473
7797 196
6679 92
1737 7
9 32
1706 109
9440 2
867 32
15 2
921 222
4815 76
1316 2
3084 2
8803 238
7538 19
9343 176
1984 446
8105 91
3979 356
9322 973
3031 2
4640 32
9954 367
8715 272
723 33
179 2
8712 50
6363 46
2598 44
823 32
7746 195
152 87
2559 833
7869 113
586 0
9369 500
4643 32
1388 6
3481 414
2293 32
7512 6
2146 19
9947 170
9129 32
9399 32
7756 18
9397 31
1316 2
9976 647
3550 175
529 31
4617 32
96 6
8879 266
8759 2
2519 31
431 6
2705 38
5554 402
5188 31
1382 2
7590 31
3952 446
768 2
152 87
4623 45
1554 10
6082 74
3421 2
5384 5
415 6
4904 6
8899 864
9191 38
2608 19
3034 6
9182 32
529 38
150 15
1072 181
7157 31
9923 408
2260 50
844 121
993 146
335 19
7029 33
3163 72
1027 6
9470 160
1700 927
8036 32
7557 155
8896 151
8220 146
2208 6
7244 176
9951 15
1568 51
90 2
2867 755
4827 6
3949 36
9439 51
3747 85
8875 216
9732 170
3638 6
875 2
3840 103
2329 2
8486 365
9302 2
9726 713
964 52
5034 509
3818 2
8398 70
820 2
9160 152
1288 218
1773 176
5398 246
9996 19
1656 32
4427 44
7769 70
7266 382
3674 31
470 31
9390 200
9045 87
2001 2
9986 52
3091 2
5503 175
8052 10
3357 57
1656 32
2597 132
566 226
529 38
5029 105
3485 6
9956 6
529 38
6292 10
7918 6
5906 40
2598 558
2391 246
9339 152
2806 211
9048 2
3170 54
101 566
8425 90
7732 182
9968 34
3001 107
7941 32
1981 508
7960 6
878 273
8555 171
150 47
3554 599
9294 707
3065 19
1954 195
9898 108
9510 6
9882 72
4306 2
3088 15
5115 550
5142 87
1880 24
450 32
5029 105
8701 632
3961 5
7704 46
7512 6
705 6
7783 12
1800 2
505 32
1306 105
2597 132
163 210
8062 41
9369 500
9520 537
9720 16
7569 10
101 568
2139 32
7420 38
1011 33
237 87
8441 2
9613 5
1986 5
101 195
5671 105
9915 32
482 461
852 331
7770 32
529 31
4972 88
5025 63
6567 32
2008 2
7115 32
2038 44
9601 623
5226 32
964 105
191 15
1013 156
2779 57
1492 296
4342 344
1112 619
9275 34
3395 689
191 15
3170 54
4336 6
9603 174
7069 356
7400 436
9563 229
8565 49
4860 32
5993 33
1464 412
1080 56
8172 12
9004 79
7188 8
4044 19
9994 76
584 33
7571 46
442 593
8702 32
931 31
1144 35
1033 10
2754 2
8741 743
101 557
5227 6
7719 934
9942 31
4356 2
6565 72
8943 6
9383 535
1669 72
8711 350
9877 38
1954 195
803 46
6915 69
431 6
8288 19
6054 40
9435 38
4164 3
6721 412
2506 2
3657 6
8557 5
5921 317
135 15
7302 31
2235 186
8179 18
9720 16
6475 216
1737 7
153 2
3928 31
7507 10
8824 55
2644 6
54 35
7674 32
3247 181
7893 75
5481 33
8610 38
1319 6
4390 70
6945 31
9563 176
2700 146
6710 730
4516 540
0 72
4246 6
7391 2
6000 268
191 15
2804 288
1806 50
467 36
135 15
8958 6
211 2
2491 92
367 96
1678 33
7779 379
220 871
9584 104
732 10
324 78
1137 373
9223 402
2353 2
8975 33
730 12
537 318
6774 6
9825 10
696 91
632 6
2598 554
3964 2
4539 195
41 10
9914 33
9220 33
54 35
3413 528
4010 175
8187 6
1169 6
101 190
1464 412
8991 218
7356 57
7118 10
9934 46
3845 2
2894 2
3776 6
314 6
6412 6
9898 88
8610 38
7153 54
9720 16
101 559
431 6
192 948
2181 2
9023 49
9528 2
3952 348
9688 107
2700 776
115 69
9978 38
731 39
5829 52
3837 6
9835 6
6101 781
8931 32
1335 10
6521 504
3003 35
955 5
8417 2
9907 32
7650 24
477 6
1289 272
9729 195
9408 6
3307 270
9884 50
8729 317
9579 2
9449 84
6121 6
5650 164
593 435
7989 6
157 92
1159 253
1290 38
1658 14
1721 31
5358 33
2847 2
726 2
8012 22
6171 169
1278 117
4334 47
9791 134
730 114
8794 56
1721 31
2537 2
6475 216
1690 2
9093 231
9930 19
863 31
3441 2
4862 6
2652 31
5934 354
9960 32
119 72
964 52
6025 2
3834 8
766 16
4483 33
8920 32
7831 64
2372 13
2312 16
772 284
119 72
303 10
9958 33
0 72
101 846
9834 737
4048 25
544 54
1324 533
1335 10
8622 38
3911 84
8287 72
9698 46
9952 32
9408 6
4865 6
3752 33
218 66
9721 102
2402 85
804 56
5289 32
1978 16
7489 158
7512 6
1509 54
8942 6
9925 32
9625 25
3090 148
8508 6
1521 31
8938 2
105 32
264 365
9531 32
7828 10
337 637
3726 1
9886 46
2389 168
1613 2
922 158
9317 146
3032 459
5406 38
5802 367
2389 190
8003 365
9403 85
7431 6
3472 376
2983 32
1328 414
5267 32
4249 583
152 87
67 504
2179 2
7887 6
4483 356
7112 32
8549 367
2597 132
7051 946
3680 432
2295 241
449 188
1615 38
7662 15
7182 297
1678 33
8280 32
8635 92
5992 412
9810 419
7145 524
7116 537
5662 109
1599 82
1389 32
1334 138
9650 168
8426 2
8896 151
9840 19
8035 690
1654 486
5426 723
5682 652
1521 31
3375 113
1059 654
5251 6
554 31
3208 467
5164 269
2616 510
2522 2
9446 10
9844 195
8899 22
1147 38
1366 626
4215 231
6933 227
576 158
2827 2
8070 2
8237 384
1815 70
3279 580
9848 38
9548 2
554 148
2680 232
8622 31
364 72
9444 6
8654 122
533 425
9720 16
4938 107
4345 6
135 15
5940 57
6541 302
4782 32
6777 5
3354 46
8114 152
2859 121
9720 16
8205 244
9750 2
5197 6
1830 943
3664 78
9819 76
8769 2
576 152
8907 195
9720 16
4766 60
931 31
41 10
5782 52
135 15
2189 87
9286 31
921 31
1765 2
6198 5
2056 2
2174 31
1538 40
5400 5
8975 33
4468 126
5777 105
5406 158
5596 32
1771 124
1183 6
8248 509
5618 21
3079 681
2226 392
1597 64
9435 153
3832 2
513 146
9909 34
6154 161
8499 637
804 56
7535 575
6692 854
3969 229
497 32
101 584
3750 32
9993 46
2605 2
240 6
1283 2
9963 76
5036 8
1612 50
8233 349
4332 10
5008 6
5161 148
7710 90
5035 32
6788 218
5614 6
5641 194
5706 38
6794 281
3978 154
307 72
8420 6
4035 38
9814 6
1704 72
3377 31
647 6
3248 539
13 6
3920 104
8624 16
8570 5
6267 122
5723 85
58 8
4908 80
5106 54
9257 32
9814 6
3755 523
9813 33
766 211
337 31
9669 31
7419 85
9936 10
1065 126
964 105
6522 526
7795 6
894 255
4359 2
7424 2
2308 70
4269 19
8298 558
8608 6
7182 16
240 6
2761 2
5661 198
9538 2
4925 31
4810 228
5526 2
5447 72
8728 2
8994 2
2568 171
453 2
6692 122
2842 90
43 27
4986 19
3425 31
5207 24
7679 152
9954 695
5139 2
5791 6
5895 141
382 70
9835 6
5544 558
4362 764
495 33
9494 6
1175 6
9962 46
6490 269
6054 40
3778 23
7519 10
1069 38
9114 2
489 69
9624 6
9632 13
599 234
2220 2
9794 19
8118 278
7909 72
3846 96
1204 6
6052 31
4948 962
5353 384
54 35
9053 29
9052 85
1463 412
3025 500
780 19
2020 541
5940 537
9270 33
119 72
9596 57
5116 146
1824 19
9705 6
3624 33
4727 86
7795 6
7244 49
4080 767
7339 406
128 38
9808 19
4853 9
1123 369
5723 87
7213 377
2743 33
9719 297
2424 148
1989 25
1445 6
4922 31
1031 146
7994 279
4521 222
7376 264
9932 2
7746 195
1290 33
7945 891
4259 2
4567 32
6707 5
4840 315
9879 652
6491 6
554 31
655 633
3666 27
529 31
6767 392
4118 833
2324 143
8291 19
9264 6
732 10
2495 195
3718 2
3674 31
409 40
9033 6
2722 55
3886 10
5064 31
6147 70
7583 16
13 6
2970 6
9923 92
9722 146
1426 38
5215 203
2467 62
3257 713
441 187
9551 314
9833 33
2437 534
3050 6
9361 86
2197 7
9974 134
4970 33
9948 50
7313 6
9344 419
5503 944
9053 29
604 2
2613 176
2976 2
5455 39
3928 105
7020 124
5863 31
2114 85
7270 652
6567 32
8753 558
7538 19
3481 414
8415 787
9342 280
1612 50
9421 253
6686 32
1238 855
9857 241
6071 31
6824 7
6121 12
362 32
4178 72
7652 104
637 2
9578 31
9024 104
69 44
6202 247
9175 87
4637 536
5671 105
1003 247
4886 341
9241 549
8669 16
1721 31
9992 33
5657 190
6763 2
7094 312
6987 85
7302 31
7891 6
529 38
2636 189
5575 6
9294 527
9307 2
949 31
4517 288
4204 176
529 31
4055 437
9445 158
554 31
599 234
9342 280
3872 121
632 6
8209 164
1235 231
8404 25
6496 2
9866 339
4428 32
2046 2
1445 6
2200 297
2437 50
5539 388
7358 2
4509 6
8980 6
1828 2
2050 2
1540 153
1203 6
9801 954
3031 2
150 15
9977 33
554 148
133 53
2377 32
9962 46
3284 50
7772 31
3252 10
9656 368
8729 317
9986 52
4306 2
2158 176
7382 406
274 10
43 27
443 57
6592 217
5479 134
2417 2
6738 802
7670 476
1492 455
9894 31
8130 2
264 53
863 31
3912 2
9357 51
9697 32
6973 16
7914 122
1612 92
630 6
8712 178
6918 499
9927 32
9072 31
2295 241
8646 2
2067 545
3605 10
5227 6
894 255
1640 13
1161 195
9920 31
1516 50
2218 51
9625 19
9862 149
7233 43
9915 32
8865 31
2467 596
576 312
9358 459
150 47
9605 3
8274 2
9300 551
2634 356
3518 2
1 1
4518 6
9947 46
4338 32
6338 32
9920 31
1077 6
9952 92
1002 16
6397 311
8083 23
9507 32
4035 5
9965 289
4810 109
1783 19
337 33
7346 104
2015 2
8544 33
5033 205
3305 87
9785 121
94 38
7684 34
964 356
7438 6
278 51
8988 33
1531 2
240 6
3372 72
1471 551
3284 57
2674 0
1238 855
1721 31
4701 834
8806 331
2990 12
9831 734
3891 366
3498 161
5667 92
324 55
4556 6
6190 380
3899 138
2520 148
9710 437
372 726
943 55
6520 218
119 72
5651 247
3680 237
998 31
3174 6
101 274
101 641
766 16
5404 70
9076 121
4954 76
119 72
2616 361
3331 118
1235 38
3364 32
2341 35
2761 2
2126 252
4505 158
9720 16
6669 76
5059 148
7720 509
2402 401
6965 85
470 31
2279 52
3448 70
1090 15
2887 779
0 0
730 34
9656 368
1656 32
9629 38
9408 6
4460 11
8248 692
6334 614
4069 2
8769 2
2099 2
2368 134
1772 2
5216 636
3590 89
133 53
9262 299
1103 611
7787 639
3294 253
4984 177
9004 79
9470 161
2628 2
8265 2
3978 29
5416 6
2295 241
8431 33
2739 87
2293 32
6085 33
7010 172
7770 407
6838 612
3576 146
4284 19
3820 147
9779 49
4000 2
3290 660
8979 32
7932 225
1809 32
9303 32
7895 32
6889 104
9449 224
1542 466
1075 19
4233 348
9115 2
9852 53
3111 91
4242 554
9104 32
3371 54
3108 40
1445 6
303 10
8745 69
1232 607
7140 6
101 428
9151 178
1463 237
7177 78
1059 33
2001 2
8896 151
9047 2
9832 10
1445 6
9963 111
4633 244
1878 2
9885 25
43 27
1787 345
1661 32
7299 51
3168 260
3421 2
9738 181
8075 31
6589 129
7059 314
1413 520
4674 2
339 250
101 75
7612 216
6162 6
2819 491
4876 112
2396 2
5914 6
7931 204
8027 46
5460 6
566 226
4001 669
3932 32
5163 148
4703 246
135 15
9922 31
1954 195
2161 32
3033 94
2495 195
4079 38
8414 535
4531 7
6565 146
9930 459
8825 32
9962 46
8280 32
1669 72
2521 2
2423 2
2516 31
1554 10
5777 220
2665 2
3427 97
2682 2
1483 2
9975 176
6267 122
431 6
5773 104
4450 413
5841 19
8224 72
101 428
9089 2
8793 32
8381 6
9098 159
2092 57
4226 129
307 72
4368 473
9 7
3590 89
8108 2
4449 32
1463 412
2331 2
2246 56
8735 2
135 44
630 6
8352 149
8662 222
119 72
4661 70
9369 500
4121 75
9922 31
5172 36
5893 70
9990 16
5921 32
4526 237
9971 25
9720 16
1709 2
1389 32
4623 45
9563 389
1200 36
4526 8
4343 637
245 133
7353 338
3257 367
5431 300
5375 2
117 2
8152 92
150 15
5545 103
5414 32
2006 2
9033 6
3784 5
595 156
6824 109
119 72
9754 524
8816 6
8054 152
632 6
9167 329
6466 447
5596 32
2842 90
5671 105
2221 2
9961 204
2884 85
6137 6
8642 189
9772 452
7302 31
9448 72
3745 56
9879 652
6721 114
2605 2
6316 417
5854 581
9839 246
2940 111
1169 6
1892 32
1450 148
9271 356
2333 7
8781 132
839 129
732 10
949 31
9 7
7905 338
9722 146
3722 32
2040 31
9262 162
530 216
9003 46
152 87
1612 50
2267 32
8862 55
1819 368
1252 196
1195 138
9979 126
5225 32
1463 237
8528 32
2692 86
655 50
3330 226
1000 92
431 6
5754 270
7502 32
6541 302
7422 19
5593 470
4780 55
3621 406
5940 188
5638 148
1821 169
5845 55
4521 8
9023 32
554 31
5974 32
6504 276
1027 6
1615 52
6359 32
2013 24
5089 320
1618 483
4150 10
1759 151
5160 138
9037 191
2390 265
9667 28
3155 132
730 12
3872 121
9943 7
4974 12
5256 31
5784 283
1551 6
9847 32
3087 185
5541 15
1721 31
2722 55
259 2
3124 76
6037 6
1175 6
2830 86
9994 76
7524 32
4639 32
3612 54
40 161
1899 2
2990 12
7032 645
7935 6
593 31
412 32
479 170
20 244
1061 32
3257 404
9995 32
6694 65
1366 447
766 232
576 671
865 2
5847 113
1715 2
8811 2
7719 934
153 2
172 6
2364 31
9563 50
3872 50
7547 428
1498 325
6199 33
5202 32
810 76
9408 6
1129 259
529 31
9344 419
3197 64
878 273
5637 31
2450 50
8860 11
4595 46
529 31
9053 29
513 65
9305 2
4577 211
9023 32
5218 33
858 51
9693 6
4153 690
9699 16
9644 251
5373 871
150 15
9401 32
956 121
2285 2
1669 72
9942 31
3809 695
7139 449
4679 6
629 196
135 44
4710 406
3276 3
2181 2
8491 32
630 6
8606 153
8551 6
8834 2
9062 6
4438 7
5292 10
554 148
3174 6
4118 358
8050 16
8091 148
462 195
6101 359
519 212
1085 146
7547 234
2970 6
10 8
5829 84
9967 19
3430 104
335 19
3364 53
8702 32
816 152
2535 118
1666 459
8382 296
9336 63
2269 2
1282 170
4367 32
7934 6
7200 6
7509 64
0 72
802 10
9970 46
2506 2
7886 191
3591 2
1105 33
9388 32
8224 32
7643 587
3644 9
2081 6
7681 104
1346 33
4468 422
8908 44
9965 289
7134 659
5633 6
529 31
7685 193
2997 7
3886 10
3619 409
3641 6
2771 9
1318 2
5084 31
2616 361
9963 111
4144 535
2260 15
3369 710
274 10
8091 148
4574 6
5034 422
331 6
9857 241
9918 50
2736 54
4399 60
7156 707
135 15
9728 368
9426 297
470 31
8127 70
1159 147
931 31
8450 19
4526 8
8839 636
732 10
1065 87
5498 467
150 47
8893 148
842 298
3284 678
3484 103
7838 51
9 7
6850 16
4743 2
4210 10
2033 40
2714 2
1450 148
9826 402
150 47
8508 6
9855 92
7410 417
5402 175
8821 2
6431 31
7393 164
37 72
5740 25
459 32
2721 461
3312 945
6961 85
7135 32
3526 2
4172 445
9335 6
4559 598
9527 536
981 146
1920 2
408 39
2942 301
4621 30
1203 6
2465 195
150 15
8924 297
152 87
2947 64
1235 105
874 38
2479 2
5455 39
9961 56
3170 54
2218 51
3425 31
6101 181
9979 126
3745 56
5416 6
576 312
2722 55
9973 32
8026 57
1662 31
356 161
9000 46
2771 9
6405 32
1706 109
1979 2
3707 207
4213 269
9826 607
4537 103
9955 51
959 54
7795 6
1150 12
7974 865
6246 19
8645 33
9025 32
3702 2
8248 87
2694 121
3604 52
7026 59
4591 2
7811 315
101 208
4327 127
9617 367
1962 2
135 15
3079 681
9151 178
2912 105
4701 834
2852 143
4263 87
9883 72
8101 158
8871 52
8743 52
7270 652
9778 31
1678 38
490 387
8556 34
5733 50
8652 109
4618 107
6397 346
101 201
7422 15
956 6
1727 5
7256 54
3248 24
6335 152
5349 52
8005 288
5260 274
9369 500
3483 127
1656 32
1993 2
1986 16
3709 32
331 6
191 15
8937 6
5216 508
4174 86
3361 33
1756 47
9715 661
7896 365
9951 158
6550 104
2874 32
1551 6
5940 681
4147 349
2480 76
356 339
9118 737
2801 38
9963 111
8395 32
6565 51
9969 33
193 32
4694 278
7512 6
8810 195
9930 92
7690 56
8427 374
3420 35
4466 87
9970 170
603 251
2257 93
150 15
4064 92
9794 19
1690 407
430 2
8118 260
2762 2
9839 33
3674 31
796 6
803 569
1238 92
2171 128
3714 2
1083 228
7051 72
9432 148
554 31
5779 288
9956 6
2861 509
4927 32
5642 38
2341 35
7650 24
992 315
7997 87
4288 16
2324 143
4069 2
5061 387
9898 88
7090 16
9559 2
1237 176
3588 211
2991 24
5349 52
23 17
1721 31
1973 5
9473 341
1031 138
9238 107
1061 32
4891 33
4179 394
101 602
3170 54
1980 735
2850 6
9707 31
5942 60
554 31
100 5
8528 32
3079 695
826 690
5368 16
8398 70
9496 7
9863 142
120 50
3285 32
1379 142
6109 87
3017 2
1640 203
1732 2
1235 38
796 6
554 148
554 148
1680 6
3364 32
6965 87
8302 2
150 15
5256 31
9835 6
2279 660
6964 181
7571 46
8385 4
9445 158
8840 32
3170 53
4667 6
2553 70
1366 328
412 32
9456 216
9532 72
1468 63
1776 92
836 6
4941 34
1840 2
2929 445
2390 19
823 32
4149 20
2495 195
9569 241
4664 19
7259 63
8865 31
471 211
8731 554
5749 2
504 46
3208 85
128 38
658 3
2503 148
152 87
6829 12
756 174
9257 237
6718 88
3864 34
1737 7
3787 315
2174 31
529 31
9747 19
6738 505
2986 2
554 148
9426 297
9048 2
9848 38
1165 92
6914 31
6901 32
8941 147
3423 65
3188 46
1526 562
3527 37
9983 63
4573 32
387 385
1076 288
8329 32
9679 153
4938 107
9345 5
2045 55
3248 156
9843 17
6632 6
1886 51
5970 6
4726 33
6607 509
8520 32
3033 52
101 175
509 10
3240 70
959 90
576 408
2671 25
156 640
5842 104
4964 701
1000 32
1674 6
844 121
3433 19
608 6
0 0
9257 261
8808 52
2491 92
5526 2
3898 774
3278 151
1990 349
9652 338
3262 861
5406 38
6017 146
8100 16
1335 10
2289 70
320 2
4040 256
823 32
8205 272
119 72
6543 5
825 146
1270 216
5142 85
6264 6
9865 38
1664 33
2752 120
7204 72
4829 38
1235 105
2118 2
9162 2
3485 6
3256 32
6532 129
1612 50
6036 2
897 211
8710 129
9337 138
647 6
326 155
1661 32
2557 32
6061 5
9838 15
1389 63
4546 145
3888 2
4376 32
369 10
9862 32
7571 46
9936 10
2598 322
6578 272
554 31
9847 32
3380 15
9825 10
782 126
3935 51
8064 195
9985 297
9832 10
1059 551
1480 505
9930 92
9285 32
1599 82
2273 726
406 397
6239 44
3601 568
1108 60
8678 872
5096 490
101 183
529 38
3846 96
2393 369
8118 92
9971 25
9714 22
346 129
6470 6
135 15
7441 3
1235 38
4460 113
8258 32
7738 392
2699 2
2556 337
6794 281
9848 38
5368 16
5340 26
1002 16
128 38
6864 356
1266 772
611 118
566 226
5256 31
1656 32
823 32
6050 6
9961 448
2074 38
3930 33
796 6
3379 317
1203 6
5652 391
2862 195
5216 171
8379 65
4546 46
6278 6
6252 2
9860 501
6467 32
2721 869
4221 33
6216 54
1169 6
3619 155
7496 170
3155 132
9362 212
1199 62
8433 70
9796 32
1336 2
6602 2
1758 2
9300 40
4890 54
299 2
6914 31
9143 302
7512 6
8674 54
303 10
571 2
13 6
9930 19
2172 16
3981 7
4630 6
3478 228
9151 178
6202 392
1804 2
1287 272
8168 2
9966 6
4810 35
3162 32
2391 135
1059 92
1526 32
9231 461
5965 6
9957 176
602 56
9619 331
617 31
4036 233
590 2
9265 72
5277 47
9629 51
9807 146
2793 151
2774 6
4311 195
1726 549
3527 37
1093 266
9810 419
9615 2
3339 300
3302 437
69 44
2224 233
3379 317
8862 55
7488 70
1656 32
4680 6
6959 30
8207 57
5423 10
823 32
1643 148
5246 86
3300 297
3915 32
1276 2
7770 32
1758 2
1734 243
4420 56
135 15
8824 32
9419 10
1893 162
272 70
6065 87
9942 31
3047 6
9167 329
9127 10
3632 176
8342 32
4007 0
7795 6
1737 7
388 6
9563 176
1159 32
2591 164
6570 10
6121 6
6988 16
9705 109
3257 713
9978 38
7189 6
8735 2
4483 31
2986 2
2164 35
796 6
2112 38
3104 2
3006 2
717 32
205 6
9542 63
6869 297
7628 104
8 2
4138 76
2920 32
2274 2
9164 112
5634 430
9857 241
7271 152
2903 92
5338 38
1706 109
5241 406
9925 420
2867 129
1706 109
3693 195
5593 473
9150 31
9982 356
9943 7
144 5
4120 19
8570 5
5711 318
9325 240
2163 15
9965 289
2795 367
1974 40
1027 6
630 6
2369 107
3790 195
3996 33
7981 6
5914 6
1445 6
9852 53
9721 233
5170 537
7871 833
2702 19
7115 32
8608 6
5722 483
191 15
8808 52
471 56
9408 6
2597 132
3483 127
1252 534
9787 76
4389 289
150 15
9421 253
1445 6
5737 266
9752 38
470 31
529 31
8 2
956 538
5650 164
6409 142
6261 70
8248 87
6861 226
6965 453
9839 38
1033 10
3687 455
8 2
9848 38
3989 562
6787 507
5368 16
8268 15
687 32
4133 32
4016 459
1863 2
761 32
5763 6
191 15
2195 11
1438 32
5197 6
9632 13
3830 703
2043 211
9969 33
738 16
4585 635
5256 31
2031 2
4198 33
175 32
13 6
7914 910
9041 32
2695 580
2517 2
451 190
4337 103
9944 32
4697 218
650 76
9968 38
1334 138
4194 129
3711 163
2430 453
5107 218
630 6
2462 7
9496 31
1681 32
9942 31
1788 2
6342 134
3950 69
7164 527
8843 10
5112 426
554 31
3030 264
176 530
2953 649
2069 32
9933 365
5633 6
1323 382
7590 31
7650 237
5654 46
3873 72
6096 297
9956 6
1433 32
3601 568
1995 32
3364 32
9053 29
482 413
4793 32
529 31
3569 5
9558 32
8346 2
2944 40
5554 402
1382 2
3377 31
5642 38
274 10
2246 56
3985 554
9408 6
482 166
4591 2
3478 228
2274 2
9924 339
274 10
150 15
285 46
6831 2
5830 32
5596 32
3964 2
4056 129
135 44
2198 6
6829 33
9570 107
1016 10
823 32
6101 194
7683 32
4088 2
5463 2
566 226
8068 2
4659 177
1920 2
6236 147
5368 16
3257 233
2279 33
8310 6
3078 2
1829 100
7876 930
5763 6
9354 32
1562 33
464 2
3952 33
8960 31
7715 76
3980 218
2759 2
657 118
4277 134
1797 10
8799 51
8834 2
1612 50
7037 46
1526 32
956 243
6193 6
7500 32
128 38
1562 33
8180 5
1539 269
9656 368
1745 136
2312 16
3487 309
7090 816
3090 148
9357 148
7250 33
1004 387
65 31
4690 48
5171 180
2594 72
101 146
1362 146
9369 500
9390 46
3219 2
7886 161
9343 176
1471 122
4575 2
5550 16
4482 8
3394 2
6049 34
5460 6
8118 278
6513 19
9275 34
75 2
1689 121
1721 31
2602 85
479 181
2412 2
1136 31
9021 19
7947 121
9946 619
3168 751
6711 324
4010 90
1376 32
8641 436
9408 6
101 609
3962 146
6475 216
4287 2
41 10
9976 259
765 19
2491 224
8753 558
315 86
3230 32
2218 51
6264 6
3576 146
7489 158
9795 255
4350 40
1893 235
2894 2
2629 338
5593 181
3621 637
1249 87
9963 111
9102 19
4922 31
141 6
5353 384
786 31
1958 6
1456 15
7098 2
5249 132
956 538
9785 121
8889 554
6071 38
3047 6
9715 938
6683 164
9756 2
183 31
1532 46
9592 46
1207 46
430 2
3990 2
2174 31
1973 5
3026 34
6568 2
8796 59
9018 32
5160 138
6853 104
8184 228
1178 25
4308 53
2095 548
6818 183
7869 113
4380 6
1721 31
2283 44
2156 87
3736 33
9550 84
1473 72
2554 38
8957 92
3624 38
8506 107
2873 38
5974 4
6653 32
3048 320
3240 70
3573 515
498 33
9473 597
8899 720
7330 33
9676 15
2775 434
6975 104
5182 92
6874 140
7380 40
1004 33
3299 31
4337 124
3764 2
119 72
5402 182
1404 2
8863 404
8052 10
7374 46
9160 152
1986 33
9960 32
9150 31
1142 6
2128 15
529 31
2718 2
8091 33
1575 72
4299 70
6412 6
4886 492
1841 2
7680 35
1237 64
543 38
6271 5
554 148
3384 6
1574 125
1511 29
2545 254
766 211
9083 2
1461 72
5664 743
7731 148
296 31
4242 554
9706 105
9720 16
529 35
1336 2
6079 743
4568 85
5070 72
8147 121
9952 32
5169 87
3009 46
8041 32
9950 32
795 51
9442 147
780 52
7248 481
13 6
7501 63
6871 32
3830 406
8224 637
4773 509
9178 46
4213 505
450 90
162 91
245 133
370 6
6578 40
7589 70
1027 6
4179 7
3488 6
3492 2
375 107
8946 2
9006 10
9848 38
3284 358
9835 6
9886 600
4243 72
3099 347
880 57
8540 281
9083 2
9072 31
723 33
6738 505
9515 6
119 72
9166 52
3103 554
9708 950
5025 63
8968 494
4509 6
4938 107
2464 231
7704 46
7424 2
1237 214
8722 359
9343 222
5349 52
7146 118
2835 19
5687 104
184 218
133 53
7795 6
4193 92
8620 2
5380 215
3192 2
7803 38
9979 155
7512 6
656 116
3182 289
3969 417
5743 32
310 70
5744 38
9837 161
4199 2
3857 32
5593 57
5380 215
8497 710
191 15
9354 32
9181 2
5945 25
5110 346
8036 54
5792 32
6791 120
5243 398
9903 32
3836 134
2255 714
9016 31
4630 6
803 46
3179 33
3335 76
924 265
9975 178
7902 170
823 32
8715 38
4009 6
1003 247
599 234
9697 32
9204 31
1825 50
8483 545
409 297
4269 19
7302 31
101 371
6403 52
5185 834
9503 10
7308 32
8787 449
152 87
6208 228
2673 810
7061 38
3434 309
5005 52
2014 325
2776 263
8359 32
7994 279
1084 31
8839 15
5287 23
8528 32
2865 406
3088 15
9131 16
1737 7
423 89
6257 403
886 5
7052 87
274 10
1858 147
9355 38
8607 1
5877 6
3078 2
3952 52
135 15
3407 32
9353 392
1445 6
1617 6
6997 703
1252 178
457 61
4048 25
359 44
2391 408
2445 133
6966 52
7169 2
16 12
4247 148
4126 789
9590 2
8677 53
5616 6
191 15
5731 6
1464 412
2923 76
3174 6
6680 33
135 15
1075 19
9880 46
3057 36
212 46
9793 412
7060 32
5401 159
2109 220
766 16
4930 259
7326 15
6507 190
9603 705
9927 32
838 121
7589 207
2992 2
9899 204
7361 2
377 2
7256 32
9757 449
554 148
2607 97
9848 38
3984 2
593 231
2506 2
6659 70
529 31
1445 6
8068 2
7345 2
7283 15
3391 2
685 377
554 148
8824 449
1640 170
878 273
1285 6
7927 32
8752 2
4420 56
1235 53
1414 949
9677 508
8898 167
4534 464
5334 6
1406 33
5014 112
9230 6
2161 47
3568 31
3026 34
2688 62
6829 40
3372 92
6051 33
5388 836
2451 2
2318 195
9327 367
9399 32
9925 32
9864 32
5110 1
3119 6
5554 402
9688 107
608 6
2994 2
7886 165
2092 405
5595 158
307 72
4555 412
9942 31
7503 776
2990 12
240 6
1656 32
7401 6
9033 6
5841 19
3182 289
7444 56
4853 874
8158 588
9723 246
455 161
8676 64
3155 132
3243 72
4048 161
3174 6
6171 711
2668 10
9470 402
2598 44
6829 93
9311 184
8551 6
3658 546
8768 32
7715 76
1201 360
8799 297
998 31
8299 78
8824 3
1428 25
1721 31
9604 32
1966 507
3545 2
4041 6
5992 460
7034 31
2801 38
9354 121
866 328
4402 70
8302 2
5977 6
1807 19
1669 72
4922 31
9459 5
7242 2
337 637
1428 25
6457 72
2280 2
7172 62
1290 231
878 273
6075 446
3550 175
1533 228
3174 6
6964 817
6707 5
7026 15
461 35
5954 10
1739 29
7512 6
4401 32
8729 317
3661 32
7990 2
8961 2
3294 774
2815 168
9356 32
4113 743
402 2
303 10
3306 33
1147 12
1237 185
150 15
331 6
1240 6
4694 342
1772 2
3168 40
5163 148
7932 345
9786 162
3670 2
9947 145
6914 31
3681 633
3608 871
9465 32
7918 6
7049 121
2263 338
7420 127
9715 850
2225 288
5757 32
2368 78
9092 90
9907 32
5891 5
9865 38
9386 552
5596 32
5544 558
471 211
5553 53
9150 31
6379 833
7797 196
730 6
6175 276
310 70
135 15
9965 289
135 15
1478 20
566 226
3527 114
3124 76
1587 348
7410 721
135 15
9684 223
1206 379
5095 6
6542 218
7144 5
1877 33
8649 193
5003 32
18 10
7676 107
6368 33
6311 5
1917 44
659 31
9884 756
9933 297
1445 6
2480 259
7797 196
9818 15
9694 369
1002 16
8118 31
4922 31
544 129
5745 447
1756 309
3312 252
9772 273
9848 38
8576 2
241 6
245 52
3911 174
2972 33
7248 752
9584 104
933 618
6950 2
372 583
5323 2
1033 10
8442 18
5363 162
7139 449
9761 474
4 3
257 38
3986 365
5329 149
9873 150
6161 467
9713 2
7598 19
8123 32
7719 934
3352 50
4886 164
4803 70
4810 6
3512 32
5201 178
4931 6
1054 86
9981 176
5593 498
3792 92
5898 10
9447 5
3308 212
2171 57
2717 32
1689 84
9073 2
6432 97
6394 237
1729 207
8988 33
7146 118
823 32
3181 6
9862 32
4694 22
6921 104
6107 378
7918 6
5766 104
2771 742
1027 6
8714 147
796 6
768 2
9840 222
9810 419
2267 345
128 38
6703 18
8316 178
8544 33
9835 6
917 70
1486 32
101 776
2631 74
4079 38
4570 2
4783 25
9965 289
6696 251
3280 31
6965 453
3152 32
5717 33
3373 148
2445 31
1237 64
6965 453
3890 2
1554 10
2721 611
4376 54
2794 38
7058 32
1309 118
8060 70
5481 29
8062 41
1366 84
7545 142
2221 2
9370 201
2393 369
1941 6
3617 266
1009 32
1763 51
80 47
3886 10
6231 6
9880 46
9984 32
2870 2
8101 148
6246 251
8282 134
5633 6
3952 346
6243 5
251 6
1828 2
4379 48
1079 276
1607 14
4090 2
9507 176
9780 85
1012 2
240 6
2491 84
310 70
6317 36
150 15
931 31
9339 92
845 32
9760 92
9408 6
303 10
8712 178
7687 6
2246 56
642 76
4265 821
9270 31
4584 32
478 222
9001 92
7074 33
355 6
3294 551
5802 636
9817 38
529 31
370 6
3872 92
2393 369
696 91
3401 2
128 38
4401 759
3659 10
119 72
4154 2
8415 272
1856 2
3840 32
240 6
5596 32
1971 2
6328 922
1169 6
1445 6
9086 185
529 38
3361 33
5315 305
5011 2
2127 31
5001 453
60 90
576 725
9563 441
3000 214
4918 211
8521 95
2058 2
6452 6
8248 509
182 19
7649 528
7874 527
9501 638
1228 392
6534 406
8729 317
5497 176
3766 70
485 10
666 250
1390 33
493 111
924 238
9470 164
2848 2
4158 585
1328 414
2338 298
7492 2
6594 32
5380 215
823 32
1996 33
2086 523
449 188
9954 575
2633 31
1775 19
7822 592
170 536
1059 72
9794 38
8230 31
6086 776
599 234
4585 92
9071 31
2368 446
9507 216
8587 31
7961 175
8631 2
9459 12
6846 32
9619 115
9865 38
3447 211
8547 33
2294 49
3872 92
4063 6
462 195
7638 102
9408 6
964 105
7020 625
2092 25
682 32
1014 78
793 69
7690 56
1137 373
6171 600
203 1
6904 6
4269 19
7900 32
7062 2
1098 5
5517 6
5252 2
485 10
965 6
1059 591
8898 112
173 401
2353 2
7512 6
2007 33
766 16
4679 6
6910 38
6008 79
841 16
9614 19
7051 650
101 234
3088 49
1574 879
278 52
5436 31
191 15
3012 377
6563 146
267 70
2366 576
1934 29
7420 5
4995 31
128 38
9832 10
3602 309
2428 723
543 33
477 6
2625 666
356 359
9865 38
803 46
1366 224
3364 19
2386 2
1893 538
3681 54
303 10
8315 6
69 44
9711 20
8369 19
7678 6
1366 534
3692 2
257 38
2556 164
8271 32
9037 161
9795 255
2174 31
4016 390
236 244
4533 54
2249 2
4173 90
2755 86
862 6
9925 32
7670 476
875 2
393 64
5889 31
9839 75
7420 38
7169 2
1968 104
9335 6
1747 2
4549 2
5593 164
8235 331
2032 6
882 48
1203 6
6109 87
3574 33
4935 273
8779 2
497 54
2308 70
795 51
101 499
5368 16
2074 38
5173 216
4915 30
8024 453
7715 76
579 398
554 148
1380 33
7571 46
6098 263
9473 642
4031 526
2557 32
554 31
6784 264
9270 31
9341 36
9444 6
9749 146
2520 148
4827 6
3702 2
9252 53
415 6
8542 6
9865 38
698 238
3338 6
8003 357
3373 148
128 38
3872 50
8388 126
7680 901
3952 446
6914 31
2450 593
3510 124
3119 6
1912 6
3670 2
272 70
6699 132
16 12
3056 743
9942 31
2616 14
4705 72
9011 6
3573 510
2225 288
1881 2
1366 872
9465 446
998 31
9412 19
3312 50
3969 162
7247 233
7526 2
3129 359
2564 121
9583 76
2967 6
774 281
9996 211
8702 32
114 38
5001 453
74 64
2245 148
9188 474
300 115
517 92
1366 232
6914 31
9907 38
9958 33
3030 181
1464 412
3576 146
1366 441
5584 7
101 432
5790 266
529 31
6569 555
2029 2
487 121
3425 31
144 5
5349 52
9453 87
2929 445
6833 725
4307 2
4623 45
4638 6
9578 31
576 312
3119 6
310 70
3703 2
8869 152
209 89
4368 473
4578 86
761 32
1904 569
1027 6
217 10
1335 10
2848 2
2989 7
5593 404
7631 153
5044 86
1069 231
9825 10
5561 76
2909 241
1655 46
47 0
7555 129
4510 75
2454 2
1809 32
6196 152
4804 57
1979 2
9950 32
1669 72
3527 90
9961 84
1445 6
5399 162
954 31
7992 146
529 31
4770 120
8118 92
630 6
8048 31
4822 0
919 2
9795 255
3535 2
3533 449
7976 25
5638 5
3004 6
296 31
1612 354
9929 303
6927 104
3952 94
571 2
7614 52
838 305
101 371
3582 134
2393 369
3585 207
163 92
4843 158
13 6
3591 2
9813 567
1020 9
1279 203
9934 46
2597 132
7068 281
9977 33
7183 2
2722 55
9418 370
9720 16
5046 315
4094 121
9720 16
9412 19
1328 414
6774 6
2774 6
1105 33
1893 260
7676 107
5251 6
3310 161
2775 38
3490 64
9879 652
4382 175
74 31
8550 6
4599 19
