4225 975
346 388
1139 281
906 366
6747 323
1501 939
2361 952
221 507
415 269
5320 272
366 245
205 462
3878 701
3252 903
934 673
1474 249
1680 225
1401 507
7181 456
124 105
291 77
526 283
512 980
277 91
2788 295
5659 449
8149 701
7214 981
66 946
6345 97
5622 510
422 995
870 836
1568 565
5791 919
8085 21
1244 914
88 76
3882 132
7175 979
327 665
7214 981
278 209
6820 967
205 900
623 590
7576 990
1381 531
512 980
559 264
3574 857
2841 596
1296 834
1179 475
7861 292
346 971
467 194
1301 863
7416 113
2959 949
7718 767
600 989
318 988
197 148
1916 748
4935 58
4752 857
2375 344
4225 975
1373 695
346 971
768 111
429 184
5124 868
5467 891
3762 798
3871 91
1271 420
601 338
2361 952
8148 181
7799 513
3080 642
7102 559
1898 50
220 122
221 958
7522 986
40 553
1233 400
1478 546
7628 467
774 111
557 338
36 184
16 98
6866 958
476 249
437 551
2863 12
442 277
7102 559
3762 798
2528 692
224 166
46 43
256 194
482 939
1789 761
1087 993
36 184
4116 338
175 133
1301 863
3278 120
2846 761
615 985
3857 816
2697 626
6330 939
366 245
3029 777
42 40
5092 31
3762 798
1334 524
6253 933
1101 531
1267 170
6179 818
5320 272
285 209
2841 596
1119 489
2134 710
623 590
233 283
948 446
1680 921
485 290
6761 963
7901 765
2525 447
5467 891
1359 474
2744 177
6748 777
7379 164
400 262
214 159
7747 253
278 394
233 865
2985 410
94 863
6338 939
506 50
7485 758
5946 927
6922 186
3762 798
5791 919
2797 318
2134 710
107 906
308 228
1101 531
2399 495
1087 993
1296 999
7175 979
1296 834
430 247
6914 120
346 971
442 277
898 994
732 939
270 205
3252 755
2003 632
834 401
1449 861
8196 857
1087 993
429 184
2110 121
963 486
3880 535
366 245
2878 818
285 396
205 977
3491 889
285 399
3129 744
7887 654
1709 55
6748 777
3762 798
3148 710
308 228
606 363
702 34
1277 748
442 987
346 971
6739 942
442 277
94 863
1268 214
476 614
1652 389
449 587
5720 239
499 507
340 118
285 209
2518 207
68 194
7276 620
6862 969
1885 906
76 726
6073 937
1822 273
5905 923
224 166
1802 23
68 274
2697 626
552 25
5248 878
959 308
2144 184
1392 243
7454 835
3270 759
7395 939
5552 564
157 64
5908 946
8049 16
2434 637
3880 535
539 853
1042 943
5791 919
2557 697
7241 571
142 941
781 390
959 26
2289 667
285 209
306 201
7115 240
5905 923
1920 153
4240 507
6367 947
5124 868
4209 77
337 233
1590 104
6338 939
205 462
5962 930
2111 554
3507 12
559 264
823 281
1244 814
1119 489
8177 34
2525 447
2361 952
7760 729
611 735
1066 242
8085 21
2242 365
3382 491
7576 990
484 975
559 264
7522 986
1973 857
512 980
1448 2
2528 692
2144 184
214 159
1060 439
218 210
346 971
7947 794
1802 322
1613 801
6096 938
5 5
2697 210
476 385
3252 903
1074 829
143 364
480 582
17 574
76 100
1268 809
1042 943
430 144
5467 891
1916 748
5439 766
118 100
3483 984
2003 632
3275 600
6761 963
205 900
4941 163
160 89
7742 138
4154 823
13 432
36 184
5791 919
828 659
6293 942
415 270
6747 323
1244 814
879 607
1787 599
6766 590
342 237
2825 457
1331 729
6701 961
346 971
1066 309
17 410
1066 970
1787 599
1087 998
6330 939
353 165
145 385
1087 993
2132 319
4428 818
2214 118
214 159
365 735
684 111
94 863
1182 945
40 365
285 209
2846 761
3800 459
230 169
7938 970
205 462
1629 824
2268 663
1060 439
73 92
319 145
591 590
7659 579
6252 924
1684 42
308 228
5619 949
384 600
552 987
2111 554
2518 207
1571 302
1903 155
1296 999
2216 467
5791 919
7576 990
1206 922
3857 816
7701 70
1181 484
6646 120
2361 952
400 590
271 857
7392 425
5311 859
7358 850
7479 920
7443 801
46 43
1613 729
615 985
2264 591
1250 504
8105 320
2196 585
2321 951
1220 958
429 184
948 446
7576 990
7656 992
68 507
6862 969
3882 132
270 205
1325 411
768 90
1182 945
3512 564
7811 80
1862 975
6002 934
221 656
2836 982
1066 970
4844 932
1362 363
1607 512
499 507
963 486
1916 748
1392 243
5719 48
7479 920
5467 891
3861 418
2846 761
4148 822
7427 585
1296 999
68 756
7344 261
6956 710
671 708
1076 479
1296 41
4154 823
7254 119
6179 818
1613 729
828 941
1490 620
1390 818
4085 895
6565 385
1991 761
2000 623
5894 635
705 368
7181 456
1303 262
5791 919
1263 309
7556 16
7633 507
2003 632
2289 667
7439 277
1065 801
1296 834
342 110
2268 663
285 210
6293 942
627 343
6002 934
828 659
5791 919
4144 807
1104 150
1305 996
1752 669
6093 970
7295 33
609 148
1712 277
124 105
8010 48
1670 833
2788 295
6747 323
400 538
7664 766
7541 375
415 268
5299 882
1820 574
6862 969
179 767
417 285
4390 134
3275 600
948 446
291 476
1296 834
7947 794
828 659
17 301
611 924
1244 814
388 301
6866 958
781 390
2264 591
374 609
6411 978
169 130
3574 857
823 281
68 531
3080 642
2825 457
6171 537
5791 919
4085 97
524 287
3725 321
7456 758
205 462
3965 654
1101 531
6173 939
2144 184
6128 381
2923 986
43 41
7567 410
391 97
7903 120
7787 981
422 995
1820 574
7486 933
1187 507
1991 761
3 3
2879 574
889 260
6367 947
5467 891
1392 66
7059 281
2671 758
5467 891
1181 484
5619 949
948 446
5894 635
496 164
286 863
76 100
1929 627
1331 122
3148 120
5905 923
442 277
2073 184
6862 969
6082 924
224 166
7337 283
1074 829
484 997
5320 272
4803 401
3882 132
2846 761
859 336
1359 272
1568 565
68 531
6411 978
2 2
6464 936
7947 794
1890 250
1692 5
5320 272
346 450
602 491
3543 85
7606 665
7102 559
1250 504
6223 939
1096 485
76 726
4096 507
5894 635
2517 240
447 227
846 412
13 432
7481 438
1975 514
1369 507
938 771
5962 930
6862 969
285 209
346 971
272 207
671 708
221 495
196 456
1042 943
1244 814
7940 20
1068 478
3404 735
1181 484
7457 507
1182 946
400 848
7522 986
3252 755
179 767
1903 155
2020 290
578 527
4 843
7327 376
5791 919
2264 591
117 99
7464 80
221 507
1066 970
179 767
7454 835
5467 891
3085 77
1647 983
1916 748
867 184
346 971
2552 939
346 242
3491 474
6293 942
3762 798
640 879
7656 992
1096 485
221 507
5467 891
1296 999
2144 184
2003 632
2746 830
267 470
2541 184
145 385
6338 939
221 507
7526 818
39 111
179 767
286 863
1321 884
2345 674
1263 309
6862 969
205 462
270 205
8149 701
4096 507
2049 429
1802 23
2277 87
442 277
6820 967
7994 710
7907 909
233 364
615 985
7214 981
440 278
879 607
415 270
4840 751
1325 489
774 111
1529 551
1607 140
2264 591
532 405
17 80
2742 173
3404 735
1087 993
366 245
5083 853
7939 250
3275 600
311 513
277 857
196 33
63 467
1263 309
16 98
1296 834
6082 924
6545 953
1074 685
3880 535
400 590
372 209
6956 710
76 100
379 727
7664 766
3708 972
623 260
1296 834
272 207
5467 891
1549 390
145 385
4 498
3252 903
5669 507
640 879
7655 391
5415 379
6316 917
2306 526
6338 939
5354 110
6701 961
1296 999
443 127
5320 910
7561 299
6438 453
86 61
3708 972
8156 857
8133 862
2836 982
1554 762
366 245
578 566
5415 379
7102 559
4201 401
309 225
309 225
835 229
8149 701
6100 668
7522 986
410 67
3302 412
340 118
7452 507
2384 978
3491 474
1724 475
2408 863
759 514
2468 677
2003 632
8000 801
346 971
1963 310
1599 917
736 378
1975 514
671 708
22 864
429 184
400 538
335 235
1448 771
7716 850
3884 365
6491 311
5968 931
5791 919
2000 213
7522 986
346 971
3173 40
623 290
2345 674
343 221
615 985
346 242
1284 516
3613 872
6768 964
7947 794
2000 623
1665 586
7479 920
7757 273
1392 243
6326 944
623 444
142 941
277 857
1373 134
337 233
581 145
221 922
342 110
2746 830
379 727
1066 970
285 394
6073 937
1411 124
5791 919
4107 820
7479 920
1647 833
4464 489
1066 970
1277 748
256 194
1665 586
3422 299
7019 205
7656 992
145 385
1070 417
224 166
8163 853
5977 863
467 194
5321 682
802 803
1607 822
366 245
4085 472
1381 531
5124 868
18 17
7481 438
497 478
959 26
118 100
4844 932
2 2
7186 726
557 639
1404 184
1279 398
164 920
1870 617
2000 623
2068 522
6701 961
1710 338
532 642
415 269
1296 999
3078 293
3320 630
959 253
1296 834
1680 921
22 864
4590 380
220 164
1220 958
2878 120
3178 134
8097 996
366 245
68 120
5946 927
2129 648
7994 710
66 946
442 277
1870 617
384 25
7630 309
879 607
6179 818
879 607
6862 969
3762 798
1787 599
196 363
4772 909
7588 309
156 130
3173 40
6739 942
1087 998
3080 642
6015 363
1624 575
429 184
1959 507
7947 794
6704 277
4481 321
774 111
22 116
2306 526
51 939
6173 939
1087 998
142 978
5179 973
467 194
506 277
8055 763
4603 827
1296 999
499 507
3410 349
7083 976
963 486
518 673
1296 834
233 772
2196 124
7416 113
400 590
823 281
2133 34
1258 281
346 971
417 254
86 61
2591 55
8197 299
3474 585
1652 389
1412 507
249 587
3762 798
17 120
512 980
7459 492
7576 990
1263 309
366 245
45 835
5294 881
7489 438
1087 998
623 155
6073 937
4752 857
1279 398
981 184
6338 939
3491 474
7696 277
3383 770
7957 33
214 159
3483 835
3100 507
1206 507
7368 756
1665 586
494 294
6100 668
7842 777
7576 990
1997 630
346 971
2134 277
145 68
1600 38
1212 211
17 971
5669 507
2000 213
3965 654
3449 610
3293 68
250 767
1712 277
967 111
1049 726
467 194
615 985
1005 434
205 462
4447 169
4085 796
3474 585
1244 814
5619 949
337 233
2289 667
3981 495
224 166
6253 933
828 659
2394 660
3387 389
4390 134
615 985
5294 881
5622 971
1086 481
7083 976
340 118
2975 570
1101 531
1933 956
2252 184
6913 242
3173 40
1724 154
5 5
1181 484
467 194
1279 398
1607 140
512 980
40 910
46 43
6368 996
6252 924
2836 982
130 364
4325 783
2225 658
1802 23
2885 941
2068 438
117 99
5467 891
7942 794
1305 996
6862 969
5467 891
429 184
4107 820
2230 710
1692 5
2087 206
2578 938
1101 531
2361 952
4736 853
1066 191
2361 952
1692 5
73 937
5320 272
6736 962
623 665
1296 834
4490 532
223 418
4390 134
256 194
346 971
94 863
205 462
7538 277
346 971
1087 993
3252 903
1921 579
6438 453
5905 923
17 747
56 587
493 184
359 124
308 224
1599 917
879 607
366 245
1296 834
333 450
2000 623
653 33
318 857
1263 309
879 607
3395 122
3880 535
144 117
5320 272
134 113
134 113
5791 919
2486 710
118 100
400 262
5 5
1564 213
5291 880
382 253
730 98
7576 990
1148 642
5098 186
2268 663
93 80
609 148
5206 928
1975 514
1787 599
7 835
5467 891
1140 758
1381 531
134 113
76 726
615 985
5415 379
7102 559
442 987
1101 531
1762 184
346 971
1975 350
7885 37
2777 226
487 764
1619 72
5299 882
2000 623
2306 670
7993 91
7427 585
76 100
2875 682
6179 818
1828 211
306 201
1074 829
7882 184
6677 801
382 253
1802 23
3813 496
6626 493
76 100
8210 227
600 989
7698 281
7796 997
7576 990
277 857
6016 155
879 607
422 271
3252 755
346 134
5248 878
400 340
366 245
7505 87
5412 888
205 462
3173 40
5209 996
5 5
3173 40
3442 468
17 449
6418 939
7271 408
3029 777
1250 504
935 654
7859 675
285 399
76 100
5092 31
1271 420
509 298
1244 814
7650 277
335 385
7624 277
600 989
7115 240
7522 986
319 184
7703 460
3004 841
382 253
3709 333
42 40
639 281
1404 997
449 587
6488 574
772 299
675 184
66 945
570 997
7396 425
6752 870
1066 970
8130 857
1789 761
7577 377
2515 939
8116 996
182 139
134 113
476 234
7400 66
4234 120
782 234
4096 507
1478 546
2565 357
8139 857
346 971
327 224
2436 184
2268 663
1971 471
823 281
1802 23
7643 14
7538 277
442 277
119 660
2000 623
6768 964
7522 986
2196 68
1680 507
640 879
415 269
306 201
480 792
5719 48
8144 122
145 385
559 264
1635 476
736 378
3762 798
7215 941
7656 992
5791 919
1233 400
1089 991
3762 798
366 245
646 319
233 589
7389 807
509 298
2304 281
7959 507
233 977
36 844
3491 889
440 278
2434 17
1263 309
625 288
3762 798
286 863
17 765
6623 761
205 900
7656 992
184 418
977 441
6326 944
1181 484
1870 617
1182 946
1082 796
68 390
3080 642
2 2
7032 329
898 994
400 262
7156 725
5853 864
1263 309
6602 600
6128 381
5577 901
524 264
2345 674
429 184
2908 939
482 669
221 507
7175 979
5299 882
1301 81
1074 685
4251 857
142 941
5552 748
1250 504
1087 998
5320 910
489 904
5654 898
415 270
2534 206
311 649
1205 48
1885 906
1802 23
366 245
6623 761
6323 996
221 507
1647 983
6016 155
1702 8
7656 992
7567 675
169 130
1066 242
145 68
3880 535
205 462
1087 993
7486 933
509 298
7486 933
2671 758
866 398
384 600
1865 748
5970 850
1775 246
7254 119
829 120
3762 798
179 136
3275 600
1005 434
5658 626
6100 668
2361 952
1296 41
1182 945
4835 710
221 507
346 580
1363 240
3483 835
1042 943
919 470
7214 981
475 256
118 100
1680 225
6862 969
6376 513
7600 574
671 708
7853 277
7092 309
1647 983
1263 309
5905 923
2534 206
2079 37
1568 565
7654 277
1103 449
7640 187
382 253
1791 101
379 727
2846 761
2528 692
7627 363
7633 507
7134 574
384 600
2000 623
4065 747
3762 798
379 727
7664 766
6002 934
3491 474
1802 23
224 166
256 194
7430 134
2196 758
4 843
6252 924
828 926
1139 718
6338 939
7519 711
4107 820
488 14
1712 277
534 184
178 135
205 977
346 971
5 5
36 184
3422 299
3046 443
3162 743
5467 891
717 980
68 917
1104 385
1321 884
983 41
623 290
615 985
2134 544
782 418
379 727
1802 322
5083 853
1948 21
8223 301
524 264
6082 924
443 418
1066 970
4946 682
3404 735
306 201
4096 656
286 863
7761 507
7452 507
1130 305
671 708
1294 470
3396 262
270 205
1952 264
6736 962
1087 993
2268 663
221 922
7717 729
7175 979
2068 438
1087 993
2042 385
2131 321
494 666
3514 587
6480 939
278 626
1428 507
196 363
1206 507
1448 771
46 43
400 590
871 377
56 52
1478 546
3442 468
437 844
7587 865
1066 970
5294 881
4107 820
5467 891
235 87
764 144
2517 240
7413 649
2345 674
84 34
623 590
379 727
6100 668
6545 953
3708 972
335 249
7083 976
346 971
823 281
1478 546
411 513
671 708
76 726
2345 674
146 579
6768 964
6440 184
7175 979
1181 484
781 390
1276 16
5977 863
417 637
6701 961
5838 939
410 67
3114 857
2427 723
2946 261
1692 5
76 100
7656 992
6736 962
76 100
6866 958
2527 692
2136 650
5962 930
623 155
1722 575
1712 277
1296 834
3916 597
5968 931
233 822
7827 978
1087 993
1199 546
1885 906
2788 295
5294 881
600 989
3275 600
164 920
1296 834
7214 981
615 985
233 217
366 245
370 590
2565 357
6862 969
2525 447
6748 777
8006 273
4648 915
609 148
335 289
2622 997
1916 748
422 104
512 980
7362 984
335 249
557 334
884 429
8203 33
828 659
2169 100
1665 586
1066 970
134 113
205 977
256 194
1250 504
828 659
7236 81
184 418
623 444
6545 953
5124 868
552 654
7535 574
403 263
4096 507
1568 565
239 781
6862 969
5321 682
66 945
2219 299
3466 687
6677 801
5669 371
1443 253
2846 761
808 234
6752 870
5654 898
5802 507
4085 325
2788 295
1392 66
5654 898
3636 25
6053 456
145 385
1206 507
6091 656
1870 617
959 308
7137 941
7206 971
6914 120
2443 72
615 985
2068 438
2517 240
6367 947
1296 999
3180 716
1343 364
579 50
272 104
6449 23
2304 337
233 654
1181 484
412 266
400 262
615 985
36 184
6411 978
2240 574
2003 632
3148 710
1139 281
8069 494
7897 496
2836 982
306 201
346 971
2892 367
487 857
1375 567
6513 418
145 385
1343 507
221 507
76 100
6545 953
335 385
7362 984
651 130
3880 535
6747 323
526 283
8160 665
2196 124
328 96
8208 299
671 708
178 135
6701 961
7486 933
205 152
2049 429
339 345
7015 460
6073 937
2000 623
1019 271
1568 565
89 150
834 401
2040 281
5294 881
16 98
1613 729
718 302
1296 999
2552 939
1089 991
6100 668
8144 122
1087 993
2000 623
7334 120
3762 798
6293 942
2252 184
346 987
967 111
261 366
6579 955
1733 690
5273 997
2252 184
1089 991
1066 970
485 290
36 438
423 761
7175 979
1959 33
58 53
366 245
7576 990
1997 630
8218 995
480 857
205 462
239 281
6714 846
1087 993
205 462
7102 559
40 914
759 384
400 538
220 164
1087 998
2788 295
400 340
7486 933
6862 969
1284 761
2304 281
1392 906
528 130
7503 507
898 994
816 34
119 441
400 590
1095 978
278 209
116 763
344 233
1984 611
1474 249
6862 969
107 906
6862 969
4225 975
46 43
2528 692
249 425
7378 853
8149 701
6330 939
1305 996
1296 834
1066 277
328 230
5669 507
2321 951
959 26
7019 205
328 230
6701 961
4786 314
5946 927
3720 326
3534 996
485 290
5791 919
7048 933
93 80
1183 571
7362 984
752 470
1397 656
8214 23
4107 820
3965 666
415 270
3351 590
2825 457
6491 311
802 803
1117 111
5355 254
879 607
6100 668
512 980
2468 677
7083 976
5179 973
7627 363
2408 863
46 43
7486 933
1647 983
1087 998
7823 470
39 38
114 97
1134 988
1789 761
66 945
3252 755
7914 507
1101 531
7711 507
578 566
2908 939
3762 798
345 238
1568 565
1796 130
7433 283
346 388
671 708
762 125
559 483
1787 599
442 987
44 42
415 268
3762 798
2289 667
623 489
8053 35
4085 271
2003 632
7995 801
7522 986
94 863
134 113
5527 894
1647 983
1392 243
270 205
7256 669
2788 295
7314 14
2362 283
7880 242
658 184
5124 868
145 385
5467 891
981 184
68 996
3449 610
6820 967
440 278
157 64
781 390
223 418
5552 710
1647 983
1802 23
2361 952
1244 914
2264 591
7362 984
1176 710
4186 744
1076 761
429 184
2450 801
224 166
3036 729
2304 281
765 174
2528 692
7288 390
1089 991
6100 668
7102 559
7664 410
6332 459
6669 364
1777 758
267 470
7645 449
476 249
3762 798
3472 34
1568 565
6623 761
736 378
5791 919
2068 438
948 446
6073 937
614 277
822 418
124 105
872 423
512 980
1397 492
250 767
6579 955
7498 438
559 264
6654 592
178 135
1311 277
5294 881
95 66
346 537
671 708
205 977
7102 559
4946 682
1089 974
863 420
7406 322
233 504
171 68
6866 958
5291 880
7576 990
1005 434
1973 857
400 262
1478 546
206 574
1066 970
1074 829
178 135
124 105
1921 988
7271 801
94 863
488 14
6411 978
615 985
7102 559
68 917
823 281
3483 835
1074 829
7692 850
119 853
615 985
7947 794
366 245
1277 240
3491 474
3708 972
4401 456
615 985
3746 192
2408 863
4710 429
7506 748
4107 820
1400 534
671 708
467 194
7019 205
3965 654
224 166
384 600
366 245
630 164
1299 401
346 971
1287 388
3880 535
5968 931
879 607
17 134
327 665
224 166
7034 835
6073 937
144 177
2361 952
7656 992
7576 990
1940 70
5083 853
175 133
6866 958
2289 667
1244 814
718 302
653 33
1920 347
494 396
611 597
17 438
1101 531
205 462
7576 990
4014 939
233 937
3016 326
6100 668
205 462
7718 767
346 971
1296 999
1089 991
802 803
6085 98
1624 575
608 404
6862 969
442 277
666 204
400 538
6094 771
6338 939
415 269
691 128
6545 953
197 148
6179 818
7159 292
442 277
935 758
7576 990
1590 104
159 123
7576 990
233 965
502 249
5968 931
5791 919
2825 457
224 166
4096 507
1877 509
484 975
2304 337
5320 272
7837 46
686 363
1933 339
1916 748
8157 299
346 314
411 513
1772 486
7295 978
422 995
7427 585
586 329
306 201
125 978
8131 857
6002 934
1392 243
981 184
782 418
277 857
2591 124
17 442
1870 617
5215 312
2777 347
5799 425
3965 654
1629 824
400 590
3161 713
1820 574
308 224
3916 597
1258 477
5791 919
80 283
671 708
6862 969
7936 758
4789 955
1401 656
164 920
68 761
1376 460
570 184
391 97
600 989
898 994
1791 101
1652 389
7633 507
134 113
411 513
1411 247
1101 531
608 708
1296 865
7842 777
4148 822
524 264
1250 504
119 184
6261 279
1206 507
7947 794
7494 170
16 98
957 794
532 138
4841 701
2000 623
623 155
175 133
1390 818
1087 993
3252 755
1101 531
834 401
5791 919
3762 798
350 120
1624 575
1881 618
3275 600
730 807
346 971
400 687
1139 281
58 53
1244 914
7257 199
1647 530
6415 766
5294 881
285 399
7453 626
6110 850
1972 601
2092 946
3880 535
577 326
7664 766
2878 120
6002 934
1478 546
512 980
7730 264
3491 889
4583 322
40 104
6093 514
2000 213
1392 243
7576 990
417 637
1600 38
1244 814
2000 623
1023 23
7083 976
774 111
3880 535
6736 962
600 989
615 985
346 971
671 708
3708 972
1244 814
1802 322
636 290
68 531
1296 999
7660 971
6326 944
3491 474
411 513
828 659
485 290
3252 755
306 201
7486 933
948 446
3749 795
3351 687
1813 507
6862 969
600 989
7633 507
6862 969
931 48
1613 729
4772 909
1973 857
7343 314
623 489
2408 863
4434 0
498 911
935 654
5766 424
6179 818
1881 618
5467 891
36 184
6179 818
5467 891
3880 535
1296 999
4137 917
487 857
1042 943
1916 748
1501 939
4085 918
134 113
6293 942
5968 931
653 33
3396 262
6316 917
442 277
2736 391
671 708
5467 891
7458 140
2 2
7994 710
384 600
981 184
5552 710
2846 761
5294 881
205 900
205 462
6862 969
142 941
2000 623
388 255
1787 599
335 235
1726 623
205 977
1244 814
1557 563
5063 14
7408 801
675 184
1066 970
1060 439
2049 429
3708 972
3507 12
4107 820
1717 594
221 507
13 432
1244 814
3942 505
3396 262
4946 682
3762 798
13 432
1789 761
4096 507
119 102
2000 623
178 135
7083 976
1181 484
58 53
7868 824
1296 834
512 980
2049 429
1244 814
671 708
205 462
6584 939
1119 489
272 207
422 271
1680 23
867 857
671 708
379 727
205 462
547 608
220 281
1296 999
3491 474
659 395
366 245
671 708
5791 919
415 268
415 270
410 67
609 148
1096 485
7367 635
823 281
6073 937
5209 996
7486 933
5669 507
335 622
703 766
7434 434
1284 516
1264 59
802 803
6748 777
4464 16
3880 535
7678 363
3762 798
7211 971
318 988
7576 990
1279 398
1692 5
385 346
119 441
1760 391
6701 961
400 590
6002 934
440 278
671 708
1400 534
56 591
775 302
5791 919
169 130
80 364
422 995
6314 21
3565 713
7362 984
2000 213
346 56
5321 682
3302 412
1341 236
1613 729
7656 992
7442 853
7775 355
552 231
175 626
193 146
142 978
2196 585
3762 798
959 26
8035 325
736 378
7654 277
3404 735
2216 187
6367 947
7962 626
3410 665
415 269
5872 470
3275 600
959 308
759 514
3715 506
346 971
2846 761
2693 460
7305 106
1712 277
2748 650
2841 596
250 767
537 963
1179 475
6100 668
3015 128
5320 910
1959 507
1860 938
5299 882
7742 138
2394 660
209 155
7576 990
3916 597
4725 489
3374 701
17 649
8144 122
2514 177
931 48
3383 770
415 270
6862 969
2268 663
499 656
289 215
2174 47
7019 205
2365 277
17 200
232 171
898 994
451 574
1647 983
2134 710
76 100
1401 507
512 980
2003 632
2480 530
4844 932
270 205
379 727
775 302
178 135
5318 194
1599 917
5905 923
671 708
6338 939
7368 756
5946 927
6851 684
1692 5
17 68
205 900
233 37
353 320
3029 777
387 19
3360 507
1220 184
3162 743
3422 299
1089 991
615 985
1024 491
7540 939
2196 585
2068 438
559 264
512 980
179 767
1663 492
1087 993
7974 777
7486 933
1066 970
1296 999
1296 834
1305 996
3491 474
3351 590
256 194
948 446
7466 537
56 52
476 385
221 859
344 233
2345 674
285 399
174 24
2378 184
2923 986
744 987
1296 999
1613 729
181 230
476 622
449 587
1087 998
671 708
7759 853
343 538
938 405
163 277
1074 829
17 400
346 971
274 138
7349 304
871 377
94 863
3385 411
5294 860
346 971
2839 96
58 53
1049 726
476 614
134 113
1343 507
600 989
5876 445
640 879
220 164
671 708
1023 363
646 941
7382 853
7362 984
284 220
1787 599
3426 772
5977 863
1588 0
2564 347
7205 857
1802 23
2846 761
248 188
2626 177
7544 988
4499 857
5905 923
7935 409
1068 478
218 399
1181 484
919 470
5633 941
430 684
1263 309
4240 507
17 585
212 158
5291 880
6100 668
400 590
6953 988
6862 969
512 980
5291 880
4107 820
422 995
1244 814
1802 23
68 211
6170 33
2491 590
285 399
6330 939
335 737
1296 834
8101 184
1179 475
400 590
5791 919
7873 818
3752 791
1060 439
7737 58
898 994
182 139
2528 692
1087 993
2136 650
1199 546
3252 755
646 936
308 228
7362 984
411 513
2000 213
220 281
175 626
379 727
2000 623
2274 853
7102 559
624 344
1411 124
671 708
221 507
2426 988
499 564
7823 470
26 360
4065 134
2534 206
1856 449
3351 590
609 148
39 213
1610 418
636 349
5415 379
6761 963
3762 798
912 748
1971 626
1206 507
6179 818
346 971
36 184
5291 880
5979 457
823 281
1726 33
993 397
3383 770
615 985
335 249
465 335
6761 963
5791 919
7156 725
442 987
5552 710
3762 798
433 643
3395 946
2264 591
346 277
1205 48
3712 590
559 264
7531 418
6747 323
