6919 16
1340 176
463 172
7407 954
199 19
8199 7278
8200 5624
8201 5912
8206 3939
8207 5308
8211 405
25 332
8233 4285
8238 2884
8243 3160
8246 4540
8252 2612
8255 456
8256 4984
8262 1132
8263 3425
8264 7003
8273 1300
8277 4229
86 7849
8283 5610
8284 8158
8289 5022
8292 5159
8307 1610
8316 4068
8317 6145
8321 380
8324 3943
8328 4833
8330 6242
8336 2912
8338 1806
8342 5545
8346 6093
8347 3172
8350 5076
8365 4461
8370 3351
8378 433
8391 4782
8392 2771
8397 2323
8403 6966
8405 5455
8406 7632
8407 230
8410 7597
8411 4278
8412 1308
8413 4202
8414 7740
8415 6164
8416 3473
8417 3010
8418 5057
8419 2616
8420 6716
8421 7828
8422 3805
8423 2144
8424 2115
8425 424
8426 5053
8427 2832
8428 3978
8429 8197
8430 1186
8431 7147
8432 5657
8433 5722
8434 7826
8435 199
8436 6153
8437 2593
8438 5912
8439 1242
8440 6084
8441 3161
8442 7696
8443 2378
8444 210
8445 723
8446 416
8447 1666
8448 2765
8449 4586
8450 1295
8451 3236
8452 3828
8453 3271
8454 3268
8455 3668
8456 241
8457 5582
8458 2648
8459 113
8460 6604
8461 5780
8462 7386
8463 5129
8464 6919
8465 2159
8466 895
8467 366
8468 5376
8469 6451
8470 5386
8471 1948
8472 494
8473 5139
8474 4138
8475 1839
8476 5843
8477 4121
8478 175
8479 451
8480 5929
8481 2126
8482 3640
8483 252
8484 3349
8485 6861
8486 2548
8487 6975
8488 7687
8489 7175
8490 3283
8491 4823
8492 7684
8493 6597
8494 2689
8495 816
8496 934
8497 3098
8498 3676
8499 4666
8500 3173
8501 8305
8502 1281
8503 1897
8504 852
8505 474
8506 5088
8507 1642
8508 2475
8509 1929
8510 6139
8511 2249
8512 8272
8513 5879
8514 2025
8515 7544
8516 8024
8517 3119
8518 629
8519 5096
8520 7096
8521 8184
8522 4368
8523 1407
8524 436
8525 6310
8526 5176
8527 5576
8528 5828
8529 6266
8530 7780
8531 3184
8532 7278
8533 1248
8534 7743
8535 5813
8536 2662
8537 284
8538 391
8539 1729
8540 5771
8541 5066
8542 1072
8543 1927
8544 2183
8545 615
8546 4071
8547 433
8548 5108
8549 7495
8550 4986
8551 3974
8552 1939
8553 8030
8554 386
8555 1645
8556 5741
8557 3592
8558 1884
8559 436
8560 8318
8561 1408
8562 5430
8563 2607
8564 3005
8565 7021
8566 6005
8567 7743
8568 2529
8569 6139
8570 515
8571 2988
8572 8297
8573 1492
8574 7972
8575 5961
8576 6648
8577 5055
8578 2560
8579 7197
8580 6294
8581 5858
8582 6342
8583 3468
8584 6296
8585 6175
8586 23
8587 3789
8588 4855
8589 4841
8590 8210
8591 1599
8592 5346
8593 3453
8594 3749
8595 1356
8596 2747
8597 2251
8598 7715
8599 4990
8600 2132
8601 2717
8602 1944
8603 262
8604 7958
8605 3450
8606 7277
8607 1602
8608 2931
8609 7043
8610 5437
8611 6238
8612 973
8613 1325
8614 6614
8615 1681
8616 3891
8617 2590
8618 3201
8619 148
8620 1876
8621 4609
8622 6180
8623 4891
8624 69
8625 5862
8626 6898
8627 674
8628 74
8629 6915
8630 6730
8631 639
8632 975
8633 7351
8634 7541
8635 6180
8636 3760
8637 4431
8638 4125
8639 5223
8640 7084
8641 4132
8642 3943
8643 3379
8644 4300
8645 6511
8646 3048
8647 8058
8648 2451
8649 341
8650 7143
8651 6298
8652 6472
8653 5808
8654 4274
8655 236
8656 1142
8657 8315
8658 1657
8659 2114
8660 4234
8661 2479
8662 528
8663 8239
8664 7466
8665 3686
8666 4348
8667 3686
8668 2044
8669 2923
8670 6771
8671 6705
8672 2506
8673 7307
8674 1029
8675 767
8676 390
8677 8018
8678 7635
8679 2433
8680 3997
8681 2515
8682 186
8683 7814
8684 5637
8685 758
8686 3311
8687 8158
8688 1156
8689 2803
8690 4005
8691 6151
8692 7721
8693 2506
8694 5164
8695 1888
8696 3266
8697 7647
8698 4792
8699 3319
8700 7883
8701 6179
8702 5369
8703 2764
8704 5736
8705 2137
8706 4969
8707 562
8708 4830
8709 4932
8710 6214
8711 1423
8712 7965
8713 986
8714 2085
8715 8302
8716 2356
8717 973
8718 1531
8719 4841
8720 937
8721 1939
8722 3597
8723 4403
8724 7781
8725 6285
8726 2172
8727 1079
8728 4025
8729 505
8730 8157
8731 4262
8732 2891
8733 6076
8734 7781
8735 3284
8736 6775
8737 172
8738 5455
547 3822
8739 4771
8740 4375
8741 2243
8742 3552
8743 4834
8744 2195
8745 6258
8746 8032
8747 3330
8748 3643
8749 7973
8750 622
8751 7142
8753 524
8752 3847
8755 3792
8756 6540
8757 6433
8758 2536
8759 1235
8754 7564
8761 7572
8762 3976
8763 219
8764 1239
8765 6245
8760 5182
8767 6134
8768 5120
8769 704
8770 2962
8771 3094
8772 1998
8773 8214
8774 1357
8775 2720
8776 8304
8777 2353
8778 1322
8779 3489
8780 5927
8781 6047
8782 5566
8783 6520
8784 4028
8785 879
8786 5979
8787 4295
8788 2459
8789 2515
8790 3858
8791 3267
8792 6141
8793 6729
8794 2312
8795 3698
8796 1622
8797 2577
8798 4157
8799 6250
8800 3715
8801 2940
8802 1673
8803 6337
8804 1938
8805 2265
8806 2924
8807 5624
8808 6520
8809 6068
8810 1873
8811 3556
8812 8042
8813 5662
8814 365
8815 839
8816 7937
8817 193
8818 1516
8819 61
8820 7832
8821 3058
8822 813
8823 7257
8824 5281
8825 6154
8826 6540
8827 5553
8828 2576
8829 1117
8830 3914
8831 6323
8832 5790
8833 6803
8834 406
8835 6980
8836 1535
8837 6841
8838 6860
8839 6590
8840 8297
8841 4138
8842 6743
8843 2460
8844 139
8845 7604
8846 4192
8847 231
8848 6294
8849 8242
8850 3764
8851 7147
8852 5725
8853 7639
8854 2654
8855 8205
8856 3379
8857 7402
8858 3004
8859 2416
8860 4771
8861 370
8862 6679
8863 7268
8864 1016
8865 1704
8866 5710
8867 2106
8868 244
8869 5145
8870 2258
8871 6132
8872 1019
8873 4557
8874 4471
8875 7362
8876 4152
8877 2644
8878 875
8879 310
8880 3502
8881 2404
8882 8134
8883 5888
8884 7725
8885 7816
8886 1547
8887 6242
8888 8051
8889 387
8890 1207
8891 3090
8892 6323
8893 2912
8894 2038
8895 2823
8896 1964
8897 3971
8898 667
8899 291
8900 6785
8901 3320
8902 7394
8903 5308
8904 5961
8905 7034
8906 1534
8907 4433
8908 3173
8909 7954
8910 5336
8911 728
8912 2787
8913 4137
8914 5406
8915 5792
8916 6118
8917 909
8918 5661
8919 7964
8920 1124
8921 4250
8922 6278
8923 93
8924 4609
8925 2163
8926 3739
8927 1362
8928 1869
8929 6665
8930 8033
8931 1803
8932 220
8933 2020
8934 3565
743 6771
8935 2547
8936 5114
8937 213
8938 2055
8939 6115
8941 3154
8942 5475
8943 4672
8944 8215
8945 8083
8946 8265
8940 1979
756 5361
8949 3340
8950 6706
8951 2180
8952 5479
8953 6264
8954 8057
8955 2128
8956 664
8957 1475
8958 889
8959 2449
8960 4947
8961 6290
8962 8034
8963 7155
8964 3850
8965 843
8966 6797
8967 5493
8968 1327
8969 3754
8970 3612
8971 4504
8972 7540
8973 5577
8974 5539
8975 3323
8976 3407
8977 5621
8978 5951
8979 1835
8980 7921
8981 6930
8982 1365
8983 4749
8984 3238
8985 248
8986 5391
8987 7296
8988 2322
8989 1543
8990 2807
8991 7414
8992 6706
8993 5857
8994 7937
8995 1407
8996 513
8997 2390
8998 1420
8999 7893
9000 5312
9001 5016
9002 4735
9003 3026
9004 4873
9005 4829
9006 5529
9007 4647
9008 2151
9009 5674
9010 8218
9011 701
9012 7070
9013 4430
9014 1828
9015 2247
9016 4115
9017 4295
9018 373
9019 1722
9020 2565
9021 7274
9022 6049
9023 4572
9024 1346
9025 6928
9026 4695
9027 4705
9028 8056
9029 930
9030 3580
9031 3620
9032 508
9033 8139
9034 3553
9035 7397
9036 6483
9037 1817
9038 85
9039 8369
9040 6131
9041 6018
9042 3334
9043 8116
9044 389
9045 8088
9046 3081
9047 8314
9048 8359
9049 5135
9050 4525
9051 2916
9052 3102
9053 7246
9054 3729
9055 3639
9056 7668
9057 5466
9058 7041
9059 3235
9060 6728
9061 3987
9062 1509
9063 509
9064 6699
9065 818
9066 5097
9067 8228
9068 7257
9069 4559
9070 4996
9071 3461
9072 7296
9073 7696
9074 2237
9075 7894
9076 6831
9077 4036
9078 5200
9079 5836
9080 2655
9081 2806
890 7342
9082 6121
9083 6282
9084 633
9085 6375
9086 514
9087 8270
9088 1649
9089 4082
9090 3675
9091 4566
9092 3848
9093 772
9094 4698
9095 7835
9096 8310
9097 3076
9099 1017
9100 4265
9101 5012
9102 7108
9103 1518
9104 1436
9105 6920
9098 4367
9107 457
9108 1647
9106 8358
9110 4236
9109 4659
9112 2513
9113 6284
9114 1008
9115 300
9116 6533
9117 81
9118 1345
9119 1283
9120 7362
9121 3979
9122 5268
9123 7533
9124 8189
9125 7756
9126 6464
9127 1918
9128 3833
9129 8066
9130 7646
9131 6283
9132 5056
9133 5752
9134 3519
9135 6142
9136 7101
9137 6107
9138 2523
9139 823
9140 4630
9141 5980
9142 8153
9143 7324
9144 4617
9145 3163
9146 7818
9147 5512
9148 3586
9149 1094
9150 6863
9151 3696
9152 5229
9153 4986
9154 8153
9155 520
9156 935
9157 8016
9158 3900
9159 4787
9160 7575
9161 6037
9162 4425
9163 6913
9164 5148
9165 2104
9166 7261
9167 1778
9168 6602
9169 8368
9170 829
9171 3943
9172 8002
9173 1157
9174 6558
9175 837
9176 41
9177 606
9178 8091
9179 994
9180 2286
9181 2228
9182 655
9183 3204
9184 5159
9185 5859
9186 5080
9187 614
9188 5468
9189 2869
9190 5925
9191 1443
9192 5998
9193 7471
9194 3459
9195 5585
9196 2233
9197 3325
1006 852
9198 2204
9199 5417
9200 827
9201 1936
9202 7762
9203 4655
9204 5431
9206 930
9207 8209
9208 8353
9205 6976
9210 7068
9211 2846
9212 3888
9213 3619
9209 6324
9215 6038
9216 91
9217 1459
9214 4997
9218 51
9219 931
9220 18
9221 6773
9223 4888
9224 8024
9225 5215
9226 3621
9227 4031
9228 1247
9229 813
9230 6529
9231 6897
9232 6880
9233 582
9234 3768
9235 5255
9236 232
9237 5339
9238 4969
9239 8260
9240 961
9241 3876
9242 48
9243 1223
9244 6602
9245 4014
9246 1183
9247 7131
9248 6629
9249 2375
9250 8274
9251 8155
9252 4513
9253 3446
9254 2043
9255 5045
9256 5946
9257 2704
9258 1138
9259 2773
9260 1825
9261 8329
9262 6317
9263 3295
9264 8345
9265 2839
9266 4765
9267 4423
9268 1029
9269 5283
9270 3444
9271 2733
1080 2319
9272 2274
9273 3908
9275 4201
9276 1790
9277 5463
9278 3974
9274 4203
9280 2167
9279 3920
9281 8193
9282 8229
9284 6699
9285 6194
9286 7290
9287 3237
9288 4646
9283 7284
1098 8176
9290 334
9291 6455
9292 513
9293 2122
9294 7753
9295 2191
9296 4562
9297 3993
9298 2844
9299 913
9300 3030
9301 3152
9303 6663
9304 3675
9305 712
9306 903
9307 1925
9308 5127
9302 7175
9309 1028
9311 2856
9312 5764
9313 3479
9314 4760
9315 4650
9316 779
9317 6930
9318 8110
9319 6875
9320 6756
9321 7178
9322 5171
9323 8217
9324 588
9325 3174
9326 7478
9327 5682
9328 4674
9329 4439
9330 6456
1139 3441
9331 5087
9332 6309
9333 1140
9334 5476
9335 892
9336 4967
9337 6625
9338 8070
9339 7847
9340 1554
9341 3741
9342 7559
9343 2419
9344 3641
9345 6523
9346 967
9347 171
9348 7419
9349 5736
9351 2751
9350 765
9352 6335
9353 4666
9354 5728
9355 7359
9356 560
9357 978
9358 1728
9359 3451
9360 7384
9361 1936
9362 722
9363 1771
9364 1559
9365 4889
9366 2555
9367 3333
9368 6138
9369 7984
9370 4811
9371 1402
9372 4306
9373 6223
9374 2134
9375 1136
9376 2462
9377 6446
9378 4135
9379 1993
9380 2996
9381 4184
9382 7935
9383 2625
9384 3794
9385 7475
9386 5460
9387 4710
9388 2867
9389 6371
9390 6463
9391 3355
9392 1336
9393 938
9394 1852
9395 6678
9396 1024
9397 5617
9398 6730
9399 1356
9400 693
9401 1518
9402 1288
9403 7202
9404 7420
9405 4214
9406 585
9407 2682
9408 7159
9409 5645
9410 4402
9411 2761
9412 1715
9413 5928
9414 5484
9415 7426
9416 2514
9417 5518
9418 4034
9419 1061
9420 7853
9421 3340
9422 1207
9423 2436
9424 6269
9425 3988
9426 6943
9427 5657
9428 3466
9429 6262
9430 6282
9431 787
9432 5646
9433 885
9434 1863
9435 4787
9436 7432
9437 5212
9438 2323
9439 811
9440 491
9441 2468
9442 1752
9443 958
9444 7659
9445 5796
9446 5910
9447 2665
9448 5361
9449 4272
9450 3250
9451 1051
9452 3183
9453 7660
9454 8229
9455 7370
9456 5393
9457 4472
9458 3993
9459 2700
9460 534
9461 384
9462 114
9463 6435
9464 4185
9465 6812
9466 8268
9467 2350
9468 7463
9469 1151
9470 3920
9471 8191
9472 813
9473 7421
9474 2227
9475 1745
9476 2772
9477 3050
9478 589
9479 6504
9480 2884
9481 4582
9482 8155
1292 1816
9483 6428
9484 35
9485 7120
9486 3906
9487 7292
9488 4826
9489 5870
9490 7500
9491 7758
9492 2554
9493 6381
9494 2342
9495 8309
9496 2986
9497 3636
9498 771
9499 7953
9500 3584
9501 1370
9502 3391
9503 5210
9504 8351
9505 1207
9506 7903
9507 2109
9508 2228
9509 7806
9510 7973
9511 5210
9512 2283
9513 254
9514 1729
9515 3714
9516 8133
9517 5362
9518 5769
9519 5737
9520 830
1331 2283
9521 7943
9522 4416
9523 7832
9524 3965
9525 2689
9526 2780
9527 3542
9528 1059
9529 3066
9530 515
9531 5437
9532 7254
9533 6016
9534 3003
9535 6040
9536 1773
9537 7150
9538 271
9539 628
9540 5348
9541 1031
9542 7828
9543 1504
9544 8033
9545 710
9546 1436
9547 1304
9548 7788
9549 1143
9550 5210
9551 3705
9552 6318
9553 2848
9554 6656
9555 2889
9556 886
9557 3359
9558 3893
9559 7115
9560 6808
9561 4616
9562 7019
9563 6554
9564 2164
9565 3932
9566 394
9567 1473
9568 2140
9569 6602
9570 5716
9571 2896
9572 4916
9573 3179
9574 4808
9575 8132
9576 8051
9577 351
9578 902
9579 3411
9580 3448
9581 6002
9582 4524
9583 6505
9584 4644
9585 7888
9586 3459
9587 5821
9588 2965
9589 4285
9590 2709
9591 6032
9592 2179
9593 7357
9594 6980
9595 4215
9596 3906
9597 3272
9598 7460
9599 7127
9600 1249
9601 6344
9602 773
9603 4224
9604 2780
9605 108
9606 5407
9607 3083
9608 3617
9609 4582
9610 583
9611 5141
9612 5405
9613 7808
9614 7801
9615 355
9616 2254
9617 7975
9618 5799
9619 5146
9620 7094
9621 6087
9622 5860
9623 6452
9624 4765
9625 4871
9626 8351
9627 5180
9628 1158
9629 2933
9630 1930
9631 1968
9632 2702
9633 6780
9634 6060
9635 1108
9636 6175
9637 2101
9638 6138
9639 2201
9640 4008
9641 6399
9642 3851
9643 7858
9644 8074
9645 4042
9646 2887
9647 468
9648 3870
9649 2971
9650 2873
9651 3800
9652 4069
9653 5553
9654 1769
9655 2107
9656 4707
9657 6259
9658 6104
9659 2811
9660 5797
9661 6754
9662 3393
9663 3200
9664 5382
9665 4647
9666 3090
9667 1526
9668 3063
9669 7071
9670 7185
9671 5626
9672 4736
9673 5497
9674 6008
9675 554
9676 5261
9677 1988
9678 6230
9679 5112
9680 1524
9681 5747
9682 2896
9683 2491
9684 7316
9685 7117
9686 3274
9687 7208
9688 6169
9689 4496
9690 2840
9691 894
1503 8197
9692 1715
9693 1636
9694 6199
9695 4336
9696 4104
9697 3646
9698 5224
9699 4808
9700 7782
9701 5316
9702 6319
9703 3306
9704 8101
9705 7569
9706 1802
9707 3870
9708 6565
9709 882
9710 2239
9711 7554
9712 4013
9713 2581
9714 6661
9715 7431
9716 5143
9717 4992
9718 4297
9719 4704
9720 4411
9721 650
9722 3899
9723 7038
9724 7038
9725 2028
9726 6697
9727 5346
9728 4416
9729 6700
9730 3754
9731 3890
9732 1525
9733 5104
9734 3978
9735 5265
9736 4341
9737 405
9738 3888
9739 2713
9740 4116
1553 6134
9741 5354
9742 6553
9743 4983
9744 3176
9745 4343
9746 1936
9747 7653
9748 6991
9749 6844
9750 971
9751 3524
9752 6100
9753 2547
9754 7625
9755 6151
9756 6756
9757 5609
9758 6321
9759 3658
9760 3903
9761 4972
9762 3650
9763 5087
9764 1418
9765 4772
9766 4579
9767 823
9768 786
9769 24
9770 4370
9771 2756
9772 5688
9773 42
9774 102
9775 614
9776 4937
9777 1018
9778 1009
9779 8390
9780 20
9781 5838
9782 11
9783 4248
9784 2689
9785 4513
9786 684
9787 2330
9788 7606
9789 7257
9790 2409
9791 1335
9792 1694
9793 7788
9794 1453
9795 5554
9796 4597
9797 7760
9798 2419
1612 7968
9799 2676
9800 6427
9801 8005
9802 7809
9803 3311
9804 7662
9805 1903
9806 2766
9807 653
9808 5972
9809 6343
9810 5120
9811 1036
9812 6171
9813 842
9814 7755
9815 5282
9816 1603
9817 2641
9818 1947
9819 6562
9820 3353
9821 7703
9822 3811
9823 6880
9824 5325
9825 6252
9826 3051
9827 4332
9828 6064
9829 455
9830 4769
9831 7854
9832 5345
9833 5664
9834 5933
9835 4013
9836 7563
9837 1366
1652 1887
9838 5225
9839 6336
9840 1891
9841 7629
9842 3298
9843 5813
9844 3978
9845 7281
9846 4317
9847 5877
9848 6190
9849 7852
9850 1213
9851 8194
9852 3606
9853 7256
9854 5450
9855 7290
1671 705
9856 6070
9857 3820
1674 7261
9858 2888
9859 5078
9860 176
9861 1165
9862 1807
1680 6004
9864 2825
9865 3167
9866 683
9867 2929
9868 859
9869 1908
9870 5547
9871 1976
9872 1005
9873 2713
9874 2630
9875 4636
9876 6716
9877 4276
9878 1557
9879 6871
9880 752
9881 8119
9882 4305
9883 4395
9884 4804
9885 5306
9886 6193
9887 1919
9888 3097
9889 6415
9890 3621
9891 7822
9892 8093
9893 6408
9894 4111
9895 2733
9896 8363
9897 5462
9898 4939
9899 3941
9900 2352
9901 7897
9902 1276
9903 1003
9904 8363
9905 1044
9906 5197
9907 1596
9908 2514
9909 3971
9910 45
9911 6392
9912 3570
9913 758
9914 1197
9915 2130
9916 4088
9917 2209
9918 1171
9919 2466
9920 7282
9921 1011
9922 4625
9923 6490
9924 2261
9925 5074
9926 1238
9927 2209
9928 7376
9929 5138
9930 6019
9931 5042
9932 4148
9933 4085
9934 5685
9935 5924
9936 1317
9937 7515
9938 1185
9939 834
9940 2036
9941 6209
9942 1264
9943 7983
9944 5346
9945 28
9946 6022
9947 432
9948 2607
9949 1883
9950 8318
9951 8095
9952 1684
9953 5094
9954 396
9955 6659
9956 2789
9957 7757
9958 2257
9959 616
9960 3490
9961 6989
9962 3137
9963 4937
9964 7883
9965 5062
9966 2670
9967 7799
9968 751
9969 2670
9970 264
9971 3144
9972 5132
9973 5652
9974 8197
1792 803
9976 7855
9977 6282
9978 5290
9979 5014
9980 1747
9981 4220
9982 216
9983 4217
9984 7848
9985 612
9986 5793
9987 1047
9988 6655
9989 6938
9990 5320
9991 6318
9992 7441
9993 621
9994 8182
9995 329
9996 81
9997 4387
1815 7938
9999 5834
2035 7910
2058 6090
2158 7293
2198 7815
2212 942
9863 1511
2382 7741
2454 6927
2469 3042
2472 4911
2601 8358
2617 8377
2783 7582
2785 7085
2799 1840
2804 2687
2881 3146
2894 6252
2983 6317
3044 1560
3105 3519
3135 4300
8766 1920
3175 483
3257 6317
3301 3888
3335 5648
3352 8242
3417 5993
3547 2027
3557 2134
3590 8398
3637 7107
3652 2749
3672 2383
3679 1156
3724 371
3980 7160
4012 7893
4016 2442
4024 8045
4029 6172
8947 1610
8948 934
4087 1965
4134 3790
4154 6602
4186 4578
4205 7309
4245 4551
4309 3986
4353 2008
4380 7507
4382 6260
4384 3024
4499 3647
4628 1691
4673 5793
4754 5793
4763 838
4815 563
4836 5734
4860 2960
9111 2476
4942 5354
4950 740
4953 5144
4987 2621
5032 665
5131 821
9975 3176
5335 4007
5365 7631
5383 1653
5392 4996
9222 1105
5444 2040
5499 3083
5507 6766
5548 1752
5569 516
5597 1617
5660 7795
9998 2224
9289 7637
5844 3602
5855 8361
9310 6052
5889 5804
5895 657
5916 3268
5944 4345
5962 8377
5963 3427
5975 894
5984 7827
6011 4381
6075 2709
6091 4397
6163 3199
6166 4727
6192 5770
6204 5085
6267 4421
6302 2205
6313 1750
6328 3038
6350 63
6436 3007
6444 6691
6469 1268
6478 6926
6484 3676
6498 3492
6517 2485
6545 439
6573 6725
6606 7705
6628 2682
6651 3814
6654 2358
6677 906
6695 4179
6715 7303
6727 4453
6741 1033
6762 795
6767 7224
6792 6263
6806 1209
6810 3881
6849 6118
6866 3373
6908 2595
6950 892
6984 659
7015 3925
7067 3358
7072 7036
7121 5778
7122 7693
7129 971
7133 6860
7166 5934
7181 6222
7183 4203
7193 4823
7212 5173
7243 981
7244 3393
7250 1421
7263 2698
7319 4845
7327 7767
7360 8131
7375 1368
7422 7490
7427 8319
7465 6390
7484 257
7501 7437
7519 6262
7522 7186
7523 7965
7537 2251
7560 5232
7565 2450
7570 1729
7579 3723
7591 5654
7599 4715
7605 8291
7611 6271
7612 7202
7613 725
7622 5386
7633 6640
7644 6103
7671 3009
7674 6211
7680 6312
7701 2087
7707 7401
7722 6441
7730 2994
7733 4020
7737 3213
7738 3727
7747 5258
7751 359
7765 2885
7768 8011
7771 1311
7831 4944
7869 5837
7885 5781
7898 3813
7909 4490
7915 1706
7918 6085
7920 4577
7929 5856
7933 6202
7936 7462
7945 7343
7947 6090
7957 1149
7961 7253
7987 3594
7991 4635
7999 6288
8009 2307
8010 4832
8019 689
8031 4837
8053 7783
8055 3648
8077 4196
8082 1544
8086 5858
8087 5130
8097 2260
8127 5182
8140 7368
8141 5888
8151 6096
8167 6525
8171 6774
8174 7330
8185 2462
8187 4820
