2647 118
7717 195
1100 88
277 32
1291 31
1308 53
4902 186
1441 33
6764 19
7759 32
1371 31
3287 176
3883 31
724 72
7223 32
5587 6
7782 211
8192 3475
5 4218
8200 160
8209 2770
8214 3847
8215 7462
8219 7316
8223 1132
34 8304
8237 7755
55 8406
57 1121
8250 3510
8252 7489
8258 1178
8259 1484
8263 1437
8282 892
8284 5640
8303 5256
8312 4735
124 1771
125 4716
8320 283
8346 6312
159 4358
8351 272
168 4228
8364 8043
177 6227
183 7176
188 951
8387 78
8388 797
199 1268
208 335
8444 8537
256 2044
261 3848
265 7804
8466 4114
304 2488
8509 1048
330 2482
341 3406
8551 1185
8576 2254
392 2562
8586 3409
406 9159
445 3992
452 8963
463 2323
464 3403
469 6942
8662 7036
8674 3216
8678 1622
492 616
8687 6420
8710 1692
8746 957
8757 7154
572 923
8770 5445
583 8327
8781 5435
596 7852
607 1412
8799 737
8806 8
631 7358
639 5627
8834 4492
644 7700
8841 2483
8854 8451
667 2919
684 3036
701 4718
706 579
708 4505
8942 439
8943 3444
8945 6876
760 4242
8994 2599
807 2141
809 1836
9002 5560
9006 5896
817 4577
9014 367
9934 6696
9033 3310
846 3270
848 2057
851 2378
9046 7016
855 7986
9049 8960
9050 1131
9062 6929
871 5564
9063 1722
9944 5279
9080 5906
9081 6988
9083 3925
9948 3522
9093 3292
905 8486
9098 387
9102 149
9109 1716
9110 7671
9112 8659
9952 929
9115 5531
9118 3491
9123 1076
9127 1838
9132 946
9139 6627
9142 7701
9145 4052
9149 5708
9150 1080
9151 7938
9960 5542
961 8326
9153 5624
9161 7192
9164 5177
973 319
9167 2774
9168 4389
9170 2845
9172 7872
9173 9036
9174 8154
9175 7617
9964 4882
9181 5933
9183 5354
9184 4054
995 3418
9189 2063
9192 4966
9193 2617
9194 4432
9195 33
9196 127
9197 7489
9198 4215
9199 4892
9200 2464
9201 2860
9202 2202
9203 902
9204 1388
9205 726
9206 5288
1015 7263
9207 4929
1017 93
9208 4358
9209 679
9210 2199
9211 6168
9212 2822
9213 8510
9214 8956
9215 9121
9216 6256
9217 9100
9218 1367
9219 5412
9220 4174
9221 7472
9222 8495
9223 4031
9224 3178
9225 4185
9226 3149
9227 123
9228 6
9229 4847
9231 2506
9230 145
9232 1657
9235 6187
9236 2566
9237 5181
9238 8771
9239 4764
9240 8668
9241 3041
1050 5412
9242 562
9243 4883
9245 181
9244 6625
9246 1089
9247 9186
9249 4082
9250 7321
9251 7289
9252 7362
9253 5911
9254 8202
9255 4226
9248 8448
9257 486
9258 5745
9256 2893
9259 6209
9261 2590
9260 1080
9263 314
9264 4463
9262 3641
9266 436
9267 2433
9268 7296
9265 4120
9270 1699
1079 9039
9271 5639
9273 2284
9269 5421
9275 5986
9276 5275
9277 8851
1086 8656
9278 3680
9280 7432
9281 5622
9282 4222
9274 8804
9284 931
9285 1061
9286 5015
9287 7942
9288 8624
9283 5611
9290 5193
9289 4712
9292 128
9293 4370
9294 4275
9291 6642
9296 4571
9295 5162
9298 5614
9297 5810
9299 3171
9301 697
9302 5900
9303 5547
9304 6528
9305 7796
9306 8182
9307 4060
1116 8363
9308 241
9309 7358
9310 3480
9311 4942
9312 2288
9313 967
9314 1596
9315 5235
9316 8621
9318 2723
9319 1810
9320 398
9321 7567
9322 3572
9323 1518
9324 4832
9325 6433
9317 4301
9327 6268
9328 3146
9329 3390
9330 3671
9331 7751
9332 6922
9333 1361
9334 4979
9335 2732
9336 1732
9337 8753
9338 1314
9339 5354
9340 6043
9341 7398
9342 3924
9343 899
9344 8810
9345 3514
9346 4981
9347 6840
9348 5987
9349 6229
9350 2827
9351 2252
9352 9125
9353 6258
9354 4238
9355 6027
9356 7542
9357 8191
9358 7938
9359 5154
9360 595
9361 5723
9362 7213
9363 7830
9364 7224
9365 616
9366 8842
9367 8726
9368 5277
9369 5315
9370 5501
9371 1292
9372 7215
9373 2721
9374 5798
9375 5825
9376 5836
9377 5187
9378 2375
9379 5380
9380 1046
9381 1236
9382 2218
9383 8718
9384 7425
9385 5950
9386 4697
9387 6971
9388 6083
9389 6930
1195 1990
1198 5003
9390 5200
1201 9146
1202 8203
9395 7139
9391 1774
9392 4347
9398 8397
9399 2223
9400 3232
9401 7987
9402 8602
9394 6481
9396 5678
9397 7819
9406 8020
9407 4034
1216 6931
9403 6565
9410 5287
9404 8901
9405 8088
9408 80
9409 4509
9411 2884
1224 3560
9412 1553
9413 180
9414 1163
9415 3094
9416 5572
9422 5739
9417 6637
9418 7855
9419 2787
9420 6036
9421 6482
9423 1599
9424 4025
9425 8575
9426 2762
9427 2107
9428 7190
9429 5075
9430 7662
9431 2926
9437 84
9432 5877
9433 5100
9434 4696
9435 7384
9436 4332
9438 5405
9444 4344
9439 470
9446 8437
9447 8739
1254 2201
9440 8168
9441 4287
9442 7520
9443 7112
9445 1884
9448 2218
9449 6065
9450 3566
9451 7964
9452 2344
9453 6370
9454 3030
9455 4992
9462 4530
9456 657
9464 3673
9457 489
9458 4693
9459 7199
9460 3344
9461 3531
9470 4379
9471 1462
9463 7988
9465 8685
9466 1465
9467 6347
9476 2832
9468 9047
9469 4175
1287 2432
9480 8879
9472 50
9482 7839
9474 7472
9475 6925
9477 190
9478 4574
9479 4670
9481 1847
9483 8087
9484 3024
9485 2856
9486 9108
9493 2248
9494 3422
9487 6412
9488 1446
9489 2526
9490 6170
9491 7817
9492 5745
9501 3345
9495 4043
9496 4061
9497 286
9498 3213
9506 9148
9499 5130
9500 3298
9502 8359
9503 2276
9504 7532
9512 9126
9505 8836
9514 6393
9515 7688
1323 881
9508 2338
9509 3067
9510 7589
9511 1333
9513 3372
9522 8280
9523 4362
1332 8864
9516 2403
9517 5957
9518 3117
9519 3008
9520 7798
9530 362
9531 3956
1339 5155
9533 5730
1340 3383
9526 7561
9527 6202
9528 8964
9538 8102
1347 6372
9532 1952
9534 1022
9542 5006
1350 8944
9535 6541
9545 8093
9537 3570
9539 6693
9540 6956
9541 8633
9550 5006
9543 447
9544 1259
9553 80
9546 4967
9547 6977
9548 4734
9549 2024
9551 718
9559 1132
9552 7417
9554 8186
9562 1172
9563 5473
9555 885
9556 3562
9557 8129
9558 4610
9560 2822
9561 1158
9564 8437
9565 8153
9568 4099
9569 5567
9570 6756
9571 7105
9576 4789
9572 5982
9573 3080
9574 1577
9575 5491
9577 7243
9578 8716
9579 4417
9580 8370
9581 3690
9582 5707
9583 4400
9584 4968
1397 2088
9590 613
9591 4817
9592 5833
9593 6018
1402 1701
9595 5823
9596 1590
9597 6788
9598 3281
9594 7141
9600 7190
9601 6749
9599 8143
9603 3563
9604 5523
9605 8262
9606 2312
9607 2384
9608 4376
9609 3903
9610 5068
9611 7370
9612 6056
9613 7070
9614 3233
9615 5492
9616 3402
9617 7441
9618 8234
9619 704
1424 6665
9620 7331
9622 8172
9623 1923
9624 6528
9621 7913
9626 3635
9627 2275
1434 6376
9625 3650
9628 1671
9629 4944
1440 3461
9630 6537
9631 1561
9632 2795
9636 1144
9633 991
9638 903
9634 6768
9640 7211
9635 8160
9637 7431
9639 198
9641 1296
9642 400
9646 6127
9643 6510
9644 8089
9645 6183
9650 6303
9648 718
9649 8570
9653 4349
9654 3226
9655 5994
9656 2215
9657 5583
9658 1443
9659 5648
9660 8058
9661 4613
9662 716
9663 4589
9664 7858
9665 3468
9666 2840
9667 3647
1476 3115
9669 5648
9668 2761
9670 6194
9671 4936
9673 8205
9674 7398
9672 1753
9675 4619
1485 4975
9676 7582
9679 5250
1488 8930
1489 8644
9680 2050
9682 8119
9677 5462
9685 2233
9678 5932
9681 3941
9688 531
9689 5584
9683 6784
9691 1436
9684 2417
9693 2918
9686 705
9687 3559
9690 111
9692 3947
9698 3491
9699 8414
9700 3449
9701 4339
9694 3816
9695 7285
9696 619
1513 4927
9706 2635
9702 1455
9708 7721
9709 6819
9710 8455
9711 8526
9703 8539
9704 5044
1522 647
9707 4222
9712 2147
9713 8062
9714 8749
9719 6944
9720 7735
1529 7399
9721 873
9723 3762
9724 1628
9725 4310
9726 303
9718 826
9722 8448
9727 3026
9728 1169
9729 2496
9730 2682
9731 8290
9734 1714
9735 1420
9732 7543
9733 4631
9738 3845
1547 5768
9739 3834
1549 5036
9736 6143
9737 8006
9740 8500
9741 5973
9746 5188
9742 1100
9748 6997
1557 2397
9750 4710
9751 6987
9743 3977
9744 6560
9754 448
9755 8960
9747 338
9749 3995
9758 2753
9759 3947
9760 2656
9761 928
9753 3867
9756 638
9757 681
9765 7871
9766 4172
9762 2197
9763 4829
9764 8792
9770 542
9771 4581
9772 2554
9773 5887
9774 80
9775 6012
9776 1212
9777 4857
9778 4854
9779 1406
9780 5142
9781 314
9782 8978
9783 1894
9784 5485
9785 5860
9786 3135
9787 4562
1595 2553
9788 5595
1598 7293
9789 4802
9790 4412
9791 6372
9792 7713
9793 5983
9794 6286
9795 5701
9796 7377
9797 7098
9798 4903
9799 3603
9800 2698
9801 1141
9802 4758
9803 1737
9804 525
9805 5839
9806 4399
9807 6013
9808 1614
9809 4041
9810 7813
9811 8151
9812 33
9813 8913
9814 604
9815 218
1626 6044
9816 4644
9817 8844
9818 6602
9819 5097
9820 2001
9821 4026
9822 6860
9823 2736
9824 6363
9825 6969
9826 7544
1638 5989
9827 2937
9828 6562
9829 752
9830 7521
9831 2155
9832 2078
9833 3317
9834 461
9835 6619
9836 5944
9837 8556
9838 694
9839 3392
9840 3589
9841 3116
9842 2289
9843 7097
9844 4394
9845 3355
9846 913
9847 3314
9848 4424
1661 5765
9849 8601
9850 2407
9851 1987
9852 6431
1666 776
9853 3414
9854 1889
9855 798
9856 3891
9857 4882
9858 7104
9859 4311
9860 2572
9861 4693
9862 6341
9863 6261
9864 6355
9865 8462
9866 2422
9867 4435
9868 115
9869 4460
1684 430
9870 4824
9871 3716
9872 6870
9873 8407
9874 5434
9875 5576
9876 8287
9877 3846
9878 5819
1694 3945
9879 4122
9880 3930
9881 1882
9882 4261
9883 2355
9884 5437
9885 7643
9886 7017
9887 6197
9888 8368
9889 5348
9890 4929
9891 4141
9892 4125
9893 410
9894 6613
9895 3661
9896 3367
9897 8809
9898 528
9899 3725
9900 5860
9901 3722
9902 195
1719 6752
9903 700
9904 2538
9905 5690
9906 3491
9907 7023
9908 8528
9909 2547
9910 6082
9911 8049
9912 3019
9913 822
9914 2175
9915 1122
9916 590
9917 7910
9918 2025
9919 8158
9920 3607
9921 654
9922 567
9923 2522
9924 4289
9925 7267
9926 3513
9927 547
9928 7255
9929 6391
9930 867
9931 4319
9932 4623
9933 1255
1751 6453
9935 6831
9936 7987
9937 6208
9938 2282
9939 5123
9940 1013
9941 7037
9942 315
9943 8421
1761 3073
9945 8203
9946 8256
9947 1868
1765 8524
9949 5766
9950 2066
9951 7605
1769 7216
9953 732
9954 3291
9955 5550
9956 4367
9957 7377
9958 2924
9959 6988
1777 8846
9961 6136
9962 2411
9963 5461
1781 6439
9965 8190
9966 6729
9967 867
9968 3361
9969 1168
9970 7435
9971 8453
9972 7286
9973 7115
9974 3163
9975 3205
9976 8475
9977 7669
9978 8427
9979 7444
9980 688
9981 324
9982 5771
9983 4049
9984 3839
9985 7812
9986 3876
9987 2661
9988 6587
9989 4328
9990 4143
9991 1973
9992 957
9993 652
9994 8373
9995 7428
9996 8790
9997 6128
9998 9176
9999 8884
1831 7684
1833 1808
1854 6079
1875 4078
1896 7101
1904 2980
1926 8225
1980 7112
1981 7975
1993 6225
2027 7136
2030 6170
2034 8913
2054 5516
2070 1971
2091 4981
2102 3916
2114 474
2138 1481
2152 1264
2153 2959
2163 675
2187 6268
2195 4930
2198 8228
2270 8304
2271 6427
2317 1484
2360 7790
2364 6378
2380 312
2390 4131
2439 4060
2443 4124
2499 5535
2541 7831
2543 8870
2548 7307
2587 5230
2591 8248
2594 2344
2622 4021
2653 6276
2655 8218
2690 4865
2709 3147
2731 7019
2744 1828
2803 4007
2804 5486
2836 8536
2889 7156
2907 1836
2914 4666
2930 375
2939 6604
2941 2918
2958 5618
2970 8059
2994 2281
3015 2496
3023 250
3035 3083
3039 6946
3048 2886
3052 2592
3109 4577
3111 7199
3112 5837
3121 6323
3124 8491
3162 3929
3230 1601
3275 1952
3329 8202
3335 4666
3358 2936
3359 6438
3366 8341
3415 4824
3445 9176
3452 2214
3484 2244
3487 5326
3503 501
3535 2937
3543 9058
3557 290
3579 6798
3582 1005
3594 9155
3596 6454
3614 3185
3618 5536
3632 269
3637 7609
3660 3979
3679 4729
3698 5906
3765 6891
3770 8467
3812 8135
3837 1925
3858 4041
3881 6248
3909 292
3938 7574
3949 1205
3951 7003
3958 8217
3972 8308
4009 5170
4012 8167
4020 7775
4022 829
4027 2926
4075 267
4085 1701
4087 6747
4092 609
4101 679
4132 227
4167 8881
4176 2139
4186 423
4195 8298
4199 3800
4205 6674
4221 5453
4247 921
4274 9025
4312 3792
4316 7399
4323 5632
4340 1496
4363 2191
4365 1297
4378 3184
4382 2171
4392 6910
4396 6218
4397 8075
4407 4923
4410 2265
4452 4687
4456 114
4466 2475
4501 5585
4538 1008
4543 1888
4572 8702
4576 5714
4591 7638
4601 4755
4609 146
4618 5534
4656 5376
4659 3628
4662 4621
4665 8753
4674 2068
4707 1135
4785 710
4834 5213
4868 929
4889 1578
4905 3334
4926 2316
4953 3314
4963 6581
4982 3572
5020 8123
5023 248
5046 8244
5053 4341
5054 774
5109 5614
5161 103
5178 998
5192 2471
5229 462
5300 920
5311 6032
5313 8429
5357 2685
5393 4251
5395 2996
5443 8056
5466 6119
5472 1450
9233 8624
5499 673
9234 2313
5563 4738
5596 1188
5616 6918
5649 8887
5660 4738
5669 1236
5676 8277
9272 3096
5704 4484
9279 6457
5733 4301
5760 5173
5796 5289
5801 6687
5817 7283
5831 3132
9300 8973
5844 7677
5845 7861
5851 1714
5855 2365
5889 2772
5895 8791
5898 1016
5917 423
5936 878
5940 5631
9326 236
5970 7253
5980 5451
5998 5434
6010 8274
6011 5803
6014 3295
6024 4689
6035 8338
6039 2806
6051 6257
6054 382
6058 2595
6064 2250
6066 7215
6071 2797
6089 5941
6090 1073
6094 1774
6099 6954
6100 5524
6106 6354
6107 2692
6108 8814
6123 6478
6144 5082
6175 6824
6180 589
6216 1604
6217 4595
6237 2872
6279 6095
6290 6315
6299 2937
9393 3944
6307 6246
6313 419
6327 5017
6338 2545
6350 8290
6352 5397
6375 3416
6404 786
6415 8265
6417 1929
6422 4253
6430 1509
6440 6710
6443 249
6444 1596
6446 1358
6460 9055
6468 2073
6497 5877
6498 6355
6501 4224
6515 6780
6517 4840
6520 9038
6539 2149
6540 1528
6546 4166
6553 796
6563 2035
6566 3360
6568 7917
6580 6168
6582 642
6595 7664
6600 5453
6607 358
6609 5441
6614 8396
6615 1058
6656 6028
6657 6258
6662 5101
6670 1988
6683 5692
6684 724
6685 8198
6695 2176
9473 4296
6725 6160
6732 3992
6750 3733
6757 422
6763 5705
6775 6658
6778 1164
6786 4029
6791 6640
6792 4100
6816 8889
6857 686
6858 7042
9507 6706
6875 5860
6908 6147
6919 3526
9521 5322
6950 3663
6957 2568
6958 6008
9524 5603
9525 1206
6972 1108
6981 7820
9529 6577
6991 3983
7015 2953
9536 8669
7038 8940
7046 3956
7053 4420
7060 2451
7072 5723
7081 7292
7092 2413
7096 4025
7108 8642
7164 5413
9566 8210
7172 8828
9567 1511
7181 8904
7185 3243
7191 1311
7193 8275
7194 1479
7220 7808
7233 311
7235 3203
7244 8796
7250 8880
7252 813
7256 5576
7261 1226
9585 2010
9586 5598
9587 3235
7277 4434
9588 6426
9589 1491
7287 81
7306 5204
7318 215
7319 6221
7320 5757
7325 2051
7327 8167
7330 3029
7335 5025
7344 8543
7347 1113
7348 4532
7350 1367
9602 4254
7356 5153
7360 5960
7363 1365
7367 7042
7383 6948
7407 7260
7408 5931
7423 3800
7437 5481
7473 5516
7475 637
7499 1183
7503 7956
7506 7035
7523 3894
7524 7192
7527 1455
7541 1131
7555 7484
7560 8862
7577 236
7578 8476
9647 1051
7585 229
7587 6114
9651 8704
7601 2043
9652 3834
7608 3794
7611 1792
7626 7732
7636 5270
7642 986
7645 9095
7647 5633
7651 9160
7655 3184
7656 1411
7663 1919
7676 3085
7702 3864
7706 7918
7728 3541
7730 6116
7738 669
7742 3031
7763 6936
7770 3132
7781 7607
7792 4915
7805 1445
7822 1307
7826 8647
9697 6598
7837 7605
7841 1989
7847 3952
7851 5822
7868 6385
7869 2474
9705 1131
7878 6555
7885 3831
7889 1573
7893 6704
7902 8531
7908 8554
9715 4489
9716 6547
9717 5846
7933 6610
7951 5475
7966 4663
7968 3803
7982 6002
7992 7049
8012 488
8029 1137
8045 7163
8052 7618
8053 2515
9745 8825
8082 4269
8086 837
8096 2963
8105 2267
9752 5908
8108 6931
8114 7913
8117 7801
8147 4809
8157 7895
8162 6495
9767 397
8184 6260
9768 3967
8189 865
9769 78
