6601 146
499 114
9169 16
8132 6
3134 214
8038 388
8416 13
4752 146
2853 65
8494 39
8559 153
829 158
7991 348
2143 164
8125 107
2954 15
6528 46
8602 19
5952 2
7954 33
235 563
8327 484
3667 309
8589 46
9394 32
5039 38
7616 252
9359 582
8633 19
5208 404
8761 32
1822 110
8030 52
6423 33
2116 126
5 1737
11 6016
8209 8141
19 6861
27 4403
30 1046
8226 8819
39 9510
8239 7
8245 6510
8249 438
62 7134
8256 4517
8260 4043
8261 4879
72 6577
8265 8295
85 5933
89 350
8283 7446
98 4322
8291 5590
8293 8332
8301 5242
110 882
122 8773
124 4256
8316 8433
8318 4043
8333 6180
155 4882
159 4688
8363 3685
175 1432
177 9458
8387 6197
9808 5372
199 7548
206 3816
8399 1269
210 8737
9813 1772
8414 985
8417 1099
8419 1563
8421 6140
238 2227
8436 8650
246 4770
8439 6573
8441 4210
256 851
261 7632
262 6697
263 1903
8455 568
8459 2497
8461 411
8462 1666
271 428
8466 8614
9824 3268
277 2954
8472 8744
8476 7660
285 8033
8478 991
8482 4137
8486 4989
9828 2223
8493 1263
306 2747
311 9407
8508 7090
325 5273
346 6753
9838 881
9840 5598
8552 4392
8553 5133
8564 7494
8568 3801
8579 2358
388 2177
414 4175
8611 629
421 3575
8622 4315
435 3368
8631 3262
8635 130
445 2117
452 7394
8652 1869
8654 6668
463 4506
464 4700
485 4210
492 539
8685 1866
8687 2447
8688 2054
9869 714
8698 3340
9870 2649
508 4913
9872 1997
530 4709
9875 1011
538 345
8731 6059
8734 399
546 880
8741 1165
8749 4033
561 9311
564 8338
565 6830
8766 4372
8769 8158
596 8955
607 3836
617 6153
8812 7638
8814 7450
8816 1589
8822 6803
631 5266
639 1488
8836 2703
8841 944
8845 6653
8846 7917
657 5067
8853 6656
8854 3487
663 937
667 3941
8859 8641
673 5076
8883 6385
700 2653
8895 3164
706 3301
712 5757
716 1616
8908 8027
718 2075
721 5758
724 2964
725 96
8918 8152
730 146
736 1637
738 1393
8931 8036
9916 3504
8947 8953
757 8350
760 6929
8958 4329
767 2679
9922 3159
787 6244
8984 3155
793 691
9927 7283
8987 8404
8988 5463
8992 3745
9004 4402
9006 1137
817 4849
9009 2731
9010 4337
9022 2503
845 1932
848 7275
852 3300
9053 868
9056 704
865 2037
869 4440
9062 3658
873 3606
9065 9270
879 8788
9071 4286
901 2551
906 6753
9102 7249
9103 8445
919 8237
9111 4320
9126 5819
941 7198
952 621
958 5899
995 3877
1035 937
9982 1982
9983 4183
1079 7328
9984 292
9275 6681
1086 1005
9985 2300
9283 378
9287 8599
1100 7228
1106 5168
1110 800
1115 5563
1117 978
9310 3514
9340 4668
9357 3658
1166 9307
9358 1800
9361 6738
1188 9481
9397 5915
1209 5312
9403 5793
9426 3974
1241 5494
1244 8919
1249 3754
1256 209
9470 2394
9473 291
1291 2759
1296 2169
9492 7920
9494 3487
1308 4431
1311 6428
1312 9067
9527 665
9529 7920
1340 3488
9542 1588
1356 4538
1362 3214
9560 7719
9561 474
1371 604
9568 4148
9569 3210
9570 866
9574 3014
9577 2277
1391 5862
1394 6072
9587 7778
1397 4123
1402 8088
9600 8495
9608 1361
9613 7826
1422 3534
9614 9147
9615 4595
9616 2519
9617 8074
9618 5798
9620 2887
9621 8471
9619 9575
9623 5939
9624 6851
9625 7108
9626 6337
1434 4084
9622 4592
9629 5266
9630 3044
9627 4143
9628 8938
9633 241
1441 4354
9631 1388
9632 5023
9634 523
9635 6111
9639 4305
9640 2336
9641 6508
9642 4406
9643 748
9644 2590
9636 5672
9637 1640
9638 7653
1456 7062
1457 2652
9645 6521
9646 9198
9647 1275
9648 1414
9649 4265
9650 6495
9651 4395
9652 7519
9653 690
9654 7744
9655 8351
9658 9216
9659 8512
9660 3439
9656 4627
9657 6179
9661 9190
9667 8851
9662 2582
9669 8355
9670 689
9671 8825
9672 6476
9673 9191
9665 3490
9675 1250
9676 1692
1485 6294
9677 6495
9678 4303
9679 6497
9680 6238
9681 5836
9682 9395
9684 190
9683 3904
9685 2818
9686 4629
9687 7445
9688 4650
9689 8890
9690 1414
9691 258
9692 6758
1502 6561
9693 5699
9694 1540
9695 8501
1506 923
1507 3001
9700 5353
9701 5225
9696 6351
9697 6748
9698 7287
1513 5531
9699 1160
9702 5824
9703 2315
9709 4407
9710 3875
9711 5651
9704 5564
9705 5274
9706 5330
1523 6017
9715 3613
9716 1446
9717 6957
9718 2368
9719 9368
9720 5034
9721 8748
9723 4100
9724 2365
9725 8307
9726 7249
9727 1346
9728 4988
9722 6929
9729 685
9730 111
9731 5793
9732 4756
9733 334
9734 7076
9735 8037
9737 3586
9736 9033
1547 2959
9740 3747
1549 2053
9741 8280
1551 5864
9744 3869
9745 5415
9746 6135
9747 831
9739 2159
9749 3346
9742 5772
1559 7439
9743 77
9753 7641
9754 867
9748 6177
9750 5241
9757 6647
9758 3782
9759 33
9751 2577
9752 6057
9755 541
9756 4157
9760 6968
9765 9162
9766 9218
9761 764
9768 2856
9769 2190
9770 9378
9771 8178
9772 2915
9773 8340
9774 2555
9775 1216
9776 436
9777 7137
9778 5817
9779 1527
9780 938
9781 2890
9782 5816
9783 5953
9784 642
9785 7193
9786 6498
1595 3577
9787 268
9789 6805
9790 7556
9791 8313
9788 2455
9792 4442
1602 775
9793 1302
9794 7993
9797 1384
9798 2196
1606 6493
1607 5509
9801 1102
9802 2208
9795 5850
9804 5365
9796 8098
9806 6594
9807 6882
9799 9579
9800 2658
1618 1691
9803 6080
9812 6636
9805 7357
9814 5262
9815 9330
9816 3302
9817 7224
9809 1514
9810 4998
9811 5524
9821 4642
9822 9262
9823 1641
1632 447
9825 6497
9818 2851
9827 3294
9819 3644
9820 4481
9830 3100
9831 6736
9832 8515
9833 5389
9834 4323
9826 8633
9836 5575
9837 4183
9829 7187
1647 6737
9835 4613
9841 2645
9842 4948
9843 8479
9844 1670
9845 723
1651 7024
9847 4415
9839 8404
9849 6179
9850 2349
1658 5190
9852 6261
9846 3333
9854 9309
9848 6131
9851 43
9857 6703
9853 2701
1667 6593
9855 6756
9856 8227
9858 3798
9863 2696
9859 2422
9860 4533
9861 7703
9867 5278
9868 5694
9862 56
9864 2080
9871 8326
9865 5500
9873 3576
9874 3936
9866 9152
9876 741
9877 7020
9878 7505
9879 5814
9880 7772
1688 5606
9882 8764
9883 8615
9884 6695
1693 1690
1694 1531
9881 396
9885 6095
9889 2469
9886 1325
9887 5704
1700 2029
9893 5205
9888 9297
9895 2098
9890 4546
9891 7292
9898 5351
9892 5792
9894 4967
9896 7126
9897 8356
9903 5134
9899 9482
9900 8774
9901 9
9907 7612
9908 818
9902 6119
9904 1780
9905 3458
9906 1835
9913 8515
9914 7029
9915 2144
9909 8388
9910 6462
9918 6204
9919 5026
9911 5807
9912 5810
1730 179
9923 1016
9924 4910
9925 822
9917 119
9920 2572
9928 3869
9929 6079
9921 4548
9931 5832
9932 5435
9933 5853
9926 4182
9935 372
9936 9430
9930 6616
9934 4159
9937 3315
9940 6861
9938 3016
9942 71
9943 8222
9944 5950
9945 9031
9939 1232
9941 6910
9948 3131
9946 4864
9947 49
9949 3582
9950 3704
9953 1121
9954 379
9955 5073
9951 5360
9957 5268
9958 8379
9952 1037
9956 1484
9959 3450
9960 2342
9961 1522
9962 1948
9965 1203
1774 5355
9963 6315
9968 3858
9964 8408
9966 6442
9971 541
9972 6463
9967 7387
9974 7129
9969 558
9970 7604
9973 6768
9975 9045
9976 4742
9977 8120
9981 6960
1789 1504
9978 3735
9979 1182
9980 9487
9986 5356
9987 5994
9988 258
9989 5310
9990 2267
9991 7943
9992 827
9993 2125
9994 2803
9995 6398
1798 3676
1803 396
1805 8210
9996 4716
9997 8361
9998 7164
9999 569
1812 4312
1831 4211
1847 7118
1854 7479
1864 9537
1887 2434
1892 4330
1914 365
1942 1670
1965 193
1984 6623
2005 6533
2014 2220
2015 2979
2018 1218
2020 3958
2060 3861
2070 4961
2073 4828
2081 3913
2095 5013
2102 366
2126 551
2129 4349
2130 3993
2133 2322
2139 662
2150 9057
2151 9335
2152 5951
2197 7794
2201 5930
2203 6935
2204 4289
2234 2597
2252 4210
2256 1901
2261 6482
2262 7490
2270 5567
2281 1048
2306 5344
2316 7567
2329 3246
2345 1003
2351 7548
2360 1734
2362 4774
2372 8336
2380 9590
2390 7307
2404 592
2423 2220
2427 327
2454 3283
2473 4985
2481 7939
2513 4997
2515 6261
2525 8389
2534 3968
2580 2483
2588 6850
2609 6380
2647 9589
2685 3205
2686 429
2690 971
2729 5441
2734 5054
2760 7528
2775 1124
2781 1861
2783 1599
2841 3543
2842 816
2844 2458
2847 5229
2907 7921
2916 1927
2921 6388
2943 3928
2946 7222
2988 1679
2993 4799
3000 3475
3003 527
3028 6565
3032 887
3035 6791
3039 9296
3042 6841
3052 6447
3067 3567
3074 7393
3078 4943
3109 4525
3110 4132
3112 9036
3120 654
3124 6749
3127 9306
3162 1792
3171 8243
3190 3488
3201 2923
3209 9131
3212 8137
3217 7111
3228 1709
3233 45
3247 5943
3250 6751
3253 158
3255 8677
3263 4431
3287 1136
3310 6770
3317 756
3339 6433
3350 8711
3353 3014
3359 9434
3479 6821
3505 4086
3550 8351
3557 8353
3562 3843
3568 2216
3579 7237
3594 4050
3603 129
3608 4014
3615 8298
3628 9370
3629 2134
3632 745
3637 5650
3656 4358
3671 6453
3690 9039
3714 3027
3742 3026
3783 687
3794 9496
3796 8324
3819 2948
3822 3021
3854 2964
3883 8140
3909 4113
3915 8072
3924 9199
3946 4554
3949 7131
3970 7648
4006 5407
4031 3925
4041 1292
4055 9585
4074 8274
4079 4433
4085 3840
4091 3987
4104 7816
4126 6321
4128 581
4129 3156
4144 7698
4166 469
4167 8926
4190 9063
4195 1189
4252 4607
4269 5327
4276 2051
4292 739
4294 7738
4313 7421
4335 4829
4356 2425
4359 886
4361 7511
4375 8372
4378 4583
4386 2028
4387 964
4404 2175
4428 9468
4429 298
4438 4718
4452 4744
4461 7761
4492 4873
4553 8369
4591 9249
4600 7622
4643 7371
4648 1849
4659 8304
4664 4696
4674 1601
4708 7675
4725 4003
4726 8890
4738 3643
4741 7695
4746 1799
4747 7379
4757 4765
4759 881
4760 7900
4768 4865
4772 2044
4777 4860
4802 5839
4804 1372
4812 4033
4833 5990
4844 1231
4846 5570
4896 6721
4902 8666
4940 6735
4956 3586
4963 2652
4974 1878
4987 4903
4990 8413
5020 2890
5022 202
5025 1427
5030 3161
5032 4327
5052 8965
5065 3543
5074 670
5108 465
5109 5186
5113 9027
5116 1417
5174 2278
5192 6300
5220 7746
5227 6210
5230 8738
5245 7944
5279 9161
5285 1873
5300 1385
5311 9160
5320 9124
5322 2812
5326 7
5332 645
5339 2480
5352 8871
5357 3380
5363 7193
5377 2159
5383 8964
5392 7387
5398 6437
5402 5036
5418 5756
5424 6726
5439 837
5448 6823
5475 4571
5478 7961
5480 2433
5484 6726
5493 126
5496 4426
5499 3648
5521 3131
5523 4054
5529 8546
5533 151
5534 3810
5576 7018
5587 1189
5596 5098
5607 5617
5610 4569
5615 4652
5626 5374
5644 3036
5646 6187
5649 6916
5652 7925
5663 9392
5673 8514
5727 2391
5736 7711
5743 2618
5744 8961
5749 3784
5754 379
5786 1976
5796 2566
5808 4645
5828 5858
5838 5560
5844 1966
5848 2123
5855 334
5857 4348
5867 656
5878 5836
5884 46
5902 366
5907 722
5912 8448
5917 8963
5931 8898
5940 779
5942 2805
5957 8485
5964 412
5969 5633
5985 5048
6023 1636
6024 8185
6030 5294
6045 8919
6051 7225
6066 3613
6067 5479
6090 9558
6097 5117
6105 6576
6106 1563
6112 978
6126 3435
6133 4109
6137 7126
6142 8817
6144 1976
6181 1976
6185 5599
6186 4998
6195 4325
6207 2149
6252 5237
6269 2450
6270 195
6288 5070
6301 6436
6302 473
6307 4954
6313 6860
6316 4797
6328 1171
6336 3220
6349 1365
6356 7648
6359 1997
6365 7922
6379 899
6392 322
6411 6342
6415 3341
6430 7722
6438 6637
6443 1305
6446 3589
6452 9345
6456 5338
6461 6722
6472 4549
6509 1735
6515 7659
6516 7345
6517 2934
6519 3899
6532 894
6536 3486
6566 5701
6571 3528
6583 1747
6595 5772
6600 4214
6609 146
6614 1439
6618 5703
6632 3863
6649 4565
6652 4835
6662 7003
6675 8366
6683 1194
6702 5218
6712 5455
6717 7035
6723 8920
6731 3043
6747 4633
6750 3597
6764 7608
6793 6158
6796 4348
6799 4264
6804 3981
6813 1392
6818 4146
6835 2928
6840 6464
6849 6306
6878 476
6887 3221
6891 1528
6893 828
6897 7138
6908 4642
6919 6715
6930 922
6936 3252
6955 8796
6972 275
6981 6901
6991 7332
7001 8560
7006 4289
7015 5429
7028 3306
7046 3930
7053 317
7056 9196
7057 1009
7066 5185
7107 698
7125 6828
7128 5836
7152 8986
7154 3128
7159 8013
7170 4115
7172 7354
7184 8943
7205 2235
7223 2326
7226 6099
7244 78
7250 3473
7262 4196
7295 1192
7298 187
7303 4314
7314 4456
7319 2565
7324 2471
7335 6573
7339 8067
7342 9311
7348 5276
7350 1865
7351 8257
7352 8307
7353 407
7363 715
7370 9450
7378 2649
7383 4293
7385 7025
7388 4368
7407 5151
7408 4213
7416 1994
7426 1185
7431 9365
7436 934
7438 5695
7453 9321
7458 3894
7461 8526
7467 7683
7468 351
7475 4182
7477 6360
7496 7641
7514 9454
7524 1576
7535 8343
7541 1326
7555 1601
7564 7671
7566 1704
7569 2598
7580 8054
7584 188
7585 7373
7587 2961
7590 8111
7591 3027
7594 666
7601 1186
7603 3936
7605 1766
7614 4503
7618 7853
7623 9520
7625 3805
7626 5772
7646 7446
7647 6372
7651 2419
9663 7156
9664 7243
7666 6520
7668 51
9666 2012
9668 2887
7693 491
7709 7136
9674 4101
7716 5668
7717 835
7721 7035
7723 3072
7743 7423
7745 7539
7759 8025
7763 1739
7765 8064
7775 9506
7782 6362
7803 7880
7805 3805
7815 7231
7828 5432
7837 8989
7843 7509
7850 5058
7868 7241
9707 1699
9708 7905
7885 2119
7889 5040
7894 2278
7897 8367
7901 9202
7903 7429
9712 7582
9713 5440
9714 7934
7929 1870
7935 288
7948 2663
7951 1093
7953 3881
7955 1543
7963 3384
7964 3805
7971 8290
7975 4018
7989 4496
7994 6272
8012 6034
8029 6296
9738 4821
8039 9440
8045 844
8046 1713
8065 1751
8090 8174
8092 5193
8096 4662
8101 2415
8112 5713
8117 5933
8121 7552
8124 599
8142 9388
8143 5304
9762 6255
8157 7526
8159 2740
8161 14
8162 3252
9763 237
9764 5125
9767 7111
8189 8526
