2113 243
9323 334
8110 64
6731 32
8605 5
290 143
1673 147
5341 5
995 595
3495 19
8668 72
7290 142
5333 32
3669 6
7689 72
8435 154
9674 32
5475 644
189 114
5941 33
9505 13
7066 158
8448 91
4689 15
9576 35
3783 158
9276 19
9712 46
8071 148
9378 243
9508 33
8643 595
7044 72
200 19
8667 239
8970 33
4032 195
5391 32
6999 356
5838 312
8659 148
6892 15
9183 104
9224 137
2547 7
25 944
8194 4677
5 1564
8210 361
27 5582
8219 5401
8221 1196
8224 1212
39 2927
8234 2033
8245 6980
8257 4363
8258 6030
8261 8154
72 1843
8265 3197
8267 7876
83 7732
84 9023
85 5323
107 7993
110 9336
8303 8710
116 3684
122 8603
124 5120
8318 2839
8323 2093
132 4724
8327 2468
8328 8211
143 9078
8335 2142
146 6347
8344 6357
155 4699
8351 7052
8363 862
178 8641
8382 1429
199 1624
8392 8627
206 5093
214 5726
217 8032
8412 7121
222 9371
223 3288
8416 2821
8421 2069
8422 4420
235 1536
238 1360
246 2114
8438 7965
248 5897
8440 5366
8447 2287
256 4435
261 418
266 4596
8459 6535
271 7135
8464 3466
277 8757
8470 4384
8472 8476
8484 9254
8493 3784
8494 888
8496 5672
306 5953
8505 3486
8508 748
8512 1273
325 8568
8524 7896
8528 7510
345 314
346 761
8537 4828
8548 2047
358 5216
8553 4906
8556 7510
366 8568
367 5435
8558 7918
8559 4043
9842 8880
8564 6680
8566 7431
380 3317
8572 749
8573 837
8589 7827
400 1863
8592 2547
405 1309
408 4274
8602 9386
8611 1548
421 5168
8613 8478
427 7144
8625 1665
435 8443
8631 4218
8632 3273
8633 7365
445 5178
8640 2949
449 5455
452 1215
8646 9562
458 7645
8654 364
463 7903
8665 2911
474 8443
485 75
8682 3732
8685 884
8689 3942
499 9442
501 5814
8693 7316
8697 3919
515 1039
521 139
9874 3766
8727 2083
543 1993
546 5900
8741 6798
8743 7497
8744 8997
8747 2147
564 7078
565 6991
8761 5484
570 6224
8762 3876
8763 9294
8764 1457
8765 8787
8775 6873
8778 4590
8784 3033
596 687
600 4199
8801 7836
8802 5375
626 8241
8820 9410
639 3313
8835 8539
8845 2629
656 6740
8848 5778
662 3683
8854 3317
665 7331
666 6270
667 6245
668 7040
8861 9272
673 6031
679 1721
8872 5513
8877 4474
8878 3494
691 2161
8886 6873
706 8384
712 8857
8906 8273
9912 9655
721 4432
8913 1404
8914 3238
724 9366
8915 7287
8918 7454
9913 921
9914 7210
731 9723
8927 5511
736 3009
8928 5842
8931 7726
8934 545
744 7315
8937 6804
747 9342
8940 1734
754 9438
8950 4843
763 4724
8957 9206
767 1341
8963 5161
8964 5414
8976 9713
787 1926
8983 4817
793 3179
8985 3329
798 3243
9928 8204
8992 7499
9929 234
9004 9541
815 2671
817 5056
824 3851
829 711
848 5227
852 8770
856 6597
857 6804
9051 7134
9053 4828
866 6763
873 4809
9065 1494
9066 2606
879 7850
881 2676
9074 8456
883 5910
9076 630
9098 1000
914 5271
9106 2252
917 8059
934 80
936 5274
9132 303
9137 4599
9141 5544
9148 1058
9149 8387
967 642
9159 9013
9164 5117
9169 6178
980 2547
984 2490
9177 1620
990 242
9191 8759
9194 6610
1009 2071
1016 5941
1019 7792
9213 4019
9217 378
1029 8782
9222 9024
9223 2137
1037 2396
1067 8471
9260 4351
9263 6101
9273 6395
1086 4275
1100 8268
1115 9421
9312 1082
9319 575
9322 172
1134 4325
9330 8513
1140 8379
9338 8246
9343 4708
1154 2154
1159 472
9351 8737
9352 8809
9354 8233
9357 2768
9358 5712
9359 5603
1170 4938
1172 6320
9383 8842
1192 6478
1194 4808
9394 6937
1211 5212
9406 6069
9409 5737
9414 3933
1227 2155
9427 9621
1256 1228
9457 8753
1266 1956
9465 5136
1278 7531
9470 5159
9472 5739
9480 3275
1291 2275
1298 1060
9492 6992
1308 148
9503 304
1326 4824
1332 3179
1340 6596
1344 1380
1350 2225
9545 8943
1354 2691
9552 1171
9553 8808
1368 6084
1371 3312
9567 1300
1379 4294
1382 5629
9580 8312
9584 9442
1394 2107
1403 2966
1408 7473
1423 6788
1427 5489
1430 8614
1441 6059
1456 6693
1461 3497
1467 6204
9663 5413
1484 9534
1498 5960
1506 6835
1507 5220
1513 433
9729 167
1547 3910
1549 2059
1551 5888
1552 5139
1556 6134
1559 1076
1570 3186
1580 7009
9774 4547
1585 1383
9779 6269
1595 4853
1608 2468
9801 456
1618 584
9813 2019
9817 4939
9820 3051
9821 7660
9822 528
9823 6995
9824 4642
9825 8713
9826 5108
9827 2779
1636 9743
9828 3975
1638 5940
9831 7781
9832 362
9829 43
9830 453
9833 7731
9834 4781
9837 1598
9838 2145
9839 8987
9840 8016
9841 1874
1647 4796
9835 8972
9836 4433
9843 371
9844 8277
9845 7066
9848 9387
9849 2743
9850 4716
1657 8445
9852 6539
1658 4819
9854 6906
9846 8726
9847 6558
9857 1024
9851 3114
9859 5536
9853 4737
9855 6109
9856 7572
9858 9558
9860 528
9861 880
9862 7156
9863 2903
9864 7858
9869 4776
9870 4301
9865 1263
9866 6850
9873 6243
9867 872
9868 5588
9876 5948
9877 7863
9871 3760
1687 4427
9880 9626
9872 287
9882 7602
9883 2799
9875 4190
1693 8228
9878 2310
9879 1536
9881 8279
9884 6379
9890 8302
9891 4140
9892 6589
9885 1355
9886 755
9887 5453
9896 6831
9888 8606
9889 4881
9893 6378
1708 4922
9894 3487
9895 7718
9897 5120
9904 2578
9898 1127
9899 5084
9900 3952
9901 3825
9902 8453
9910 6629
9903 4962
9905 6068
9906 2922
9907 6001
9915 3553
9908 2933
9917 5354
9909 4805
9919 1727
9911 7811
9921 6171
9922 212
9923 1179
9916 9017
9918 1941
9920 2197
9924 376
9925 6985
9926 1250
9930 5369
9931 9494
9932 4131
9933 2870
9934 9370
9935 5442
9927 7790
9937 6376
9938 4563
9936 3481
9939 2153
9940 5896
9941 2328
1751 7430
9944 8644
9945 2192
9946 628
9942 8750
9943 5140
9947 5894
9950 540
9948 3426
9949 9517
9951 56
9954 7872
9952 1838
9953 2129
9957 448
9955 2426
1767 2677
9960 8046
9956 6494
9958 3808
9959 8094
9964 5442
9961 429
9966 2264
1774 6809
9962 8649
9963 7405
9965 3487
9967 3168
9968 7902
9969 743
9970 4170
9971 6086
9972 562
9977 1053
9973 9331
9974 8941
9975 1853
9976 533
9978 823
9979 2499
9980 7177
9981 3721
9982 5620
9983 6852
9984 2129
9985 6639
9986 6172
9987 6238
9988 5789
9989 6265
9990 3730
9991 7576
9992 4914
1805 5717
9993 6048
9994 536
9995 2761
9996 1292
9997 1187
9998 5368
9999 8243
1814 907
1818 5636
1822 1085
1831 9681
1847 6095
1858 8887
1861 8594
1864 3346
1868 1348
1882 7956
1897 9426
1909 3412
1914 2671
1930 1558
1935 4573
1942 2947
1945 8688
1946 7350
1947 4530
1951 3838
1957 8301
1964 6880
1965 6514
1975 8272
2020 4127
2046 3969
2072 4216
2076 6660
2081 5434
2095 4978
2102 6976
2111 3928
2116 3047
2130 2408
2133 1835
2135 3767
2141 5666
2143 1652
2150 3936
2159 6449
2165 230
2187 3649
2191 2948
2201 3349
2203 1933
2212 3617
2215 9294
2228 970
2234 7757
2240 9142
2261 9206
2262 3840
2274 2519
2281 6199
2283 3052
2306 9019
2316 6948
2321 9757
2343 2
2357 5645
2362 2334
2367 1004
2374 1333
2380 5946
2387 9547
2390 2936
2403 8733
2416 3070
2417 7538
2427 7454
2473 6979
2481 2389
2484 3087
2525 2460
2532 7833
2538 8626
2540 4116
2549 5615
2555 1956
2560 2059
2569 632
2570 2008
2581 4012
2588 6944
2595 2671
2601 5041
2609 8852
2614 4279
2630 7917
2635 6432
2647 3442
2665 129
2683 6991
2687 5155
2720 63
2727 9129
2753 8895
2760 4509
2775 3313
2795 6749
2805 5273
2823 550
2832 4652
2834 9452
2847 3135
2853 8735
2872 6304
2875 3964
2883 8908
2904 4782
2906 862
2907 1863
2913 2090
2916 8081
2920 1884
2925 6181
2934 5560
2938 4890
2943 862
2946 9056
2954 6306
2974 2276
2977 1472
2991 3296
3000 6837
3003 7393
3032 8355
3039 3783
3041 2854
3060 9030
3067 3484
3073 4239
3082 623
3084 6845
3103 1325
3121 6394
3126 2857
3128 6461
3132 4787
3134 3357
3137 8458
3162 9484
3171 8750
3180 417
3182 364
3202 5584
3222 9398
3228 920
3253 6083
3255 2894
3256 6154
3261 8581
3263 2567
3266 2226
3272 1923
3281 7522
3287 4602
3314 7674
3324 8028
3350 1711
3352 8369
3353 9064
3390 7329
3404 7930
3408 5549
3415 5941
3434 3417
3451 2128
3465 1040
3467 3944
3473 1596
3479 5322
3482 3385
3498 6636
3500 5411
3516 6295
3520 4707
3522 5556
3525 6131
3537 1806
3548 1545
3562 6905
3594 2673
3603 9732
3622 8173
3625 8758
3628 7803
3637 9146
3645 1875
3653 5537
3667 1880
3672 4242
3673 5157
3675 3028
3690 2843
3695 390
3702 1966
3703 5850
3715 4198
3722 1860
3755 6295
3757 7922
3780 8748
3786 6354
3787 6532
3788 1276
3796 808
3797 4115
3810 3275
3831 9129
3859 4558
3871 6299
3883 5018
3887 4735
3890 7361
3897 6538
3909 6380
3923 196
3924 6478
3943 6952
3954 6651
3970 2
3972 5978
4003 4200
4004 8527
4011 3028
4026 6990
4055 8228
4079 6859
4084 6398
4122 313
4125 2008
4144 1764
4165 7877
4166 6364
4171 5966
4184 3555
4189 8869
4194 5500
4210 8975
4223 2640
4238 2079
4240 267
4245 6032
4258 3129
4269 6846
4293 8154
4295 6438
4305 9131
4313 9461
4329 2499
4356 9725
4371 6812
4386 3497
4395 4881
4398 5538
4403 1866
4411 5737
4418 6138
4419 2197
4436 3947
4442 1011
4447 3001
4449 7092
4452 7517
4456 460
4467 7910
4478 1760
4492 1843
4497 1091
4501 8698
4523 6217
4531 1768
4553 5503
4564 4298
4566 1421
4580 5080
4587 1186
4593 1242
4601 2759
4626 5268
4644 5506
4662 2420
4665 6534
4671 1737
4693 6178
4704 7351
4714 7274
4736 2580
4738 2117
4746 7914
4752 8065
4753 2901
4755 95
4756 1763
4777 5195
4788 2373
4804 8062
4815 411
4821 9805
4846 3242
4858 7624
4868 8161
4869 211
4899 4338
4900 4603
4902 7248
4903 2034
4908 9732
4915 1727
4925 4406
4940 9511
4943 851
4956 595
4963 5235
4984 349
4987 8895
4989 2169
4990 9532
4993 9374
5006 7993
5016 1575
5025 2389
5037 1465
5039 8999
5046 7451
5052 6179
5053 6018
5074 2070
5089 5400
5090 8821
5100 8498
5143 9672
5153 9810
5176 9298
5189 173
5190 3016
5193 4373
5196 1233
5208 6257
5214 3930
5215 7231
5228 1827
5234 3123
5248 5835
5256 8156
5261 5738
5285 7415
5288 5914
5293 7015
5298 1235
5308 6384
5309 4352
5332 2241
5339 7355
5343 8503
5352 4075
5364 1380
5387 619
5392 3775
5394 9474
5424 5784
5426 9048
5429 9419
5432 3886
5439 8067
5449 9719
5472 8105
5478 6556
5493 2139
5501 4790
5509 3509
5518 8799
5520 4555
5521 7015
5523 655
5531 378
5532 3916
5533 3736
5534 1349
5535 1091
5558 8016
5574 5757
5576 7918
5577 7109
5578 2393
5587 1976
5591 2085
5596 1894
5607 4770
5624 3334
5646 2896
5652 7875
5669 2000
5681 6649
5689 7559
5703 8192
5705 9478
5728 473
5735 3670
5744 6263
5761 1455
5762 4540
5765 8380
5795 5324
5823 692
5832 7162
5844 3990
5847 3993
5851 6354
5857 2496
5873 5146
5898 9603
5903 5237
5905 8880
5907 472
5909 1572
5917 6980
5919 6855
5952 12
5957 3631
5958 5127
5971 1450
5975 5628
5994 7559
6020 5666
6024 688
6039 1232
6041 7706
6045 2522
6047 6736
6067 9345
6085 1358
6088 997
6090 6644
6102 3841
6112 6087
6127 8828
6136 1654
6142 8330
6185 6653
6187 5012
6191 3569
6194 7897
6215 4485
6219 9748
6241 6212
6252 3245
6260 6750
6283 4778
6292 8248
6298 2344
6309 2839
6316 7849
6319 2858
6321 4257
6341 3830
6362 5071
6365 7506
6414 8072
6415 2313
6423 6
6430 9685
6442 8897
6454 3317
6459 1555
6487 2266
6493 2371
6500 5041
6515 6866
6524 773
6525 1744
6528 1338
6564 5815
6566 4659
6585 3716
6595 5814
6600 6833
6601 174
6602 7731
6608 7702
6618 6631
6620 4732
6622 999
6650 522
6662 6051
6683 2017
6691 6197
6702 1790
6714 7424
6716 3967
6735 7395
6744 1402
6753 5344
6760 6346
6764 9329
6766 8635
6767 5029
6772 8499
6775 175
6783 7077
6789 2363
6799 2034
6810 643
6817 1281
6827 8443
6844 8040
6854 8453
6860 9456
6865 1850
6867 8220
6878 3601
6887 4745
6893 9119
6918 9130
6919 4770
6921 8188
6925 2430
6927 5356
6935 2037
6941 6232
6942 8164
6951 942
6953 2466
6955 1166
6969 4475
6970 4970
6972 8908
6981 7505
6988 1606
7000 8571
7022 8652
7028 6746
7034 4515
7036 7628
7037 9050
7043 1315
7045 538
7046 8712
7053 1052
7056 3889
7057 3845
7070 1315
7073 4272
7084 5186
7103 1592
7107 381
7113 9498
7128 4645
7129 699
7138 1034
7151 1374
7152 2501
7154 2488
7159 904
7166 5980
7170 2155
7197 5585
7206 5673
7208 1169
7223 7876
7230 1712
7244 8978
7250 9434
7262 7501
7263 3077
7264 5126
7266 3795
7268 6980
7272 4140
7284 953
7298 6848
7300 6594
7305 4939
7309 9808
7314 6063
7319 1955
7327 8032
7347 2863
7348 8757
7349 1630
7353 495
7362 5698
7380 4965
7383 2017
7387 1271
7391 6947
7398 1082
7399 6562
7407 4377
7429 5783
7435 1392
7442 6823
7448 1939
7458 8067
7461 4489
7467 6220
7475 4575
7514 7960
7527 9262
7532 7048
7535 685
7537 9436
7540 8901
7543 1336
7545 8562
7546 8701
7554 4167
7564 2746
7569 4299
7574 5448
7579 8216
7590 4224
7594 298
7599 9677
7601 5670
7605 3712
7606 3343
7613 4339
7616 7701
7618 5972
7622 4303
7626 6419
7634 4773
7643 3326
7651 5697
7668 6125
7669 1040
7680 5218
7684 5404
7691 1287
7697 2777
7700 5365
7707 43
7710 5180
7711 5385
7712 1422
7717 8347
7723 2942
7743 7076
7745 3306
7749 4612
7759 6110
7760 3378
7780 3632
7782 4191
7789 8875
7800 8319
7801 3050
7815 7850
7820 4850
7830 2214
7834 8073
7837 7791
7841 9487
7844 1610
7857 553
7865 12
7878 6325
7891 8714
7898 2843
7905 9396
7915 2788
7925 1586
7938 2514
7941 8339
7943 3727
7951 9576
7954 1492
7963 3460
7970 6750
7981 5457
7986 1901
7991 9437
7994 4134
8000 6858
8012 9244
8014 9402
8015 2644
8017 6555
8023 1360
8030 7491
8031 2767
8037 8109
8038 7275
8055 8290
8056 2544
8058 6227
8066 9443
8080 7338
8088 9437
8090 3601
8096 1516
8104 1663
8107 2044
8124 2382
8125 8381
8132 3499
8133 3730
8140 508
8142 5486
8143 1639
8157 2863
8159 2088
8165 7506
