7595 714
2241 10
9165 169
9475 32
9121 5
7600 15
8916 31
3810 46
9568 19
8777 31
525 33
9476 46
8952 159
7385 239
6946 609
9380 181
6844 31
9254 233
7028 158
9805 385
5409 31
8022 413
7757 19
9616 601
5311 743
8599 25
9630 46
9013 200
9696 92
5467 31
9887 5
2196 121
2447 256
6538 255
5127 25
2359 104
9926 701
9845 6
5408 386
9375 204
7645 19
5270 743
3530 32
6754 74
6167 32
5995 92
6842 64
9491 27
8192 9922
8194 6225
3 9731
5 7410
8201 3822
8207 2831
21 1692
8213 5216
25 3369
27 8962
34 9525
8226 1287
8228 2110
8234 3116
46 4537
49 7496
50 3150
57 4770
8249 7162
8250 4056
8253 5458
8257 1998
8261 8486
72 1881
73 2182
8267 8085
83 8889
85 3138
8296 9015
8298 6028
8299 5273
109 9901
110 4261
8309 3830
124 4979
8322 7351
8323 1190
132 6908
134 9127
8327 9543
8332 8019
8334 8114
143 807
8335 6329
146 7927
147 4009
153 8169
8346 2193
155 8450
8351 503
8352 5328
164 270
166 4528
8363 3508
8368 6307
177 4122
8370 8013
8378 1835
189 1071
190 193
197 424
199 2497
200 7770
8396 4358
206 1455
216 5928
219 3184
8412 4973
223 6825
8416 9135
226 9564
8421 3579
234 5184
235 4953
8435 8155
8438 7188
248 8739
8440 2847
250 227
8447 3636
8448 5622
261 3076
8459 6549
271 436
8464 3776
273 9071
277 840
8470 9484
8471 6145
8472 4203
287 2103
8479 9014
290 4133
8484 7027
8491 3268
8493 7308
8494 7270
8505 1132
316 3959
318 3202
8510 1153
8511 8021
8512 7431
8515 9898
325 3663
326 6530
8517 1550
8533 8855
345 2791
347 6
8548 2414
8553 1768
8558 1380
367 2386
368 3322
8559 1206
8564 2297
376 8744
8571 4608
380 723
8573 2508
8574 4105
385 211
8577 8184
8580 1283
395 7532
8589 8431
8590 1690
400 7429
401 7962
8592 9545
8594 3876
8596 9099
410 7181
8602 9650
8605 6301
8609 8321
418 370
420 8204
8612 7981
8613 3064
8614 5724
425 5456
8618 9061
429 9677
8621 4646
8625 113
8626 7162
8633 4843
8636 7382
8640 1134
8643 4952
452 643
453 9602
8644 2960
8645 2504
8646 6917
458 7670
460 5207
463 1483
8656 8039
8657 4811
8659 4816
472 3609
8665 5215
474 3815
8667 3568
8668 392
8670 7729
8672 6342
481 1893
486 8901
8682 7622
499 768
501 5130
502 4152
8694 6873
8695 5017
8703 752
8707 2772
518 7119
527 6907
8722 1937
534 9340
544 6115
549 3915
8747 9132
8751 3179
565 225
8757 6045
8761 8432
570 4519
8762 9298
8763 9304
8764 9691
8766 6957
8771 5987
8773 6746
584 6552
8779 6365
8784 9857
596 7879
600 1131
8797 4283
8801 8827
8802 4236
611 3035
8813 2999
8818 9926
627 7503
8820 930
629 9180
638 5771
639 2347
8835 818
651 9445
653 8149
8845 7570
667 1646
668 1035
680 9485
8872 4192
8877 4565
687 8996
8883 9265
8885 4606
8892 8268
8894 4953
706 8105
8913 8243
8914 3467
8915 2097
724 908
727 3749
8926 5115
736 1297
737 7130
8929 3880
8931 7707
740 6646
8934 1835
8936 1791
746 6588
8940 9725
749 4280
8941 7984
8950 3912
8963 8989
8966 2658
8970 1209
8972 6889
781 18
8973 9870
8976 2530
787 7234
8983 1867
8988 6256
809 8342
9004 6797
817 5690
827 4588
9021 4177
829 36
830 9355
832 5468
9022 5295
9028 8476
9030 683
848 4724
9042 2811
856 7609
857 4747
867 3008
869 4738
9064 2406
873 1653
9066 2575
876 6223
877 4912
879 3803
881 6667
9074 2867
9076 8716
9078 2080
9084 5017
9087 6534
9092 4149
906 1295
907 1971
9102 6005
925 606
936 4490
9128 9827
9133 1733
9137 8579
9138 1163
9141 3947
9148 2967
960 4031
9155 1028
9158 6708
967 1755
9159 2001
973 6966
9167 3989
977 8901
9169 635
9172 3404
9174 6618
9177 3666
9181 2243
990 4940
9183 6378
9185 7102
995 6352
997 78
9194 3461
1011 2272
1013 6149
9205 6712
1016 6002
9211 4577
9222 1413
9224 9686
1036 5512
9229 3717
1038 4441
9234 5745
9240 3959
1055 3717
9247 4498
9249 4505
1060 5193
1067 4773
9263 2474
9268 4602
9273 5073
9276 9520
1086 6576
9281 6206
1091 9430
9283 5003
1100 3225
9297 5506
9299 1164
1108 1987
9301 1498
1114 2763
1117 7521
9314 9789
9315 1459
9322 889
9323 5294
9329 9230
9330 1157
1141 4015
9336 4
9351 7570
1161 9252
9358 601
9359 7391
1170 4271
1172 9847
1176 477
9370 1832
1179 8061
9372 8794
1183 4200
9378 2514
9382 1185
9384 9866
9385 7526
1196 6606
9391 4369
9394 315
9395 6540
9400 3054
9404 4378
9405 8466
1215 2369
9407 2469
9409 2846
9411 9834
9414 1640
1224 8084
9424 5186
9427 4813
9443 4370
1255 5319
1256 9490
9447 2007
1260 913
1261 7101
9456 7209
9457 1627
1266 2873
1271 3438
9463 4030
1274 658
1275 7859
9467 329
1278 4672
9483 704
1291 8544
1293 9287
9497 4719
1306 5414
1308 1437
9502 4015
9504 3236
9505 7913
9508 7911
9511 4567
9524 3293
1340 834
9533 1043
1345 1372
9537 4364
1347 4722
9541 3114
1360 4583
1365 3184
1368 992
1371 9027
1374 8129
1376 1694
9572 1190
9576 6183
1387 3626
1394 1010
1397 4090
1399 1217
9593 2117
1403 1875
9595 7545
9596 8507
1411 6417
9605 6430
9609 3283
1423 8475
1425 6207
1431 1384
9625 4721
1441 2921
1442 4070
9637 6081
9641 2921
1457 3620
1462 4462
9656 9458
1465 7662
1467 6222
1474 1811
9668 6708
9669 8039
1481 7460
9674 194
1484 9193
1487 9232
1495 3899
9693 6980
1505 9406
9701 2564
1510 5247
1513 4134
9712 1804
1533 8783
1547 558
1549 3760
1559 9129
1560 5678
1563 9689
1580 8399
9772 5186
1583 7731
1585 1923
9778 3334
1595 6752
1600 8285
1611 9270
1624 5340
1625 6376
1633 8999
1643 4588
9835 8371
1647 5055
1657 5657
1658 3383
1673 8453
1687 2534
1693 1419
1697 8463
1701 9326
1743 5479
9957 3416
9959 9510
9960 7334
9961 3945
9962 2112
9963 1567
9964 1612
9965 1546
9966 5279
9967 1125
9968 7098
9969 2135
9970 6784
9971 6527
9972 6355
9973 8059
9974 7482
9975 145
9976 173
1785 5465
9977 2230
9978 9119
9979 3434
9980 1151
9981 5086
9982 6161
9983 3343
9984 5795
9985 6050
9986 7368
9987 7143
9988 6247
9989 9368
9990 8944
9991 3710
9992 7465
9993 3610
1803 5022
9994 9285
9995 3316
9996 3759
9997 2153
9998 558
9999 1205
1810 5567
1812 1571
1814 8770
1816 4259
1822 1087
1847 6379
1857 3493
1861 9139
1864 4823
1870 834
1874 5105
1882 3421
1890 8203
1894 9635
1897 5806
1904 3226
1930 9489
1933 5486
1936 185
1944 6646
1947 1967
1954 9559
1960 2584
1965 8811
1973 6094
1993 576
2008 3942
2019 2877
2020 26
2032 1558
2046 6830
2055 3687
2057 3213
2091 6888
2096 7724
2098 1924
2102 7192
2109 5950
2111 5589
2113 7136
2116 9773
2122 2908
2130 8204
2133 5534
2143 2011
2150 4809
2201 557
2203 8989
2215 1943
2228 3418
2234 4899
2261 1765
2262 1883
2276 773
2281 8051
2283 35
2304 4978
2306 7720
2316 9905
2317 1295
2321 4401
2350 6591
2371 6652
2376 3767
2401 2450
2403 542
2405 6016
2416 5040
2427 5130
2440 6676
2456 6824
2473 2348
2476 1069
2480 6427
2481 7323
2484 7824
2528 7225
2532 299
2540 3691
2547 6218
2549 9254
2560 6188
2570 4842
2571 5057
2577 8415
2585 521
2587 361
2588 5695
2601 1047
2604 477
2609 3381
2630 1577
2635 9213
2647 8372
2665 8832
2673 6807
2687 6332
2693 7949
2715 4346
2720 476
2723 5170
2727 6893
2737 3880
2739 5899
2750 854
2753 6182
2760 2076
2767 424
2781 3381
2784 9694
2789 222
2796 8774
2805 2713
2814 6850
2834 4393
2841 5580
2849 7416
2853 1798
2855 7011
2878 5311
2880 1656
2882 366
2883 4510
2898 8739
2902 8427
2904 9754
2906 1733
2907 5995
2911 298
2913 6139
2916 530
2922 694
2926 7181
2932 9320
2934 541
2943 2024
2954 1961
2969 1014
2974 9353
3016 2312
3019 8455
3029 7384
3042 9585
3055 8281
3067 2038
3073 1280
3077 1058
3081 1503
3082 3554
3096 6435
3097 9651
3107 437
3115 3494
3120 8920
3122 8325
3125 1568
3128 808
3134 1832
3137 2059
3141 2249
3171 8093
3176 4086
3191 4318
3196 7454
3200 2747
3223 3459
3228 1924
3229 2325
3245 5181
3253 6975
3261 6546
3263 8286
3266 7915
3272 8919
3287 3139
3314 6856
3344 8369
3345 801
3348 4126
3350 7626
3353 6906
3355 7581
3356 6179
3360 2565
3375 1450
3392 3521
3393 435
3396 9930
3408 4526
3410 1782
3415 181
3433 4223
3453 3428
3462 364
3464 2339
3468 1089
3479 8042
3482 7897
3486 2354
3495 4188
3520 2893
3525 2502
3533 5775
3540 726
3541 3945
3546 1502
3548 4550
3553 5027
3557 3721
3589 5648
3594 4008
3613 933
3615 9894
3628 9246
3639 6179
3645 8770
3651 9942
3667 8003
3669 5529
3690 9896
3694 3004
3695 7770
3702 7406
3713 6325
3715 6363
3734 9547
3736 5673
3762 6316
3774 8076
3780 1289
3783 3319
3784 3103
3788 8220
3794 2196
3797 6779
3801 3035
3812 3009
3824 569
3829 9151
3831 8832
3836 4378
3838 3297
3852 5179
3877 3184
3883 167
3906 7962
3909 9737
3914 8566
3919 1299
3921 4133
3924 7308
3927 4551
3938 3605
3943 7126
3957 2089
3961 1020
3970 8890
3980 7064
4000 3076
4003 6600
4026 7355
4032 2018
4044 3414
4055 1152
4066 5877
4078 5715
4081 4924
4083 4875
4125 5040
4128 2373
4143 9503
4146 9631
4165 3174
4166 4837
4167 2083
4169 858
4184 232
4197 5294
4210 7520
4220 3427
4227 9847
4252 635
4254 6537
4260 1146
4313 2056
4316 1705
4332 9001
4335 5748
4348 2711
4356 4907
4373 3730
4374 281
4398 6420
4403 3660
4411 6697
4417 2495
4422 5046
4435 45
4442 3030
4447 8725
4449 4259
4469 1064
4480 1525
4486 6408
4503 5179
4538 9434
4554 4520
4558 1159
4559 4164
4564 3806
4579 5469
4580 7515
4593 6808
4595 5463
4604 4390
4614 116
4615 6147
4632 8444
4642 5547
4652 2918
4657 6720
4674 7368
4678 1619
4682 1775
4689 7346
4693 7420
4698 5637
4700 7847
4723 3542
4725 3335
4729 381
4730 5820
4742 6003
4746 8843
4752 5805
4769 6534
4772 2622
4776 3709
4777 285
4789 4415
4817 1914
4830 9510
4858 7859
4869 7812
4880 1548
4892 4088
4893 7998
4900 8138
4902 7222
4931 43
4956 2194
4963 3644
4981 5882
4990 8454
5015 971
5023 526
5034 9113
5036 2442
5039 4705
5051 1449
5054 228
5074 4533
5100 5897
5111 7020
5117 7424
5133 3059
5146 6447
5150 8215
5153 9877
5190 6579
5208 4860
5209 1976
5238 4860
5245 4443
5246 2366
5285 8864
5288 3968
5298 5293
5308 5545
5313 9399
5317 8939
5327 5662
5333 2026
5339 9191
5341 8649
5342 8514
5343 8918
5363 9291
5364 3686
5366 7098
5379 1367
5384 5151
5391 4649
5392 4279
5397 4655
5429 9119
5439 6413
5449 3103
5454 9894
5472 2165
5475 645
5493 2553
5523 8803
5531 1679
5532 9666
5533 8814
5542 2707
5548 9526
5576 2766
5578 10
5587 9792
5590 7531
5597 946
5609 3312
5623 116
5629 8616
5651 9473
5653 3875
5669 8637
5684 6872
5728 1065
5730 1953
5732 6756
5735 3819
5744 9724
5760 5950
5761 9306
5786 3913
5799 3591
5804 9083
5808 3469
5809 8455
5810 4382
5813 1147
5838 5026
5840 5500
5850 6802
5854 2877
5857 4566
5865 7029
5873 7473
5887 414
5892 3293
5900 6316
5903 1295
5905 2561
5907 1110
5913 2992
5919 1768
5927 5709
5929 4895
5931 5859
5941 9943
5952 7440
5958 6860
5964 4544
5967 5612
5969 5785
6020 7900
6024 6821
6036 5466
6041 9319
6047 1393
6059 920
6061 2454
6067 5897
6072 7184
6088 1620
6090 7367
6102 2973
6117 6992
6119 2087
6136 9880
6138 1466
6153 1614
6157 6456
6164 5753
6176 841
6185 700
6186 2265
6187 7008
6191 2611
6214 3092
6215 8560
6219 2584
6227 3354
6228 1684
6241 2710
6260 8480
6275 3206
6282 308
6291 3208
6309 7887
6322 4106
6323 1115
6377 7086
6389 8905
6394 9010
6401 5463
6407 506
6415 556
6423 275
6452 8407
6457 9608
6477 6451
6491 8341
6501 3058
6517 2334
6518 5241
6519 1981
6525 8968
6528 5944
6535 1578
6539 2483
6556 542
6559 5271
6564 7534
6573 4945
6586 2545
6601 4301
6605 5553
6620 5780
6627 3025
6641 7652
6661 8745
6662 5420
6674 2365
6682 2535
6704 1682
6713 4493
6716 3892
6731 9519
6732 5097
6735 4199
6744 2990
6750 6302
6764 6351
6772 5468
6776 7582
6780 8164
6783 9736
6790 8713
6810 3601
6811 3289
6813 6930
6827 9784
6828 8251
6831 2681
6854 1145
6867 5233
6870 4257
6878 282
6887 6475
6891 2277
6892 2658
6902 612
6919 2286
6935 4577
6941 2192
6949 7680
6955 5968
6969 4174
6972 1427
6981 9762
6982 9840
6996 4684
6999 7147
7013 2438
7016 1884
7019 5294
7021 7602
7036 6207
7039 2702
7044 2255
7046 3501
7047 2434
7053 9606
7056 4846
7057 5179
7066 7426
7084 2599
7104 1545
7107 4277
7117 776
7128 1424
7138 7132
7146 2710
7151 4276
7152 1718
7157 7285
7158 3447
7167 4806
7170 9277
7185 5525
7187 2233
7193 8868
7202 7063
7205 5528
7206 2955
7207 9012
7223 9678
7232 5642
7250 4350
7252 1010
7257 2779
7262 5021
7266 8746
7268 8151
7275 4477
7280 891
7290 2889
7300 5944
7314 7154
7317 3448
7320 8899
7337 6033
7347 7526
7349 42
7352 2469
7375 3886
7387 6145
7388 7331
7393 8203
7394 2369
7395 6664
7399 6808
7404 5226
7407 2593
7413 5480
7435 1040
7437 5848
7442 9390
7448 6862
7458 5643
7467 4047
7477 3358
7514 5937
7529 6925
7535 4307
7540 7597
7549 513
7558 3039
7564 9930
7565 3011
7594 5055
7601 9739
7607 7109
7616 8733
7618 8399
7625 3001
7633 8005
7643 8040
7647 8088
7650 9855
7651 2411
7667 1372
7672 9496
7689 7392
7691 8655
7709 1012
7712 1234
7713 2773
7717 9197
7736 9839
7742 4121
7743 131
7744 2929
7745 4701
7759 7908
7761 9681
7767 2373
7774 3511
7782 4181
7788 7553
7789 854
7791 7527
7793 6258
7794 1081
7800 2529
7816 7520
7818 80
7826 9892
7835 6609
7837 6374
7841 5159
7844 1700
7857 8513
7862 9272
7865 3749
7875 6849
7876 5928
7898 5600
7924 5796
7925 2287
7926 7165
7928 8217
7937 3068
7938 2950
7954 7253
7963 3949
7965 7303
7969 759
7979 4716
7983 5942
7990 3030
7991 4060
7994 9678
7995 7883
8007 6534
8016 4555
8030 7276
8037 6711
8038 7781
8043 2593
8049 9696
8055 9907
8066 7871
8071 4080
8080 8938
8096 7701
8098 9850
8110 201
8120 5896
8121 8177
8124 7750
8125 9043
8132 6506
8133 1252
8136 3357
8139 438
8143 5323
8159 1971
8161 2441
8163 705
8170 7060
8176 6442
8190 7553
