8229 29
7022 104
6759 397
7760 183
8930 16
8102 837
2535 118
1823 114
3855 32
8021 33
355 6
696 91
2682 2
74 31
7639 689
2041 5
826 765
2829 388
3752 33
4344 222
9188 492
1464 412
119 72
1049 185
8909 32
1270 148
3485 6
3984 2
2616 378
9303 412
1577 46
101 147
9308 84
1147 12
483 168
41 10
5139 2
1948 235
2379 50
150 15
9881 46
9343 176
6257 181
2082 2
868 2
2391 408
2822 413
8785 31
5004 276
3032 154
8380 152
554 31
554 148
833 32
2535 125
1493 6
4921 122
9739 13
9881 46
6221 32
1570 2
5602 57
9984 32
6302 15
554 148
9749 19
9825 10
4685 31
5178 283
66 41
3834 8
1328 414
476 176
4830 551
101 432
6588 387
9927 32
6788 65
6945 31
1575 72
898 218
5956 7
2600 38
3842 29
9848 38
1366 447
8695 297
4216 7
9102 19
1832 2
3900 215
9835 6
6965 87
3407 26
9120 38
2008 2
191 15
6339 6
8318 195
2722 55
5940 636
163 50
2101 55
643 446
3587 594
7412 135
5836 6
2232 121
8653 95
6824 71
3878 86
163 222
1666 121
3182 253
8401 15
9048 2
7057 357
5871 309
1804 2
9191 38
9833 33
1083 6
9000 726
1699 60
2742 2
480 2
6861 394
1669 72
449 188
931 31
529 38
1546 32
3595 459
5361 148
9226 97
8258 32
554 148
8925 32
9720 16
4766 60
9150 31
4829 38
552 10
9984 32
8782 91
1090 15
358 342
9711 20
303 10
9804 583
3364 54
62 38
4847 2
880 25
6238 558
9649 38
9470 171
9605 3
5448 32
7201 2
4835 34
7490 19
9814 6
6471 55
8365 2
3174 6
13 6
3952 38
7035 471
2678 2
5940 57
3030 195
18 10
9706 105
2106 19
8453 87
1366 232
116 392
2159 429
5106 19
2007 33
4998 24
2297 2
2037 2
4810 6
7561 282
4131 374
7057 188
4847 2
30 2
6947 31
1348 15
1000 32
1832 2
9449 50
598 426
3170 54
8159 5
8302 2
9974 53
7276 15
1912 6
4401 32
9839 38
5688 6
2534 338
5916 132
945 6
1203 19
7163 6
6687 79
3364 32
359 44
5102 2
462 195
9258 16
151 46
23 17
1721 31
5567 12
9004 79
1903 19
2944 38
1338 216
8023 32
4138 63
8791 524
5082 6
8209 404
2722 55
529 31
7729 19
6669 76
2530 2
1824 233
5412 391
8248 87
4592 24
5768 53
1591 477
6829 445
9979 509
3049 195
6785 146
2827 2
3290 211
622 824
7664 102
542 32
7574 138
5746 5
2824 25
6457 76
5620 7
4867 388
9795 255
2092 405
1701 668
9942 31
7071 172
373 2
772 127
6171 161
8619 24
554 148
303 10
2043 153
766 16
4309 6
8047 31
9408 6
4504 2
8547 366
2167 7
1487 452
7397 6
1203 6
3254 90
16 12
7325 92
150 15
2356 2
7766 147
537 586
9397 32
9319 51
9435 928
7051 50
2666 176
6644 6
2734 5
119 72
4301 32
2790 34
225 266
3181 109
2997 19
8587 31
119 72
4922 31
8889 32
1808 2
3682 277
529 31
4056 19
4613 447
5256 31
1925 51
9809 146
8075 31
1607 14
2283 44
7415 449
3536 22
360 2
3675 107
6827 32
9916 16
3330 614
9458 32
3372 49
7176 114
7855 379
4694 53
7902 341
4553 63
1612 50
1042 54
7604 417
6846 32
3402 19
9399 32
5826 19
1366 680
1135 6
1927 2
4625 93
768 2
3364 92
7422 15
1366 447
2267 264
6856 31
6259 2
9352 564
213 118
7156 707
5410 31
5622 374
7179 31
1656 32
2514 81
5906 40
2164 35
646 540
2935 83
9191 38
6607 509
303 10
2351 28
1612 134
9315 5
6612 134
7893 75
6494 6
5504 509
863 31
9584 104
8248 87
6017 60
3240 70
9883 72
4492 2
359 44
2953 649
2329 2
5766 297
3181 6
1097 288
5480 724
3198 2
1234 2
9379 669
4702 340
1450 148
4986 456
8431 31
615 36
1737 7
796 6
7051 252
4345 6
5182 92
943 55
119 72
6673 146
4875 356
2970 6
6063 5
3662 612
6022 32
1252 54
7080 50
7894 338
3568 31
7785 394
9879 652
4378 25
94 287
5407 2
3591 2
5692 84
2615 2
332 92
3329 612
5256 31
9907 72
1612 389
6829 40
3632 176
6413 315
1706 686
6721 412
9129 32
3644 392
9763 19
8975 33
9735 921
3090 148
6288 210
4476 6
2158 31
9870 92
1959 31
4827 6
9016 31
5292 10
3740 2
119 72
700 19
2372 46
5712 33
9680 32
5575 6
278 51
5239 384
3145 408
0 72
9937 146
506 776
1309 320
702 266
8988 38
7762 216
8406 2
4309 6
823 32
5642 38
1054 86
552 10
2346 10
9701 33
7932 237
3777 33
9360 830
2662 32
2628 2
9358 459
999 32
1895 57
9243 72
4180 92
649 195
9132 38
245 133
5373 109
1959 31
1912 6
240 6
7545 766
8766 195
7547 428
7690 34
5578 239
5352 19
9101 10
4960 18
5914 6
8804 264
912 6
544 32
3219 2
1249 87
9994 76
889 32
4458 146
2020 541
7411 367
1806 290
359 44
7966 7
9478 6
6275 222
1962 2
1518 610
1769 32
5824 54
554 31
3002 656
2451 2
5597 70
2448 274
6514 656
159 49
8155 134
9930 269
470 31
6171 337
5334 6
5346 6
240 6
1937 530
1239 10
6914 31
2462 7
3119 6
163 214
566 226
9619 264
4630 6
4933 788
9898 88
8101 158
3664 78
9517 33
642 76
5929 148
6679 152
7987 812
0 0
2644 6
13 6
361 524
6109 87
9198 2
8050 16
1649 6
8315 6
3315 92
6503 394
9933 93
7131 33
303 10
2824 54
1721 31
5045 6
3062 5
3008 161
9409 647
1144 35
151 46
1895 57
6364 19
3658 72
9470 541
2901 33
8381 6
566 226
5082 6
576 348
5274 148
9720 16
3373 148
3079 695
7937 153
4751 32
1284 2
4233 180
2045 50
2536 34
462 195
193 278
3942 456
2513 19
717 669
830 32
833 32
2424 148
359 44
460 471
9759 161
123 25
931 31
7627 18
9922 31
602 56
1366 872
9920 31
2160 2
5107 218
2227 8
5110 111
576 72
480 2
4144 713
6414 147
4053 53
1819 644
6244 142
5259 2
6000 259
5828 660
6694 65
1893 946
3648 93
3962 19
6287 847
9960 32
9120 38
6947 31
462 195
2889 70
9844 51
5189 104
2556 612
6042 16
3257 498
2965 2
5403 356
7636 64
6836 104
1366 50
9954 367
6410 2
3776 6
8469 6
8423 2
4849 31
554 148
274 10
9857 241
4173 114
1878 2
1901 2
1554 10
8627 104
1445 6
1056 284
7670 476
9720 16
6151 138
5260 274
6171 337
1795 406
3049 195
3886 10
6180 51
3030 161
4828 6
682 32
9978 52
5278 19
3865 54
8959 370
7291 255
6433 113
735 6
6876 10
4034 182
3215 2
3710 338
9930 269
730 6
7326 50
1463 412
9833 33
3168 229
9072 31
9942 31
0 15
7203 265
7475 149
8029 6
5539 518
554 31
7648 161
9830 2
7436 146
5650 339
3174 6
7391 76
5512 33
8050 16
4213 25
7693 38
3262 858
1931 2
7779 379
6317 36
254 10
3732 656
274 10
563 10