901 7
2576 16
2544 16
1241 15
1401 9
384 16
1560 9
1704 17
2527 1
1193 14
616 3
3164 16
399 9
1985 13
2702 2
2956 13
729 8
2525 7
3118 9
707 15
553 8
2220 9
1643 13
3251 16
1542 14
642 15
34 16
432 13
1456 19
278 8
1546 16
989 14
1906 5
2371 16
1482 9
341 13
2611 18
498 8
1547 13
3517 4
3165 1
2519 9
3001 9
1812 8
2386 13
1896 16
3559 5
709 4
2361 13
2424 3
1650 15
3074 16
2758 9
3250 9
2360 6
2417 6
1707 8
2092 4
3067 13
2305 15
2878 8
1666 18
3278 15
1438 8
618 15
2197 15
640 17
494 3
2281 13
1953 19
3241 15
1252 16
3007 8
318 9
822 15
2244 3
2064 15
781 3
1594 16
230 8
770 8
1673 15
551 3
923 9
2933 16
862 9
2474 15
534 15
1881 13
2898 5
2953 15
603 16
379 13
3091 5
438 7
1243 8
1949 16
2201 7
1755 13
2904 19
1862 13
380 9
3534 9
1303 16
1825 8
1798 13
2055 4
478 13
733 8
968 13
2628 13
2445 13
2905 18
1672 9
788 13
442 9
529 13
389 3
612 1
1526 13
302 16
3275 16
981 15
2273 9
3179 9
2964 8
2083 9
1865 17
502 16
87 13
2731 13
3409 7
1196 8
1664 9
713 13
63 8
3317 17
721 8
3228 15
980 7
1965 13
1884 13
2116 15
9 2
894 15
1216 16
1675 8
2198 8
2230 16
1842 19
1080 1
2927 3
2464 16
2070 10
2036 15
2232 15
3340 15
3196 3
2752 8
1123 5
3189 13
2658 13
3147 13
1845 15
1061 16
1981 9
1973 4
946 5
1189 6
1891 16
3237 9
2710 15
545 16
1857 14
1713 7
3286 4
420 13
2901 13
1426 14
2843 4
749 2
1837 16
869 5
3057 2
3423 13
2413 15
178 7
1860 18
789 2
3073 7
2582 16
2526 16
2530 16
2750 8
3465 15
2432 9
2339 15
2540 8
225 19
954 9
3424 16
1441 9
2866 9
390 19
47 15
1599 15
1470 13
3427 15
1718 3
2545 8
1996 13
1872 19
3339 9
2423 2
905 16
2142 9
1667 9
1602 19
1449 1
1851 14
1234 19
42 14
226 18
2774 3
2091 13
617 8
1930 9
1260 13
2463 16
1218 9
2913 9
440 13
2374 13
1995 1
2639 1
2680 7
973 9
2869 13
2786 15
2976 19
40 4
3393 13
2451 15
2643 8
3369 8
3083 13
582 15
590 5
3477 13
1262 15
886 15
1531 4
3049 8
579 3
1296 13
1369 15
164 3
777 9
2821 15
2097 13
265 4
1972 16
1330 5
68 9
2988 9
1724 8
1274 15
2105 13
646 3
723 1
1161 19
3476 9
2469 15
1929 13
1350 19
3444 3
1797 14
1447 9
3429 13
171 14
536 10
3525 9
3173 16
3403 13
312 8
3530 10
2849 13
3053 15
1581 5
2918 9
3152 13
2181 15
2141 15
1008 9
2318 15
2965 16
2202 13
955 7
2690 6
2204 15
1688 16
1921 7
2966 9
1140 15
2678 15
1909 13
1129 15
1156 13
2381 15
2264 6
719 15
2677 9
1393 2
643 9
2379 19
1964 8
2287 16
1319 13
1429 16
2106 13
2388 13
2782 8
3076 13
2089 19
1408 8
737 13
1811 15
1936 9
1627 1
605 5
2266 15
512 13
2027 15
1563 16
2912 9
3055 13
1007 9
2457 3
1138 16
1998 7
1054 13
961 13
2528 7
753 16
1382 15
2017 15
2669 13
3293 16
2284 8
188 8
1253 8
978 9
2419 15
4 16
3045 9
2847 14
182 8
758 16
460 15
395 13
1928 15
2572 8
3362 16
3038 15
1633 19
3297 15
3125 9
287 2
1771 16
859 7
1384 9
846 4
2186 7
2351 15
1991 3
3197 8
1534 9
3169 13
1418 13
426 10
3392 9
2513 16
1250 13
790 1
1404 9
933 15
987 10
1605 1
1801 9
2397 9
3161 15
2402 5
1986 3
3554 7
1178 7
2126 9
2716 8
2067 13
1212 18
174 16
746 9
2719 16
1933 3
860 2
491 8
320 13
516 15
3014 13
939 7
340 13
533 13
1564 7
2009 13
3068 8
126 3
1649 15
2925 1
571 16
1669 15
3110 2
2732 9
2583 18
424 16
1944 13
2621 13
1440 15
3222 13
2642 2
405 16
1592 10
2406 19
1679 6
2823 3
587 6
865 13
1386 9
3265 9
1360 8
2798 19
144 2562
526 1110
921 298
1020 562
1235 2410
1363 1431
1372 1144
1381 2523
1385 1077
1422 1808
1428 937
1442 1861
1506 2483
1533 2460
1561 910
1580 2014
1751 2156
1800 1765
2056 585
2131 271
2147 3129
2158 44
2168 3370
2272 657
2301 3227
2354 1828
2420 2753
2458 2474
2515 3535
2531 1340
2666 909
2764 1258
2790 3125
2824 1840
2844 2181
2882 452
2947 2681
3065 2989
3066 2476
3219 2981
3242 1088
3314 2366
3349 627
3381 3025
3458 113
3471 2475
3486 139
3496 513
3555 2611
3563 3510
3564 1474
3565 1086
3566 2609
3567 554
3568 2953
3569 2033
3570 3207
3571 964
3572 235
3573 2076
3574 1339
3575 500
3576 1685
3577 908
3578 304
3579 3519
3580 1483
3581 679
3582 1668
3583 34
3584 902
3585 1240
3586 3453
3587 898
3588 1668
3589 1451
3590 668
3591 1899
3592 1453
3593 1646
3594 791
3595 292
3596 2046
3597 1361
3598 522
3599 1778
3600 2447
3601 2054
3602 1863
3603 2993
3604 3251
3605 1267
3606 3221
3607 2150
3608 47
3609 1713
3610 860
3611 701
3612 3040
3613 3311
3614 457
3615 1409
3616 780
3617 3018
3618 2607
3619 803
3620 2913
3621 2300
3622 3007
3623 925
3624 2338
3625 1578
3626 70
3627 878
3628 2903
3629 1324
3630 2082
3631 1170
3632 1267
3633 604
3634 1932
3635 1824
3636 2740
3637 2812
3638 2686
3639 2111
3640 1367
3641 366
3642 1585
3643 681
3644 2733
3645 1635
3646 1527
3647 436
3648 1902
3649 966
3650 2095
3651 2980
3652 3285
3653 1332
3654 349
3655 2606
3656 1528
3657 3201
3658 3167
3659 1555
3660 415
3661 1721
3662 480
3663 3467
3664 2830
3665 43
3666 1692
3667 1928
3668 2319
3669 2532
3670 1584
3671 1690
3672 829
3673 2111
3674 2026
3675 26
3676 2632
3677 927
3678 3539
3679 210
3680 2050
3681 1925
3682 547
3683 2228
3684 1547
3685 2184
3686 597
3687 2527
3688 581
3689 157
3690 1011
3691 1163
3692 2499
3693 330
3694 111
3695 2128
3696 3131
3697 2685
3698 946
3699 3074
3700 960
3701 2605
3702 3252
3703 1644
3704 788
3705 2570
3706 1193
3707 1554
3708 612
3709 1759
3710 2360
3711 3420
3712 1074
3713 2016
3714 2936
3715 824
3716 2908
3717 1347
3718 2982
3719 1061
3720 1060
3721 2946
3722 125
3723 192
3724 3377
3725 33
3726 831
3727 2075
3728 833
3729 839
3730 1352
3731 931
3732 553
3733 1792
3734 3146
3735 451
3736 3467
3737 2367
3738 2724
3739 2268
3740 1620
3741 1984
3742 2239
3743 3021
3744 2324
3745 2134
3746 3268
3747 2353
3748 2708
3749 788
3750 713
3751 2917
3752 704
3753 1159
3754 533
3755 2598
3756 3206
3757 2243
3758 3240
3759 2542
3760 604
3761 2345
3762 162
3763 771
3764 1602
3765 3085
3766 1834
3767 1338
3768 3118
3769 1011
3770 1367
3771 178
3772 196
3773 3123
3774 2920
3775 1678
3776 1641
3777 2344
3778 2870
3779 2188
3780 1927
3781 1841
3782 2818
3783 1689
3784 1881
3785 2269
3786 1206
3787 3078
3788 515
3789 1328
3790 1558
3791 3171
3792 366
3793 229
3794 873
3795 1024
3796 2569
3797 2416
3798 278
3799 2232
3800 1488
3801 664
3802 2595
3803 299
3804 2836
3805 1163
3806 335
3807 2607
3808 1616
3809 2371
3810 994
3811 651
3812 579
3813 2057
3814 1973
3815 3251
3816 1719
3817 2799
3818 719
3819 1549
3820 2058
3821 3402
3822 1518
3823 827
3824 227
3825 225
3826 2274
3827 1716
3828 3423
3829 2045
3830 2441
3831 186
3832 874
3833 2533
3834 581
3835 1142
3836 2030
3837 854
3838 368
3839 649
3840 1420
3841 3520
3842 2817
3843 1484
3844 1017
3845 1704
3846 2800
3847 2612
3848 2923
3849 902
3850 2255
3851 871
3852 2825
3853 1012
3854 931
3855 1927
3856 1302
3857 316
3858 1113
3859 1535
3860 93
3861 1244
3862 1988
3863 503
3864 584
3865 1635
3866 536
3867 1439
3868 598
3869 802
3870 3176
3871 376
3872 1189
3873 3482
3874 2123
3875 1860
3876 273
3877 3070
3878 685
3879 3241
3880 1488
3881 1807
3882 1013
3883 2818
3884 2146
3885 2436
3886 666
3887 397
3888 671
3889 15
3890 1025
3891 1335
3892 1324
3893 2343
3894 430
3895 3317
3896 2815
3897 3226
3898 27
3899 751
3900 2766
3901 2142
3902 1380
3903 1852
3904 1353
3905 2614
3906 839
3907 2780
3908 1772
3909 2388
3910 3190
3911 195
3912 3524
3913 1
3914 2694
3915 66
3916 2357
3917 740
3918 2078
3919 2260
3920 103
3921 2821
3922 2149
3923 1864
3924 953
3925 3063
3926 2038
3927 1035
3928 3531
3929 656
3930 2448
3931 3286
3932 220
3933 3146
3934 1113
3935 2721
3936 2999
3937 2291
3938 17
3939 1633
3940 2072
3941 267
3942 2292
3943 1563
3944 689
3945 141
3946 2928
3947 3036
3948 1791
3949 1959
3950 103
3951 644
3952 2969
3953 1305
3954 2789
3955 3476
3956 3338
3957 2930
3958 205
3959 731
3960 1875
3961 613
3962 1263
3963 387
3964 3168
3965 478
3966 2520
3967 3162
3968 1444
3969 1466
3970 2207
3971 754
3972 513
3973 1712
3974 2084
3975 13
3976 2649
3977 1444
3978 2532
3979 2984
3980 1968
3981 919
3982 2328
3983 2731
3984 470
3985 1880
3986 2936
3987 2164
3988 3553
3989 1757
3990 1045
3991 709
3992 2706
3993 1717
3994 2472
3995 3279
3996 749
3997 2365
3998 966
3999 2752
4000 1811
4001 914
4002 2842
4003 1411
4004 1873
4005 814
4006 1879
4007 1312
4008 3398
4009 534
4010 444
4011 1811
4012 950
4013 2434
4014 540
4015 172
4016 3461
4017 261
4018 2326
4019 621
4020 2589
4021 3211
4022 614
4023 1496
4024 2690
4025 3540
4026 2337
4027 1662
4028 1771
4029 2787
4030 1832
4031 1204
4032 2011
4033 1911
4034 358
4035 75
4036 2931
4037 3199
4038 3302
4039 866
4040 3151
4041 2890
4042 2794
4043 2918
4044 2974
4045 2086
4046 1770
4047 1281
4048 1945
4049 1022
4050 2833
4051 857
4052 425
4053 1390
4054 1734
4055 400
4056 1427
4057 1936
4058 1357
4059 1469
4060 325
4061 2826
4062 229
4063 3042
4064 1482
4065 1640
4066 402
4067 681
4068 2279
4069 2157
4070 620
4071 508
4072 1294
4073 1177
4074 1576
4075 1376
4076 2856
4077 3252
4078 108
4079 1781
4080 2874
4081 2159
4082 2015
4083 55
4084 1438
4085 36
4086 207
4087 638
4088 2218
4089 873
4090 858
4091 2416
4092 1629
4093 2801
4094 3047
4095 2616
4096 1855
4097 1389
4098 3503
4099 3126
4100 511
4101 674
4102 375
4103 3560
4104 60
4105 3520
4106 1237
4107 1400
4108 660
4109 37
4110 2008
4111 1772
4112 1899
4113 1613
4114 1455
4115 308
4116 1081
4117 2802
4118 3557
4119 3441
4120 175
4121 948
4122 2419
4123 2046
4124 478
4125 284
4126 2582
4127 88
4128 2955
4129 1838
4130 3491
4131 2996
4132 2094
4133 2845
4134 961
4135 848
4136 504
4137 2705
4138 3559
4139 1325
4140 800
4141 2371
4142 74
4143 2874
4144 1778
4145 3336
4146 3263
4147 1249
4148 3132
4149 2576
4150 1256
4151 2087
4152 1722
4153 1337
4154 3559
4155 3105
4156 533
4157 2946
4158 3167
4159 1914
4160 406
4161 3136
4162 517
4163 1786
4164 3196
4165 667
4166 2142
4167 1951
4168 2628
4169 2317
4170 505
4171 2879
4172 1219
4173 2832
4174 1639
4175 377
4176 3263
4177 752
4178 1410
4179 693
4180 1695
4181 1951
4182 3530
4183 2917
4184 1585
4185 1194
4186 2393
4187 1687
4188 2981
4189 2497
4190 567
4191 3123
4192 3036
4193 747
4194 2850
4195 3385
4196 1571
4197 3467
4198 2911
4199 2744
4200 2983
4201 3274
4202 3296
4203 1508
4204 3302
4205 448
4206 269
4207 1988
4208 1361
4209 3161
4210 2442
4211 1491
4212 875
4213 232
4214 1472
4215 3276
4216 2039
4217 631
4218 2725
4219 3402
4220 1328
4221 2749
4222 2887
4223 812
4224 1445
4225 2821
4226 1000
4227 31
4228 1043
4229 1837
4230 2760
4231 699
4232 2656
4233 629
4234 1501
4235 1630
4236 2403
4237 73
4238 911
4239 1828
4240 1840
4241 1681
4242 1604
4243 2177
4244 1165
4245 3228
4246 2072
4247 324
4248 2789
4249 511
4250 1393
4251 2295
4252 798
4253 960
4254 1026
4255 1831
4256 479
4257 1961
4258 1767
4259 1652
4260 2817
4261 2639
4262 583
4263 239
4264 3190
4265 2444
4266 2013
4267 1332
4268 3401
4269 3484
4270 459
4271 240
4272 889
4273 1992
4274 2079
4275 416
4276 3494
4277 1081
4278 1316
4279 1618
4280 2098
4281 664
4282 2415
4283 2304
4284 1716
4285 1621
4286 2581
4287 1526
4288 15
4289 1259
4290 709
4291 1512
4292 2973
4293 69
4294 3558
4295 32
4296 1106
4297 1107
4298 2391
4299 1918
4300 2522
4301 1358
4302 604
4303 1614
4304 964
4305 1972
4306 1338
4307 1806
4308 3040
4309 1536
4310 2319
4311 2975
4312 1341
4313 716
4314 2165
4315 1193
4316 3342
4317 2938
4318 3018
4319 1637
4320 966
4321 779
4322 207
4323 1099
4324 1856
4325 1238
4326 1918
4327 111
4328 269
4329 622
4330 2931
4331 2907
4332 805
4333 3279
4334 3544
4335 942
4336 2297
4337 3216
4338 1122
4339 3147
4340 1437
4341 801
4342 2403
4343 0
4344 2463
4345 1861
4346 902
4347 3514
4348 3484
4349 130
4350 2491
4351 541
4352 2050
4353 1030
4354 2160
4355 2845
4356 2688
4357 2739
4358 800
4359 3082
4360 1572
4361 3255
4362 2482
4363 2949
4364 1615
4365 623
4366 1518
4367 1457
4368 608
4369 3366
4370 2386
4371 1350
4372 2344
4373 501
4374 824
4375 2776
4376 3129
4377 2615
4378 3413
4379 458
4380 2076
4381 2243
4382 539
4383 695
4384 1659
4385 1080
4386 962
4387 1186
4388 1064
4389 179
4390 1054
4391 1590
4392 1452
4393 329
4394 1837
4395 911
4396 265
4397 756
4398 2714
4399 3383
4400 1562
4401 594
4402 1468
4403 2039
4404 3540
4405 2831
4406 3372
4407 3370
4408 1660
4409 2415
4410 465
4411 2999
4412 2813
4413 480
4414 1288
4415 830
4416 1053
4417 2459
4418 978
4419 333
4420 724
4421 3424
4422 2368
4423 1582
4424 427
4425 2238
4426 1664
4427 866
4428 215
4429 3401
4430 1949
4431 2962
4432 979
4433 844
4434 2939
4435 1875
4436 2672
4437 2141
4438 1085
4439 59
4440 2316
4441 3118
4442 1532
4443 618
4444 710
4445 237
4446 271
4447 3238
4448 640
4449 551
4450 2973
4451 1658
4452 1237
4453 463
4454 2339
4455 451
4456 252
4457 1030
4458 1857
4459 1178
4460 2280
4461 3199
4462 3062
4463 1964
4464 868
4465 2378
4466 790
4467 3237
4468 445
4469 1288
4470 2358
4471 3125
4472 1542
4473 1300
4474 677
4475 3316
4476 2157
4477 1638
4478 1004
4479 1605
4480 1823
4481 1005
4482 2560
4483 508
4484 81
4485 2211
4486 1544
4487 347
4488 1039
4489 767
4490 3480
4491 2967
4492 1864
4493 291
4494 2893
4495 1055
4496 3108
4497 2102
4498 1935
4499 2813
4500 192
4501 366
4502 891
4503 412
4504 3476
4505 617
4506 53
4507 3501
4508 3352
4509 430
4510 28
4511 84
4512 2863
4514 357
4515 128
4516 2847
4517 3509
4518 2654
4519 2123
4520 801
4521 2244
4522 441
4523 447
4524 2847
4525 3211
4526 2711
4527 806
4528 1965
4529 1379
4530 386
4531 3477
4532 3498
4533 3184
4534 3262
4535 3474
4536 568
4537 2978
4538 2574
4539 2408
4540 2949
4541 2690
4542 938
4543 2412
4544 531
4545 849
4546 186
4547 727
4548 3267
4549 867
4550 725
4551 1085
4552 3378
4553 1295
4554 2462
4555 1669
4556 3539
4557 2850
4558 1586
4559 818
4560 1711
4561 1081
4562 1673
4563 2438
4564 129
4565 43
4566 2324
4567 2467
4568 1994
4569 1601
4570 2985
4571 1611
4572 29
4573 1154
4574 2904
4575 72
4576 3206
4577 679
4578 3425
4579 2892
4580 2012
4581 1740
4582 3309
4583 3365
4584 1924
4585 1058
4586 2828
4587 643
4588 1285
4589 2013
4590 1619
4591 2658
4592 75
4593 2506
4594 0
4595 3469
4596 3221
4597 1512
4598 1514
4599 294
4600 2925
4601 676
4602 319
4603 948
4604 1505
4605 408
4606 1077
4607 3029
4608 1031
4609 2380
4610 2721
4611 2792
4612 2349
4613 1123
4614 1741
4615 2887
4616 1342
4617 2521
4618 265
4619 3198
4620 794
4621 2654
4622 1883
4623 3495
4624 1330
4625 1360
4626 1859
4627 1992
4628 2077
4629 2541
4630 3546
4631 3162
4632 2331
4633 2442
4634 2791
4635 2876
4636 3339
4637 3487
4638 2648
4639 2043
4640 1071
4641 3202
4642 3336
4643 1117
4644 1001
4645 598
4646 621
4647 3093
4648 3119
4649 1543
4650 2478
4651 273
4652 1399
4653 1194
4654 1042
4655 431
4656 1081
4657 1227
4658 2616
4659 3299
4660 706
4661 2964
4662 3371
4663 2018
4664 2957
4665 865
4666 2516
4667 2207
4668 3303
4669 436
4670 3500
4671 2740
4672 1237
4673 3525
4674 1238
4675 2562
4676 3229
4677 161
4678 1059
4679 1231
4680 857
4681 203
4682 899
4683 3437
4684 3241
4685 3364
4686 999
4687 1197
4688 1331
4689 601
4690 940
4691 2291
4692 416
4693 1706
4694 1178
4695 3096
4696 746
4697 1249
4698 1251
4699 2568
4700 139
4701 1913
4702 2355
4703 2323
4704 682
4705 1290
4706 2439
4707 3328
4708 3554
4709 3328
4710 3341
4711 641
4712 1011
4713 1473
4714 3226
4715 3445
4716 2732
4717 1738
4718 1073
4719 980
4720 1101
4721 88
4722 839
4723 1698
4724 597
4725 1113
4726 2702
4727 3400
4728 1180
4729 92
4730 1938
4731 592
4732 2436
4733 1424
4734 3556
4735 768
4736 1543
4737 1406
4738 227
4739 675
4740 3379
4741 2845
4742 1130
4743 114
4744 1374
4745 1173
4746 2063
4747 2657
4748 680
4749 2879
4750 2524
4751 162
4752 200
4753 1902
4754 1080
4755 3212
4756 3448
4757 1971
4758 2950
4759 1080
4760 403
4761 1226
4762 728
4763 1076
4764 137
4765 1552
4766 3167
4767 1638
4768 2737
4769 2035
4770 3152
4771 550
4772 918
4773 834
4774 917
4775 682
4776 1414
4777 697
4778 2991
4779 1773
4780 3443
4781 893
4782 1623
4783 1659
4784 1438
4785 792
4786 3102
4787 2334
4788 3208
4789 1086
4790 2054
4791 1893
4792 594
4793 2649
4794 1404
4795 1999
4796 2466
4797 2600
4798 736
4799 1487
4800 2057
4801 3453
4802 2028
4803 1813
4804 741
4805 1234
4806 3544
4807 955
4808 348
4809 754
4810 1066
4811 915
4812 1546
4813 701
4814 127
4815 1759
4816 475
4817 2919
4818 711
4819 2111
4820 2200
4821 1429
4822 1091
4823 2745
4824 2954
4825 1022
4826 834
4827 583
4828 1271
4829 605
4830 3291
4831 998
4832 3375
4833 247
4834 2743
4835 2133
4836 446
4837 932
4838 2346
4839 1055
4840 874
4841 2622
4842 3168
4843 3069
4844 262
4845 3375
4846 3093
4847 1877
4848 472
4849 2438
4850 1570
4851 1431
4852 552
4853 474
4854 1128
4855 3063
4856 3111
4857 3012
4858 2577
4859 904
4860 2823
4861 1534
4862 2173
4863 951
4864 385
4865 2928
4866 1872
4867 2646
4868 2625
4869 698
4870 3288
4871 3020
4872 1259
4873 2033
4874 2964
4875 176
4876 922
4877 3317
4878 3043
4879 2612
4880 951
4881 3513
4882 2218
4883 2334
4884 3537
4885 2682
4886 2214
4887 3105
4888 2669
4889 1406
4890 1447
4891 2849
4892 337
4893 2442
4894 2234
4895 55
4896 2495
4897 834
4898 2692
4899 1461
4900 1293
4901 73
4902 3023
4903 3155
4904 652
4905 1237
4906 364
4907 447
4908 2091
4909 245
4910 268
4911 455
4912 2323
4913 233
4914 720
4915 2293
4916 1301
4917 1313
4918 1944
4919 800
4920 2908
4921 948
4922 2812
4923 1023
4924 1125
4925 2954
4926 2177
4927 138
4928 2358
4929 2891
4930 310
4931 3280
4932 326
4933 2480
4934 454
4935 947
4936 946
4937 1408
4938 2876
4939 2292
4940 1335
4941 260
4942 2055
4943 550
4944 1093
4945 1705
4946 2701
4947 1118
4948 819
4949 3378
4950 3281
4951 1478
4952 3300
4953 797
4954 1927
4955 604
4956 2363
4957 1968
4958 3504
4959 1657
4960 1532
4961 2299
4962 2651
4963 3319
4964 2681
4965 2359
4966 575
4967 533
4968 62
4969 2495
4970 1772
4971 771
4972 3031
4973 1264
4974 2781
4975 3315
4976 2075
4977 2314
4978 3140
4979 2394
4980 3311
4981 3498
4982 2579
4983 253
4984 1880
4985 2046
4986 1323
4987 1212
4988 755
4989 969
4990 3183
4991 391
4992 1059
4993 1446
4994 375
4995 1050
4996 427
4997 2773
4998 2753
4999 512
5000 3534
5001 3159
5002 817
5003 2655
5004 1734
5005 1461
5006 285
5007 349
5008 2109
5009 2976
5010 1684
5011 1682
5012 693
5013 3302
5014 813
5015 2902
5016 2372
5017 1991
5018 776
5019 2921
5020 2843
5021 633
5022 1353
5023 1966
5024 495
5025 2041
5026 888
5027 450
5028 19
5029 385
5030 1685
5031 2032
5032 963
5033 2241
5034 78
5035 839
5036 1828
5037 1084
5038 2418
5039 2682
5040 1066
5041 2695
5042 1124
5043 2751
5044 876
5045 3291
5046 1595
5047 2953
5048 792
5049 1058
5050 1297
5051 358
5052 412
5053 1924
5054 28
5055 3369
5056 757
5057 1684
5058 621
5059 133
5060 3323
5061 2832
5062 424
5063 644
5064 1207
5065 3464
5066 829
5067 71
5068 1794
5069 3561
5070 1994
5071 2504
5072 1950
5073 1559
5074 2637
5075 1271
5076 520
5077 2465
5078 1757
5079 930
5080 3288
5081 2442
5082 2558
5083 907
5084 1949
5085 2445
5086 1189
5087 700
5088 1304
5089 2552
5090 2549
5091 2725
5092 2961
5093 3279
5094 3524
5095 1995
5096 2869
5097 3478
5098 1484
5099 3411
5100 1406
5101 1924
5102 1321
5103 2453
5104 2500
5105 92
5106 1971
5107 2514
5108 2074
5109 2846
5110 1261
5111 1364
5112 3364
5113 1838
5114 1930
5115 2805
5116 1453
5117 1852
5118 756
5119 657
5120 1222
5121 2989
5122 3268
5123 1062
5124 174
5125 3231
5126 907
5127 2688
5128 1632
5129 2310
5130 782
5131 2028
5132 1969
5133 1635
5134 1179
5135 1012
5136 517
5137 2478
5138 53
5139 122
5140 852
5141 897
5142 3454
5143 1873
5144 1772
5145 1115
5146 1395
5147 2500
5148 1037
5149 2059
5150 2390
5151 199
5152 250
5153 1759
5154 3403
5155 475
5156 752
5157 1554
5158 3463
5159 2217
5160 1746
5161 2323
5162 618
5163 3185
5164 1949
5165 1700
5166 351
5167 3541
5168 117
5169 3151
5170 354
5171 501
5172 861
5173 2979
5174 1596
5175 1481
5176 1186
5177 819
5178 662
5179 335
5180 2739
5181 3273
5182 1098
5183 727
5184 1436
5185 3015
5186 447
5187 1316
5188 2513
5189 2826
5190 3291
5191 2734
5192 587
5193 2544
5194 1975
5195 43
5196 1086
5197 1189
5198 392
5199 1201
5200 2041
5201 968
5202 2270
5203 1383
5204 324
5205 1812
5206 409
5207 202
5208 3504
5209 1757
5210 3427
5211 2779
5212 407
5213 1824
5214 1490
5215 465
5216 356
5217 1869
5218 725
5219 2527
5220 576
5221 3411
5222 57
5223 2046
5224 685
5225 2022
5226 2994
5227 1287
5228 691
5229 660
5230 1443
5231 1915
5232 1990
5233 574
5234 2566
5235 1076
5236 3247
5237 2464
5238 2849
5239 3115
5240 1104
5241 990
5242 422
5243 762
5244 3061
5245 1648
5246 3297
5247 1242
5248 1237
5249 831
5250 1233
5251 2265
5252 1328
5253 814
5254 2005
5255 1496
5256 1509
5257 2294
5258 1568
5259 2304
5260 1227
5261 3281
5262 682
5263 881
5264 3269
5265 730
5266 180
5267 947
5268 1749
5269 2274
5270 935
5271 2073
5272 877
5273 470
5274 856
5275 159
5276 1495
5277 645
5278 2609
5279 1519
5280 2875
5281 138
5282 3286
5283 2853
5284 882
5285 1256
5286 1447
5287 3145
5288 437
5289 1318
5290 2664
5291 2670
5292 1214
5293 3028
5294 3272
5295 1018
5296 2811
5297 523
5298 2436
5299 1512
5300 1925
5301 417
5302 1117
5303 2654
5304 2124
5305 10
5306 150
5307 855
5308 1267
5309 1343
5310 1096
5311 2779
5312 16
5313 712
5314 1705
5315 276
5316 1584
5317 1571
5318 782
5319 1694
5320 1969
5321 1814
5322 2839
5323 1303
5324 1898
5325 2503
5326 3459
5327 443
5328 1327
5329 58
5330 3023
5331 2107
5332 932
5333 324
5334 2329
5335 261
5336 1033
5337 3372
5338 103
5339 3420
5340 533
5341 1149
5342 269
5343 1971
5344 996
5345 2936
5346 2691
5347 1281
5348 618
5349 2872
5350 397
5351 228
5352 132
5353 561
5354 120
5355 2336
5356 3073
5357 2892
5358 1490
5359 1803
5360 2181
5361 25
5362 318
5363 1217
5364 3051
5365 1703
5366 819
5367 3337
5368 1731
5369 1222
5370 2366
5371 825
5372 1934
5373 2913
5374 257
5375 750
5376 2848
5377 79
5378 2113
5379 1398
5380 1900
5381 2448
5382 1903
5383 1059
5384 2165
5385 96
5386 920
5387 1622
5388 1677
5389 182
5390 1219
5391 1025
5392 307
5393 3420
5394 2112
5395 2007
5396 1407
5397 745
5398 2594
5399 1530
5400 2617
5401 2690
5402 171
5403 355
5404 1322
5405 440
5406 1200
5407 2206
5408 1885
5409 3133
5410 1054
5411 57
5412 2813
5413 585
5414 1466
5415 850
5416 2621
5417 1835
5418 3347
5419 82
5420 328
5421 1668
5422 3537
5423 1835
5424 902
5425 309
5426 942
5427 3194
5428 3443
5429 2727
5430 1865
5431 2738
5432 387
5433 2808
5434 2264
5435 2502
5436 2509
5437 3021
5438 3299
5439 1958
5440 2923
5441 2509
5442 2839
5443 2847
5444 628
5445 800
5446 3131
5447 1328
5448 218
5449 1089
5450 496
5451 3177
5452 1459
5453 223
5454 1347
5455 1828
5456 1888
5457 2755
5458 147
5459 1202
5460 3391
5461 191
5462 1917
5463 979
5464 854
5465 145
5466 1510
5467 594
5468 127
5469 2590
5470 856
5471 2113
5472 973
5473 281
5474 2924
5475 3450
5476 745
5477 830
5478 3139
5479 1166
5480 2986
5481 3075
5482 1911
5483 226
5484 3441
5485 805
5486 1883
5487 168
5488 1178
5489 2302
5490 3279
5491 1245
5492 453
5493 33
5494 1647
5495 564
5496 2132
5497 1237
5498 1998
5499 2330
5500 1421
5501 2113
5502 2884
5503 2593
5504 2305
5505 3027
5506 2799
5507 2287
5508 2277
5509 3560
5510 2236
5511 292
5512 348
5513 216
5514 2439
5515 368
5516 2029
5517 1267
5518 985
5519 214
5520 3073
5521 658
5522 3559
5523 177
5524 226
5525 1783
5526 2984
5527 765
5528 166
5529 1432
5530 2555
5531 2336
5532 59
5533 512
5534 849
5535 3511
5536 565
5537 1427
5538 3004
5539 2371
5540 3231
5541 1619
5542 2690
5543 3430
5544 2100
5545 930
5546 1576
5547 2328
5548 2013
5549 2003
5550 2012
5551 2840
5552 2138
5553 2832
5554 704
5555 3190
5556 1213
5557 539
5558 1663
5559 867
5560 484
5561 1284
5562 2546
5563 1857
5564 2852
5565 480
5566 213
5567 1545
5568 2799
5569 1551
5570 3204
5571 1016
5572 3438
5573 3286
5574 471
5575 3371
5576 2885
5577 2296
5578 3102
5579 152
5580 2949
5581 278
5582 2413
5583 2022
5584 1301
5585 256
5586 2754
5587 2085
5588 342
5589 1879
5590 2530
5591 2561
5592 2532
5593 2214
5594 435
5595 2726
5596 3003
5597 1651
5598 361
5599 3129
5600 1293
5601 2113
5602 1756
5603 1721
5604 513
5605 2139
5606 1644
5607 495
5608 1967
5609 265
5610 2352
5611 1958
5612 1495
5613 2880
5614 1299
5615 140
5616 3020
5617 2743
5618 306
5619 3226
5620 1477
5621 1483
5622 1582
5623 171
5624 1493
5625 139
5626 226
5627 997
5628 305
5629 479
5630 1143
5631 204
5632 1015
5633 3214
5634 2417
5635 3448
5636 2126
5637 717
5638 2455
5639 3024
5640 2266
5641 1301
5642 2092
5643 775
5644 506
5645 1923
5646 397
5647 2861
5648 2919
5649 403
5650 3024
5651 1913
5652 846
5653 2704
5654 1067
5655 2197
5656 890
5657 2252
5658 2564
5659 844
5660 3070
5661 51
5662 206
5663 3227
5664 1241
5665 2340
5666 1557
5667 2442
5668 72
5669 3173
5670 862
5671 3350
5672 1551
5673 2490
5674 3356
5675 850
5676 1024
5677 1034
5678 1521
5679 2190
5680 667
5681 910
5682 3215
5683 2440
5684 2124
5685 664
5686 381
5687 2402
5688 3553
5689 2149
5690 2050
5691 376
5692 1935
5693 226
5694 221
5695 1014
5696 470
5697 284
5698 835
5699 1319
5700 2250
5701 2510
5702 1861
5703 3200
5704 1227
5705 2536
5706 3334
5707 1880
5708 2698
5709 723
5710 83
5711 2968
5712 3377
5713 31
5714 896
5715 318
5716 2864
5717 1010
5718 2186
5719 1192
5720 2820
5721 590
5722 1441
5723 3440
5724 1898
5725 41
5726 3178
5727 3560
5728 472
5729 1991
5730 191
5731 2437
5732 2574
5733 175
5734 1986
5735 2026
5736 697
5737 932
5738 2120
5739 1446
5740 1476
5741 1560
5742 2524
5743 314
5744 432
5745 155
5746 2663
5747 2377
5748 409
5749 1205
5750 3002
5751 1083
5752 1050
5753 2034
5754 254
5755 3038
5756 2058
5757 1552
5758 813
5759 3209
5760 858
5761 2346
5762 2307
5763 742
5764 2279
5765 3224
5766 47
5767 92
5768 1429
5769 219
5770 3044
5771 3449
5772 2639
5773 405
5774 1164
5775 2628
5776 3440
5777 2391
5778 454
5779 2302
5780 851
5781 131
5782 1212
5783 1880
5784 627
5785 1679
5786 403
5787 2303
5788 1746
5789 1512
5790 2767
5791 3287
5792 53
5793 1345
5794 2372
5795 2770
5796 1343
5797 1997
5798 2490
5799 2552
5800 664
5801 1584
5802 2235
5803 1420
5804 2956
5805 2259
5806 2265
5807 3249
5808 2433
5809 2262
5810 551
5811 2438
5812 2902
5813 2305
5814 1881
5815 1960
5816 2222
5817 21
5818 22
5819 2413
5820 1689
5821 390
5822 873
5823 1682
5824 2748
5825 1441
5826 560
5827 1837
5828 1585
5829 168
5830 194
5831 669
5832 3475
5833 2961
5834 2024
5835 3461
5836 171
5837 2417
5838 478
5839 1883
5840 1133
5841 3424
5842 1479
5843 1018
5844 1416
5845 898
5846 2371
5847 3013
5848 342
5849 993
5850 3046
5851 2532
5852 1954
5853 3252
5854 3126
5855 539
5856 2483
5857 3092
5858 33
5859 2442
5860 2422
5861 621
5862 639
5863 1450
5864 2374
5865 1085
5866 3228
5867 677
5868 2684
5869 982
5870 3158
5871 1111
5872 3405
5873 186
5874 958
5875 3440
5876 3336
5877 3431
5878 94
5879 50
5880 122
5881 624
5882 1906
5883 624
5884 503
5885 1744
5886 503
5887 331
5888 2690
5889 39
5890 2318
5891 2010
5892 2607
5893 471
5894 3468
5895 814
5896 727
5897 114
5898 3119
5899 1885
5900 2152
5901 1229
5902 670
5903 2738
5904 687
5905 1838
5906 46
5907 1717
5908 2095
5909 1605
5910 759
5911 64
5912 648
5913 2600
5914 2023
5915 3449
5916 2575
5917 1384
5918 1841
5919 718
5920 735
5921 1209
5922 2602
5923 733
5924 905
5925 1514
5926 857
5927 2634
5928 1929
5929 3249
5930 3067
5931 1615
5932 1059
5933 254
5934 3051
5935 973
5936 2720
5937 3148
5938 3473
5939 2179
5940 2122
5941 3412
5942 2858
5943 423
5944 2840
5945 2648
5946 532
5947 2815
5948 2721
5949 3301
5950 1983
5951 1362
5952 1271
5953 3398
5954 36
5955 2491
5956 1288
5957 2367
5958 1413
5959 2412
5960 946
5961 711
5962 685
5963 3116
5964 419
5965 462
5966 1425
5967 1635
5968 2733
5969 146
5970 2917
5971 3440
5972 362
5973 49
5974 2972
5975 3461
5976 1490
5977 2449
5978 1776
5979 2694
5980 3388
5981 158
5982 2812
5983 2502
5984 1455
5985 2175
5986 1060
5987 3249
5988 64
5989 700
5990 1899
5991 1663
5992 737
5993 605
5994 2483
5995 1674
5996 1963
5997 1339
5998 99
5999 852
6000 235
6001 1976
6002 700
6003 1084
6004 262
6005 3013
6006 2613
6007 1060
6008 2846
6009 2665
6010 393
6011 1556
6012 1809
6013 1094
6014 2696
6015 927
6016 19
6017 833
6018 1891
6019 3270
6020 2597
6021 236
6022 2402
6023 1316
6024 1640
6025 3198
6026 1502
6027 3191
6028 2493
6029 1175
6030 274
6031 941
6032 474
6033 893
6034 2237
6035 3434
6036 2923
6037 2376
6038 1994
6039 2228
6040 2532
6041 3286
6042 1619
6043 369
6044 2422
6045 3025
6046 1823
6047 3017
6048 2787
6049 268
6050 3021
6051 1469
6052 569
6053 1370
6054 576
6055 1120
6056 132
6057 2334
6058 706
6059 2451
6060 763
6061 748
6062 487
6063 2847
6064 1293
6065 1812
6066 1134
6067 3175
6068 2643
6069 3259
6070 2066
6071 1160
6072 3326
6073 1712
6074 2383
6075 1115
6076 2704
6077 1658
6078 3474
6079 1419
6080 2545
6081 1494
6082 1610
6083 2129
6084 2245
6085 2761
6086 813
6087 615
6088 1847
6089 3417
6090 3108
6091 3055
6092 3327
6093 995
6094 2797
6095 1957
6096 3155
6097 512
6098 3553
6099 210
6100 1722
6101 1150
6102 3562
6103 2602
6104 1501
6105 2478
6106 1358
6107 816
6108 752
6109 49
6110 2102
6111 20
6112 6
6113 1346
6114 1087
6115 3517
6116 654
6117 1217
6118 1369
6119 845
6120 424
6121 1832
6122 467
6123 2592
6124 320
6125 2713
6126 3014
6127 2320
6128 1723
6129 2486
6130 2522
6131 1617
6132 3551
6133 1513
6134 2409
6135 1099
6136 720
6137 2042
6138 95
6139 2430
6140 3514
6141 2791
6142 819
6143 714
6144 1542
6145 2877
6146 1379
6147 2932
6148 2024
6149 3296
6150 48
6151 2755
6152 2186
6153 386
6154 2079
6155 473
6156 405
6157 441
6158 1282
6159 2886
6160 2998
6161 593
6162 2676
6163 2407
6164 2597
6165 124
6166 469
6167 1158
6168 604
6169 3042
6170 757
6171 2532
6172 1696
6173 1201
6174 2963
6175 2190
6176 98
6177 1004
6178 1958
6179 3012
6180 433
6181 1744
6182 1276
6183 705
6184 411
6185 68
6186 291
6187 3273
6188 3495
6189 2073
6190 1721
6191 2753
6192 2970
6193 3222
6194 1591
6195 408
6196 1063
6197 2154
6198 3237
6199 2778
6200 2401
6201 2767
6202 2428
6203 3427
6204 2450
6205 2186
6206 1110
6207 663
6208 2924
6209 2225
6210 3170
6211 542
6212 775
6213 1521
6214 2571
6215 442
6216 550
6217 2
6218 1012
6219 3222
6220 986
6221 1733
6222 1186
6223 529
6224 1746
6225 540
6226 104
6227 2371
6228 233
6229 1786
6230 2945
6231 969
6232 966
6233 753
6234 1200
6235 2507
6236 893
6237 254
6238 3047
6239 276
6240 2845
6241 910
6242 32
6243 1304
6244 772
6245 602
6246 969
6247 61
6248 3229
6249 2386
6250 188
6251 2919
6252 2412
6253 2406
6254 1584
6255 3509
6256 1517
6257 347
6258 426
6259 3542
6260 3223
6261 1334
6262 1594
6263 3361
6264 235
6265 2496
6266 2724
6267 881
6268 485
6269 1917
6270 68
6271 2663
6272 1045
6273 1848
6274 2712
6275 3067
6276 1684
6277 1716
6278 3512
6279 1009
6280 2684
6281 778
6282 3415
6283 1866
6284 3230
6285 2184
6286 1424
6287 155
6288 284
6289 1009
6290 2813
6291 631
6292 2976
6293 3076
6294 3353
6295 3108
6296 1711
6297 649
6298 2906
6299 3380
6300 1914
6301 633
6302 1894
6303 3278
6304 2312
6305 1153
6306 2361
6307 699
6308 2556
6309 1788
6310 1564
6311 1584
6312 2311
6313 2783
6314 1044
6315 689
6316 1738
6317 2069
6318 1370
6319 1575
6320 3105
6321 754
6322 2900
6323 2241
6324 3346
6325 3167
6326 3099
6327 2183
6328 1849
6329 2058
6330 190
6331 727
6332 294
6333 91
6334 793
6335 1659
6336 264
6337 2588
6338 3001
6339 563
6340 2347
6341 1452
6342 1612
6343 2747
6344 5
6345 783
6346 2856
6347 3169
6348 1508
6349 3321
6350 804
6351 1515
6352 360
6353 756
6354 741
6355 772
6356 3343
6357 1400
6358 2353
6359 752
6360 1958
6361 2739
6362 2508
6363 3291
6364 63
6365 2499
6366 3323
6367 2910
6368 1716
6369 1773
6370 252
6371 3109
6372 3112
6373 1499
6374 350
6375 779
6376 1317
6377 529
6378 626
6379 1153
6380 2954
6381 1980
6382 34
6383 1055
6384 182
6385 602
6386 3269
6387 3529
6388 2644
6389 1016
6390 2511
6391 1946
6392 3148
6393 2357
6394 1955
6395 2216
6396 1488
6397 540
6398 2375
6399 346
6400 1389
6401 2633
6402 824
6403 1591
6404 1897
6405 1170
6406 2886
6407 1168
6408 1368
6409 1866
6410 2967
6411 1547
6412 1738
6413 2040
6414 2507
6415 2549
6416 2156
6417 3207
6418 3284
6419 2979
6420 3298
6421 2017
6422 3074
6423 592
6424 493
6425 2364
6426 802
6427 2570
6428 1426
6429 2708
6430 2497
6431 2243
6432 1566
6433 2698
6434 3298
6435 3343
6436 2992
6437 73
6438 2211
6439 1576
6440 2854
6441 3061
6442 1958
6443 2560
6444 3084
6445 1268
6446 768
6447 1884
6448 2148
6449 1817
6450 1487
6451 759
6452 3186
6453 3011
6454 734
6455 2730
6456 3558
6457 3462
6458 1502
6459 1003
6460 359
6461 2234
6462 2383
6463 1731
6464 3301
6465 4
6466 1185
6467 2676
6468 2996
6469 26
6470 3164
6471 3089
6472 1880
6473 2574
6474 2906
6475 835
6476 2738
6477 3042
6478 1567
6479 1615
6480 513
6481 3514
6482 3397
6483 2046
6484 1511
6485 3096
6486 620
6487 901
6488 115
6489 782
6490 2671
6491 2746
6492 385
6493 2091
6494 621
6495 579
6496 3418
6497 2621
6498 1840
6499 254
6500 2495
6501 1576
6502 250
6503 1332
6504 288
6505 590
6506 465
6507 1902
6508 1549
6509 2425
6510 1535
6511 1386
6512 1163
6513 2633
6514 440
6515 524
6516 519
6517 1298
6518 279
6519 1227
6520 1862
6521 1633
6522 3120
6523 2240
6524 2910
6525 2885
6526 1622
6527 1038
6528 2084
6529 3264
6530 1261
6531 1086
6532 200
6533 2507
6534 1624
6535 2107
6536 30
6537 2210
6538 2999
6539 2552
6540 216
6541 2325
6542 1925
6543 2064
6544 2306
6545 2847
6546 2736
6547 2237
6548 2968
6549 3562
6550 2598
6551 1990
6552 1811
6553 2413
6554 2215
6555 1300
6556 431
6557 1359
6558 2047
6559 2028
6560 62
6561 731
6562 3006
6563 2834
6564 2829
6565 1707
6566 2225
6567 1679
6568 32
6569 2885
6570 250
6571 759
6572 680
6573 2144
6574 406
6575 2077
6576 3054
6577 788
6578 1068
6579 3479
6580 3210
6581 3410
6582 515
6583 1826
6584 3175
6585 2822
6586 1085
6587 30
6588 2944
6589 2961
6590 103
6591 446
6592 2986
6593 1711
6594 2212
6595 1224
6596 614
6597 3434
6598 2474
6599 2403
6600 1455
6601 3313
6602 1361
6603 2606
6604 2108
6605 281
6606 1502
6607 1775
6608 1744
6609 1110
6610 1060
6611 2391
6612 3562
6613 3088
6614 1700
6615 3442
6616 2917
6617 1568
6618 2036
6619 1006
6620 331
6621 2367
6622 1869
6623 1955
6624 2076
6625 620
6626 1745
6627 1383
6628 3455
6629 3344
6630 477
6631 1407
6632 1168
6633 1326
6634 1311
6635 29
6636 3461
6637 1169
6638 1021
6639 596
6640 99
6641 2731
6642 167
6643 1887
6644 3088
6645 2973
6646 847
6647 493
6648 1546
6649 2306
6650 2234
6651 197
6652 704
6653 380
6654 1517
6655 3334
6656 1645
6657 625
6658 1687
6659 2770
6660 3233
6661 572
6662 2100
6663 3511
6664 727
6665 1063
6666 581
6667 2205
6668 3318
6669 671
6670 3206
6671 1144
6672 2749
6673 1077
6674 1367
6675 2215
6676 235
6677 3200
6678 2202
6679 20
6680 504
6681 2665
6682 3098
6683 1185
6684 2431
6685 2070
6686 2036
6687 3266
6688 3240
6689 2476
6690 3375
6691 2481
6692 1857
6693 2960
6694 2926
6695 2544
6696 1730
6697 3208
6698 3070
6699 1435
6700 650
6701 326
6702 2768
6703 459
6704 729
6705 2440
6706 2541
6707 1081
6708 32
6709 2945
6710 2833
6711 877
6712 2601
6713 3371
6714 722
6715 59
6716 1189
6717 3028
6718 2910
6719 2033
6720 3373
6721 1291
6722 2987
6723 1756
6724 2843
6725 885
6726 636
6727 2957
6728 1665
6729 2173
6730 678
6731 180
6732 3419
6733 1869
6734 984
6735 833
6736 1342
6737 929
6738 2396
6739 768
6740 371
6741 3365
6742 3308
6743 5
6744 2536
6745 2074
6746 3057
6747 342
6748 1112
6749 1388
6750 1292
6751 1534
6752 2177
6753 3390
6754 1625
6755 1256
6756 3114
6757 194
6758 378
6759 1348
6760 1706
6761 515
6762 2057
6763 839
6764 3205
6765 809
6766 461
6767 2899
6768 2124
6769 2719
6770 2910
6771 2031
6772 787
6773 2356
6774 870
6775 3228
6776 3498
6777 62
6778 253
6779 2734
6780 1982
6781 2111
6782 2778
6783 625
6784 1865
6785 1736
6786 2118
6787 3450
6788 2538
6789 1716
6790 328
6791 2894
6792 413
6793 1961
6794 2321
6795 681
6796 1638
6797 3060
6798 121
6799 951
6800 3321
6801 3382
6802 1086
6803 2342
6804 414
6805 2761
6806 3435
6807 643
6808 2069
6809 1986
6810 87
6811 1049
6812 1628
6813 2396
6814 1843
6815 1976
6816 3019
6817 2247
6818 1361
6819 1126
6820 660
6821 1968
6822 380
6823 195
6824 2286
6825 1478
6826 517
6827 2819
6828 2490
6829 2220
6830 3184
6831 1897
6832 515
6833 2625
6834 1714
6835 3097
6836 2643
6837 1014
6838 3444
6839 2333
6840 3213
6841 998
6842 2478
6843 2386
6844 329
6845 298
6846 2231
6847 1889
6848 1645
6849 1587
6850 2751
6851 3240
6852 2929
6853 2821
6854 435
6855 891
6856 131
6857 159
6858 1822
6859 396
6860 909
6861 885
6862 3038
6863 3405
6864 2190
6865 833
6866 1716
6867 2905
6868 3080
6869 1351
6870 1517
6871 3340
6872 1601
6873 2569
6874 1271
6875 3150
6876 1223
6877 541
6878 2960
6879 872
6880 2851
6881 105
6882 11
6883 1962
6884 3006
6885 33
6886 736
6887 3084
6888 2958
6889 3393
6890 2693
6891 2522
6892 155
6893 2209
6894 1183
6895 3027
6896 2205
6897 1227
6898 2129
6899 3003
6900 1975
6901 93
6902 108
6903 416
6904 913
6905 2869
6906 2786
6907 2223
6908 2836
6909 256
6910 550
6911 2702
6912 1577
6913 1339
6914 249
6915 391
6916 1098
6917 1789
6918 2920
6919 3544
6920 2482
6921 2611
6922 3264
6923 1007
6924 1537
6925 3228
6926 371
6927 1637
6928 905
6929 2237
6930 2525
6931 2308
6932 3305
6933 581
6934 2891
6935 2099
6936 2966
6937 1019
6938 2775
6939 846
6940 477
6941 1203
6942 1612
6943 573
6944 2708
6945 2997
6946 1674
6947 2203
6948 3289
6949 1103
6950 129
6951 1301
6952 2270
6953 546
6954 3101
6955 1000
6956 903
6957 1310
6958 1501
6959 1449
6960 2999
6961 433
6962 11
6963 2031
6964 2062
6965 2338
6966 1890
6967 450
6968 3433
6969 799
6970 2923
6971 2261
6972 412
6973 1628
6974 429
6975 3493
6976 1180
6977 2176
6978 2159
6979 3017
6980 1505
6981 2977
6982 654
6983 3176
6984 970
6985 1814
6986 53
6987 2685
6988 2624
6989 1517
6990 970
6991 3494
6992 1209
6993 142
6994 1934
6995 1926
6996 3001
6997 610
6998 2726
6999 1318
7000 2860
7001 346
7002 1212
7003 1312
7004 1705
7005 1942
7006 1759
7007 2203
7008 3377
7009 2511
7010 2309
7011 3429
7012 208
7013 1248
7014 3194
7015 1539
7016 3235
7017 2898
7018 575
7019 1022
7020 253
7021 645
7022 99
7023 2054
7024 429
7025 1652
7026 3287
7027 1341
7028 253
7029 1836
7030 719
7031 2661
7032 3545
7033 3554
7034 93
7035 3118
7036 2758
7037 3251
7038 1043
7039 3407
7040 112
7041 33
7042 1660
7043 2372
7044 170
7045 259
7046 1664
