4608 5
1556 24
4093 9
3744 5
3879 5
4292 9
4016 3
4904 13
4932 15
4636 1
2834 35
559 10
4963 15
3922 5
3463 13
1023 3
1832 32
1306 13
4111 15
853 8
5092 4
4719 13
3767 5
1094 5
4434 16
4522 29
2448 19
3760 16
1288 8
4723 13
3900 24
4676 2
4590 27
4607 9
4652 7
4235 5
4721 16
2196 16
4589 32
1478 12
4338 3
4019 16
5018 2
2390 25
4262 8
411 16
4130 16
3673 8
4754 4
4345 19
2086 27
3480 24
1966 8
4706 29
3868 15
4698 3
3578 17
4665 16
1800 16
4657 8
4532 18
4507 13
3765 15
3811 18
3819 8
4889 13
4094 34
4613 9
4455 9
2267 24
4441 15
3240 16
1662 14
1796 16
4642 12
4825 9
484 8
1236 7
2802 24
3763 2
3797 15
1436 16
4622 15
4136 15
3739 14
1959 35
3320 14
4303 18
3621 16
436 18
2131 19
447 14
3207 25
1416 8
4802 19
557 16
4293 8
625 34
3851 14
4594 24
2191 27
4602 16
4540 6
4318 28
4447 27
4451 29
2296 31
4822 24
3951 34
207 24
3919 29
651 8
2115 35
4973 14
2312 8
4807 29
4863 4
4910 13
3932 8
4075 28
3611 16
1776 13
1374 14
3854 10
4527 12
4233 19
4341 13
4107 11
4424 3
1019 9
4186 13
1569 8
3406 8
4365 16
3937 13
4820 16
4994 15
3736 3
4702 12
4242 13
3026 31
3642 13
2170 8
1337 24
3028 15
4924 13
2514 17
2062 8
2016 19
4283 15
274 16
3973 6
3116 15
4313 19
3266 7
1674 18
4380 31
2520 10
4871 18
4452 9
4374 30
4050 12
2991 27
834 31
1631 7
3672 13
1978 31
3527 16
4453 29
907 27
4609 13
5066 3
3416 8
2759 13
4804 27
4872 19
1121 35
4627 14
429 24
3 3
4819 10
3691 4
2979 9
3756 13
2876 9
4362 18
1097 8
2412 35
4556 29
4268 9
4653 15
4355 18
4281 15
4777 13
3895 16
4197 5
5084 32
2984 17
2645 13
3637 13
5096 8
3783 15
3239 8
2225 8
4500 16
4370 18
3596 8
2701 6
3762 19
3553 8
3792 13
2212 13
2939 29
4442 16
4014 13
1495 8
4905 13
4990 8
3902 16
1816 7
4218 31
3249 10
4185 2
3084 5
2773 8
2868 3
393 8
1539 3
1286 24
2056 7
4972 13
762 8
2427 13
974 7
4223 3
3800 13
1983 24
5033 15
4469 32
2261 8
4437 19
1364 14
4843 4
3586 15
4138 15
3108 16
4126 13
2950 15
4696 13
1292 22
4771 9
2613 16
4163 32
3507 17
3220 27
4914 13
4700 3
3988 3
4612 13
4575 15
4582 3
3107 16
1668 8
3892 9
4096 13
4885 13
3344 16
3314 5
4797 15
4939 26
4361 34
1970 17
4853 10
3724 9
4477 31
4562 15
4704 16
2605 9
725 5
3991 28
5089 13
2929 9
1695 18
4150 18
4467 7
1018 31
110 17
4322 3
3478 22
3790 3
2883 5
830 4
3930 17
5102 16
664 16
3016 29
4660 16
3786 16
4555 5
2829 27
5053 16
4947 19
3784 8
5049 6
3997 13
1391 9
2707 27
4826 34
3682 18
1931 9
376 24
1790 9
4810 16
1873 3
1063 30
4559 24
4066 9
3971 31
3684 1
4052 16
4550 32
1562 16
4273 28
4624 19
4468 3
3985 4
3590 19
4244 9
3860 13
4867 24
3934 9
4925 10
123 16
3567 5
3867 9
4861 4
4775 16
4249 5
4296 9
4085 9
3366 4
2586 24
2969 17
3993 6
1541 8
2171 8
1510 32
1813 18
4236 9
4681 5
4800 5
3591 13
213 27
3633 16
4324 15
28 22
4879 15
4524 16
4221 1
1034 8
4711 7
4803 13
4978 9
352 25
2159 12
4685 24
3620 13
4535 14
4294 5
511 4
95 4
926 24
4529 13
1346 19
4037 15
704 7
759 9
2476 22
3698 35
3861 19
4955 14
2559 7
3865 15
257 7
4086 16
1565 25
3689 9
4473 17
4169 15
3976 9
3151 17
2547 16
4079 13
2867 5
1924 4
3182 3
4808 16
4617 15
4390 3
467 15
4106 3
3830 15
29 12
4013 1
2262 3
4768 34
522 27
4662 16
4691 24
3859 7
4722 16
5076 9
3773 3
1861 15
5058 7
2030 16
1101 2
3915 9
2007 19
4010 29
3536 9
4175 35
4017 10
3752 35
3908 5
4030 16
1684 8
4109 31
1984 5
3609 8
4044 9
4877 25
3950 15
3544 3
5038 32
3665 9
4162 15
1791 16
4114 9
3907 32
4805 9
4121 27
3905 15
4565 5
745 22
4547 13
4936 31
4480 24
4265 8
3598 18
4024 15
5093 32
4110 19
4776 22
4001 24
5048 16
3643 25
566 16
1144 8
3568 14
1967 25
4131 18
4393 22
4298 13
2323 19
3580 19
4061 2
4824 8
4029 7
4377 8
3474 4
4124 13
4661 18
4757 15
2117 27
39 9
4506 32
5074 13
2384 9
1335 7
3681 8
3388 13
4703 14
3312 15
2363 12
3254 9
4987 13
4418 16
3631 1
98 28
4697 15
4483 17
4258 1
3180 9
2629 24
3101 27
3520 7
184 14
2975 14
3872 9
3898 13
1166 24
4423 32
2745 9
2738 16
4431 24
619 13
3805 9
4937 18
4 4584
8 4603
9 3485
12 3367
13 4819
14 4225
15 4577
18 4821
19 3259
21 1595
22 4584
24 2822
34 3929
36 2951
37 4679
38 4085
40 4917
41 2537
42 3661
44 4524
45 4862
46 1966
47 750
51 3478
63 775
64 2010
67 620
68 591
71 1091
73 3769
83 4142
87 4500
90 4253
91 1403
100 2422
102 2324
103 4392
104 3101
105 4607
107 1002
114 4180
118 3182
121 2153
124 4633
126 1501
127 2807
129 1869
135 1468
136 504
137 3835
138 560
141 3884
145 4043
146 1006
149 4324
151 3656
153 4898
154 3
158 2322
159 4015
161 4645
164 1958
167 3550
168 4782
170 3700
171 5120
172 1118
174 1519
178 2672
180 3814
182 365
185 2979
188 4395
195 1422
201 2151
206 2991
219 510
221 3011
225 3417
226 936
230 937
231 2367
232 4362
234 2054
241 3141
242 3000
249 2292
252 560
253 2384
254 2664
259 4876
265 1882
268 4066
270 3351
271 2610
276 1878
278 2841
285 3656
286 1364
287 3085
291 2241
292 4343
294 115
295 3661
298 2403
299 3532
302 348
304 4883
308 3927
309 4134
310 1565
311 2188
312 2617
316 2699
318 1011
320 541
329 2656
331 4070
333 1267
340 4454
341 4663
342 3157
345 2170
346 2820
347 428
351 915
355 3715
356 4749
361 441
363 3969
364 1230
367 4886
368 806
369 3042
370 3945
371 1686
373 282
374 4833
375 4815
377 852
378 2934
379 445
380 1359
382 4174
383 4839
384 2014
386 4623
389 4704
390 1181
391 3258
392 5086
394 2747
395 2136
399 1734
400 1553
403 3937
404 4258
405 1617
414 79
417 4456
419 1880
420 4066
422 2568
423 4276
424 4704
426 2860
430 1719
432 2555
433 3643
438 2557
440 4797
442 867
450 845
451 1653
454 3099
460 2818
461 2400
464 4449
472 1091
473 3740
474 3664
478 1974
480 1940
481 681
482 1655
483 3402
485 2865
486 832
489 3004
491 3685
492 2169
494 3934
495 3190
498 971
499 2771
502 4676
503 3673
507 3889
509 4449
512 1135
514 2133
515 1844
516 2302
517 1003
518 3158
519 4155
526 2431
529 4451
533 4849
534 2331
535 4312
536 1619
537 4340
538 1765
544 2076
545 2594
546 3874
551 4080
553 4864
555 4190
561 4015
562 4355
565 1183
567 3419
571 683
577 2803
578 3761
579 3346
581 385
582 4291
587 4113
590 4685
592 54
594 4563
595 2324
602 2549
603 1844
604 1882
605 4616
608 3292
610 2248
612 3707
613 1774
614 4581
616 3485
617 1119
618 1716
623 2147
627 4462
628 5050
632 4133
633 2033
637 5075
640 2829
641 3419
642 3016
643 697
646 4831
652 359
653 4689
654 1674
661 1201
662 1486
665 4473
666 1877
667 1349
669 1135
674 4512
676 1070
678 3871
682 506
685 842
690 1220
691 580
692 974
694 1323
699 3084
700 984
702 2853
703 1060
707 2297
708 3011
709 681
713 1511
717 1478
719 624
720 3217
721 1023
723 4036
728 3571
729 3977
733 2886
734 4374
737 4209
738 4442
739 4417
746 3936
749 4432
752 1230
753 3725
758 624
760 1166
763 644
764 4100
770 3893
776 1397
777 4492
778 872
781 3312
783 2212
788 4688
789 4704
790 3873
793 4570
802 3072
812 4182
813 4074
816 1509
820 413
821 671
822 2416
823 4548
827 4305
829 4891
831 5063
839 3209
846 4183
848 3315
855 317
856 5091
857 4260
858 1623
859 3466
860 4484
862 3420
865 288
869 4785
873 187
875 3407
876 2245
880 3804
882 4978
883 4675
886 4951
887 1656
892 3754
893 1324
894 1809
895 4680
896 4167
897 3453
901 4149
902 4981
903 3656
905 3553
909 2251
912 4583
914 4805
919 4988
923 1904
925 1048
928 3729
933 402
935 3279
938 1107
939 525
940 2800
941 436
943 1774
944 841
946 2787
949 4217
954 207
955 2929
959 3738
960 3686
961 3780
962 3601
963 4280
968 3835
973 3319
977 3859
978 3358
980 1950
981 3968
982 681
986 328
987 4209
988 3468
989 656
991 4447
995 279
1000 4608
1007 2119
1008 3797
1010 1495
1014 2558
1025 937
1030 2335
1032 3028
1039 2303
1043 3872
1044 4969
1046 4820
1054 4206
1055 4231
1061 1095
1066 2857
1069 3965
1071 1184
1073 3214
1080 2486
1081 4837
1084 3292
1088 1352
1089 4964
1093 4801
1100 4439
1105 4630
1106 2131
1108 4492
1111 2653
1112 4163
1113 4512
1116 4342
1120 3943
1122 3043
1123 1018
1124 2359
1125 1912
1126 3648
1129 4721
1136 3884
1137 4294
1138 1479
1139 2047
1140 5108
1149 2754
1155 3515
1156 4655
1158 686
1161 2136
1162 4268
1165 2247
1167 4686
1168 4786
1169 2037
1173 853
1178 2973
1180 4658
1182 4219
1185 487
1186 4806
1189 684
1191 3616
1193 525
1195 1040
1196 4687
1200 4605
1204 580
1205 4757
1208 3615
1210 4741
1212 3355
1216 2587
1218 396
1221 4747
1222 1416
1223 3440
1224 1309
1232 3151
1234 3936
1235 4258
1237 4290
1240 3107
1241 2557
1243 2495
1244 2260
1247 2558
1250 1128
1252 3576
1253 644
1256 4634
1259 3830
1260 874
1262 4867
1265 2565
1269 3644
1270 4488
1272 2024
1274 4273
1277 4241
1278 3503
1279 1806
1280 4644
1289 2399
1293 3468
1296 4878
1303 123
1310 2449
1313 4460
1319 3719
1322 4598
1326 2968
1330 2353
1331 3540
1332 4444
1333 4307
1338 525
1340 5078
1341 1873
1344 4020
1345 3930
1347 3884
1348 4934
1350 3886
1353 4171
1354 596
1355 4313
1360 183
1362 899
1367 4323
1368 4880
1369 1127
1371 1275
1372 917
1375 3923
1376 4339
1377 4995
1381 1508
1382 2154
1384 2571
1386 2565
1389 4047
1390 4195
1393 3463
1394 4924
1395 4278
1398 243
1399 2233
1401 110
1404 1722
1408 3663
1409 84
1410 2703
1414 1967
1418 3883
1423 4146
1426 2178
1428 2345
1429 3381
1430 2146
1431 4295
1432 2431
1433 934
1434 2799
1435 3877
1438 3407
1440 4722
1441 510
1442 5015
1443 2222
1447 1741
1449 4140
1450 3743
1452 1576
1456 4721
1459 1593
1461 3408
1462 53
1465 2345
1469 3614
1470 3131
1472 3863
1476 710
1480 2476
1482 4360
1484 4974
1488 3846
1492 4374
1496 4903
1497 2812
1500 1315
1503 4014
1504 2296
1512 3700
1514 890
1516 1578
1522 718
1524 2903
1525 3325
1526 1101
1527 2948
1528 1028
1529 148
1531 1317
1532 2763
1533 4186
1534 2177
1537 4860
1538 584
1542 3804
1545 4735
1546 4418
1547 3487
1560 4836
1561 2738
1563 2176
1564 4357
1567 3194
1570 4305
1571 872
1575 3706
1579 3396
1580 2008
1581 4358
1584 4145
1585 3320
1587 4501
1590 4827
1591 4571
1592 4667
1594 3584
1598 4777
1599 3714
1600 2728
1601 4871
1602 3359
1603 2868
1604 1984
1605 1719
1609 2870
1611 5112
1613 3327
1615 2275
1618 1413
1626 3116
1627 1003
1629 1444
1633 3671
1634 2182
1636 3761
1639 1036
1641 3013
1642 3333
1643 3158
1649 266
1650 3420
1651 4080
1652 2744
1659 4456
1660 4936
1661 3320
1663 410
1664 4892
1665 2550
1666 4289
1667 2241
1669 3925
1672 2482
1673 3071
1675 4543
1676 3853
1678 718
1679 2602
1680 2176
1681 4116
1687 1867
1688 250
1689 2502
1692 2852
1694 3912
1696 2551
1697 2574
1700 1586
1701 5051
1704 218
1705 4882
1707 2994
1708 4454
1710 1554
1711 3859
1713 4456
1714 1989
1718 4720
1720 332
1724 724
1726 4422
1729 1550
1731 4554
1736 436
1739 3522
1740 4384
1742 1425
1744 3893
1745 1042
1748 5106
1749 1352
1752 3106
1753 1339
1755 3247
1759 1074
1764 155
1766 4206
1768 4352
1771 2510
1773 2935
1778 2415
1779 3992
1786 1006
1788 3450
1793 786
1794 3481
1795 4319
1797 4326
1798 2005
1801 2086
1804 1075
1805 5023
1808 4580
1810 5091
1811 1925
1812 2531
1814 2908
1815 1005
1817 4947
1818 4029
1819 4791
1820 5024
1821 3454
1823 3071
1824 1725
1825 5134
1828 4998
1830 2300
1833 847
1834 4372
1837 3434
1839 350
1841 877
1842 2861
1845 3395
1847 574
1850 3308
1851 1725
1854 3961
1855 2692
1857 3412
1858 4020
1859 3291
1860 3962
1862 4168
1863 2698
1865 447
1866 4798
1868 785
1872 1142
1874 3219
1875 3727
1876 4704
1879 3884
1881 4963
1884 3921
1886 2383
1891 773
1893 1315
1894 4597
1896 2213
1897 1941
1899 465
1902 4076
1903 3277
1906 1781
1907 4201
1909 3915
1910 3645
1916 2903
1918 2176
1919 2353
1921 108
1922 4876
1923 4079
1926 736
1928 4736
1929 2653
1930 3232
1933 2571
1934 1160
1935 3562
1936 175
1939 1954
1942 69
1943 409
1944 2817
1946 3143
1949 348
1952 1721
1953 2661
1957 2160
1960 1174
1964 4563
1965 4249
1969 1056
1972 1424
1973 4101
1975 3071
1977 1614
1980 4849
1981 2111
1982 4942
1985 3724
1986 1915
1988 3803
1991 4146
1995 4284
1996 1954
1998 477
1999 2781
2000 3094
2002 2989
2003 4867
2004 4533
2006 4402
2009 756
2012 1033
2013 2761
2017 621
2018 3851
2020 631
2022 908
2023 3540
2025 3768
2026 3367
2027 4544
2028 2296
2034 1248
2035 4685
2036 4743
2039 1511
2042 2297
2044 4646
2045 656
2049 2996
2052 1852
2055 4041
2057 3916
2059 3597
2063 4572
2064 4244
2067 4327
2068 1264
2070 828
2071 833
2072 1
2073 1846
2074 5027
2075 4004
2077 2192
2080 4028
2082 4505
2083 2489
2085 3582
2089 3847
2090 2791
2091 1316
2092 4812
2095 3759
2097 2591
2098 1285
2105 1548
2106 3211
2110 4994
2113 3844
2114 5087
2116 1114
2120 4401
2123 332
2125 786
2126 5043
2129 4669
2134 2780
2135 2975
2138 2707
2141 4798
2142 990
2143 800
2144 3857
2145 3688
2149 4975
2150 2265
2152 2245
2157 95
2162 4419
2163 4575
2172 1300
2181 4870
2184 4222
2186 4715
2189 385
2193 5078
2195 3604
2197 2008
2198 143
2200 4385
2201 1075
2202 1607
2203 1110
2204 1703
2206 4987
2218 2902
2219 1301
2220 4568
2221 3172
2226 2500
2227 4529
2228 3986
2230 1263
2232 2575
2237 3126
2238 1446
2242 2279
2244 4647
2250 1095
2252 3416
2254 3388
2255 2620
2259 2961
2264 2476
2266 1993
2269 4077
2270 3146
2271 3786
2273 588
2276 17
2280 3058
2281 3912
2283 5117
2284 1132
2286 179
2287 3072
2288 2858
2289 110
2290 3669
2291 3993
2293 4780
2295 3244
2299 563
2301 4743
2304 5130
2305 4851
2308 1391
2309 3804
2310 2212
2311 4835
2316 2826
2318 1803
2320 2243
2321 4872
2326 3725
2327 3617
2328 2631
2330 3709
2332 4772
2333 3263
2336 2376
2337 1721
2339 1455
2342 5056
2344 743
2347 4475
2349 2277
2351 833
2352 1307
2356 649
2360 5075
2361 851
2366 1913
2368 3708
2369 4732
2371 4825
2372 2790
2374 3791
2379 96
2380 835
2381 3795
2386 951
2388 4888
2392 1490
2393 3200
2397 3952
2398 4778
2402 1
2405 1871
2406 3805
2408 1994
2410 2624
2411 4475
2413 2387
2417 1491
2418 197
2419 1803
2421 3736
2423 3059
2424 2520
2425 1494
2428 845
2429 2603
2430 4338
2432 3186
2435 1505
2436 4610
2438 4382
2439 4508
2441 1026
2442 1646
2443 716
2444 2222
2445 2917
2446 3764
2447 1131
2450 4108
2451 4850
2452 4245
2453 1610
2454 3108
2455 4377
2456 2788
2457 4162
2458 1254
2460 4761
2462 4562
2463 3662
2464 1787
2466 3665
2467 4341
2468 3712
2469 4505
2470 2975
2474 4310
2475 953
2477 5119
2480 4754
2483 2863
2484 82
2485 849
2494 801
2496 2856
2499 3773
2501 2215
2503 1104
2505 3099
2506 1094
2508 2132
2509 194
2512 3695
2513 3387
2515 4864
2517 3809
2519 2497
2523 1761
2524 434
2525 4455
2526 30
2527 4343
2528 3044
2530 3946
2534 3011
2536 4842
2540 528
2541 3813
2544 4300
2545 4700
2554 4551
2560 2385
2561 5013
2569 3492
2570 4000
2572 3870
2576 4737
2577 4218
2578 5114
2580 663
2582 1346
2583 3141
2585 5051
2590 4578
2592 4302
2595 1904
2598 3745
2600 4941
2604 2520
2606 4418
2607 4817
2611 3092
2615 2373
2616 4523
2619 1670
2621 3089
2625 4920
2626 2096
2628 1164
2639 3641
2640 2546
2641 1888
2642 3805
2643 1419
2644 4714
2646 2058
2650 322
2652 56
2654 4029
2655 5009
2658 799
2660 4180
2662 120
2665 157
2669 3407
2673 2701
2674 1796
2677 2550
2678 1117
2680 25
2683 3492
2684 4114
2690 1938
2694 4328
2697 4588
2702 1255
2704 1175
2705 5067
2708 2566
2709 836
2710 4845
2713 1950
2714 4751
2716 4876
2718 4397
2719 1203
2720 1190
2726 322
2731 4909
2732 4333
2733 2568
2734 2928
2737 4116
2739 3070
2742 2168
2743 1607
2748 4088
2750 3217
2752 3968
2753 4264
2756 929
2757 2943
2758 1955
2760 767
2764 1321
2765 866
2766 4099
2768 1021
2769 1102
2774 4048
2776 966
2778 2376
2779 3411
2782 4317
2784 4678
2786 3538
2789 3971
2793 4101
2795 798
2797 3013
2798 2543
2801 559
2804 5131
2806 4158
2809 2343
2811 74
2816 4460
2821 4999
2823 4228
2828 4591
2832 771
2833 2667
2835 4330
2836 239
2838 3357
2842 900
2843 4713
2844 4370
2845 1358
2847 805
2848 2961
2849 2256
2866 3647
2869 639
2872 2910
2873 4972
2875 3224
2878 4275
2887 3266
2892 3306
2893 4855
2896 326
2898 5054
2899 3441
2901 3529
2904 2667
2905 4876
2912 543
2913 4810
2918 4978
2919 1486
2920 828
2924 2262
2925 453
2927 2510
2930 2989
2933 4846
2937 4938
2940 542
2941 397
2942 3551
2944 3510
2945 3718
2946 4428
2949 3641
2952 2548
2953 794
2956 984
2957 1550
2963 4372
2964 3141
2965 541
2966 216
2970 2961
2971 4584
2972 1268
2974 497
2976 1765
2977 2247
2978 4170
2981 4900
2982 4066
2988 84
2992 3993
3001 4406
3003 1732
3005 4677
3006 4457
3007 1822
3008 4197
3014 1646
3017 585
3019 1715
3020 3488
3022 3108
3023 4320
3025 4227
3029 1094
3032 525
3035 993
3037 1150
3038 2831
3040 525
3045 1637
3046 1832
3047 4133
3048 2557
3049 3321
3050 689
3053 2001
3054 4816
3055 4361
3057 3860
3060 2078
3064 4426
3067 1507
3068 4044
3073 4426
3074 2312
3075 2870
3076 1682
3078 4717
3079 2040
3083 4334
3087 2986
3091 4325
3093 4258
3095 826
3096 1864
3097 3407
3098 4419
3102 4027
3103 2831
3105 4643
3110 4235
3111 4667
3117 2170
3118 1190
3121 5115
3122 4697
3125 3062
3128 736
3130 5126
3134 655
3135 1365
3138 2148
3142 4811
3147 2355
3148 804
3150 4395
3152 741
3153 2960
3154 4221
3155 4701
3156 4334
3159 3724
3160 3843
3161 235
3164 1141
3165 2491
3166 1777
3167 1495
3169 4677
3173 1273
3175 2620
3176 622
3179 4223
3181 4144
3189 3504
3191 251
3192 3817
3196 4546
3197 3341
3199 3831
3201 2729
3202 4105
3205 1961
3206 3109
3208 2706
3210 448
3212 2021
3213 4074
3222 2111
3223 1849
3226 4901
3228 27
3233 1051
3235 795
3237 4086
3241 3090
3242 2029
3245 4095
3246 818
3248 4180
3250 1519
3251 1229
3256 2900
3262 4845
3264 4808
3265 1023
3268 5012
3269 307
3274 3793
3275 216
3276 4742
3278 4403
3281 611
3283 888
3284 4999
3286 1275
3288 3777
3290 899
3293 684
3294 1479
3295 1029
3296 1458
3297 3193
3299 1784
3300 1467
3302 2155
3305 3070
3309 872
3313 3472
3317 5080
3324 3986
3328 527
3329 3948
3332 3953
3334 4172
3336 4391
3338 4162
3339 4970
3340 1228
3342 4620
3343 836
3345 2856
3348 4242
3350 4003
3353 3783
3360 4095
3361 2767
3362 290
3363 4065
3364 921
3369 5094
3372 2357
3376 2829
3378 3884
3379 1889
3382 4653
3384 4254
3385 931
3386 3683
3389 2889
3390 4634
3391 559
3392 2322
3393 1154
3394 814
3403 52
3409 3827
3410 29
3414 3767
3415 2958
3421 199
3422 410
3423 3106
3424 425
3425 1012
3427 3411
3429 2103
3431 1800
3433 730
3436 4827
3443 434
3444 1063
3445 1417
3446 3684
3455 4029
3456 2161
3457 2723
3459 1092
3464 3315
3465 684
3470 2247
3471 3823
3473 730
3475 3287
3476 2249
3477 3790
3483 4242
3489 1549
3491 5116
3494 3518
3499 3991
3509 2620
3511 60
3514 4062
3517 3561
3519 1378
3525 4690
3528 3195
3530 3323
3531 4367
3533 4040
3534 3009
3542 999
3543 4862
3546 1703
3547 1873
3549 1588
3554 1152
3556 3890
3559 842
3587 4680
3628 5114
3785 863
3807 1190
3825 181
3840 659
4097 586
4143 1335
4165 2262
4356 1871
4369 1520
4521 3632
4946 4942
4993 2267
5052 1671
5062 3408
5090 4487
5109 1853
5135 3992
5136 293
5137 3633
5138 5122
5139 10
5140 3622
5141 1282
5142 3873
5143 2
5144 2409
5145 1882
5146 444
5147 1513
5148 4012
5149 2065
5150 3866
5151 4262
5152 1513
5153 835
5154 3106
5155 3151
5156 2481
5157 974
5158 1040
5159 1190
5160 2542
5161 4172
5162 3183
5163 1099
5164 4257
5165 184
5166 4800
5167 1287
5168 2522
5169 1233
5170 2260
5171 863
5172 4424
5173 1127
5174 744
5175 4009
5176 2190
5177 4262
5178 2894
5179 543
5180 2511
5181 2574
5182 2377
5183 4216
5184 1706
5185 4829
5186 393
5187 4661
5188 5058
5189 2989
5190 2030
5191 4546
5192 3195
5193 4398
5194 1947
5195 1357
5196 4720
5197 2160
5198 1843
5199 2395
5200 233
5201 4727
5202 564
5203 1887
5204 3183
5205 3894
5206 428
5207 4580
5208 2603
5209 4947
5210 5126
5211 3751
5212 3397
5213 799
5214 4003
5215 4884
5216 3207
5217 3957
5218 3308
5219 4546
5220 1617
5221 4528
5222 4481
5223 2552
5224 3706
5225 4579
5226 4865
5227 1668
5228 5063
5229 203
5230 3705
5231 4187
5232 3319
5233 4157
5234 4883
5235 3430
5236 3356
5237 4425
5238 2011
5239 4727
5240 3696
5241 2589
5242 619
5243 1437
5244 1614
5245 4483
5246 1983
5247 4785
5248 4905
5249 7
5250 772
5251 406
5252 4330
5253 4304
5254 4174
5255 1228
5256 2724
5257 558
5258 1883
5259 4418
5260 3953
5261 4280
5262 2994
5263 2169
5264 3383
5265 3790
5266 3781
5267 1356
5268 3119
5269 3918
5270 2728
5271 4948
5272 1640
5273 4530
5274 4361
5275 4781
5276 3727
5277 2500
5278 4956
5279 4195
5280 3814
5281 3643
5282 5070
5283 2846
5284 4968
5285 3594
5286 3938
5287 4781
5288 4557
5289 4411
5290 4654
5291 359
5292 1164
5293 4936
5294 3766
5295 5056
5296 4557
5297 3855
5298 5065
5299 4727
5300 4820
5301 2131
5302 4798
5303 689
5304 1576
5305 1836
5306 1245
5307 2296
5308 4199
5309 1187
5310 3924
5311 4104
5312 1530
5313 4172
5314 2587
5315 3961
5316 2602
5317 3867
5318 4394
5319 3891
5320 4293
5321 4152
5322 4790
5323 48
5324 1023
5325 462
5326 1917
5327 2434
5328 5103
5329 2233
5330 527
5331 2522
5332 2217
5333 2839
5334 3857
5335 3351
5336 5060
5337 1117
5338 4083
5339 4922
5340 4522
5341 686
5342 3918
5343 3453
5344 4034
5345 1001
5346 4630
5347 4021
5348 4545
5349 1582
5350 4602
5351 4103
5352 2334
5353 4125
5354 1464
5355 25
5356 3086
5357 1761
5358 1970
5359 2979
5360 1273
5361 3962
5362 58
5363 1576
5364 3119
5365 4542
5366 4995
5367 2253
5368 4693
5369 3682
5370 2500
5371 647
5372 774
5373 3657
5374 4316
5375 718
5376 1312
5377 4447
5378 2171
5379 4904
5380 4690
5381 85
5382 2015
5383 751
5384 4003
5385 3669
5386 3736
5387 2781
5388 4254
5389 1885
5390 1541
5391 4855
5392 3451
5393 3752
5394 4680
5395 1329
5396 4117
5397 290
5398 5073
5399 4265
5400 4255
5401 1911
5402 3496
5403 3126
5404 1018
5405 1827
5406 1049
5407 448
5408 4274
5409 204
5410 2620
5411 3714
5412 5054
5413 3253
5414 4433
5415 4768
5416 4543
5417 3080
5418 2542
5419 4963
5420 1062
5421 462
5422 4469
5423 4528
5424 2478
5425 4127
5426 2465
5427 2243
5428 2403
5429 2552
5430 4112
5431 1555
5432 541
5433 2867
5434 974
5435 4259
5436 4859
5437 3855
5438 4299
5439 1086
5440 3133
5441 3070
5442 262
5443 2260
5444 72
5445 2997
5446 600
5447 1172
5448 3657
5449 3886
5450 3052
5451 4695
5452 3082
5453 1608
5454 1060
5455 4027
5456 2723
5457 2698
5458 2549
5459 4396
5460 74
5461 3714
5462 3662
5463 1467
5464 4371
5465 3327
5466 2829
5467 3677
5468 1638
5469 2581
5470 3738
5471 4159
5472 4186
5473 2069
5474 4897
5475 1419
5476 3566
5477 2624
5478 4411
5479 4447
5480 2923
5481 3315
5482 3782
5483 3634
5484 1791
5485 799
5486 3568
5487 3853
5488 3634
5489 845
5490 4105
5491 4637
5492 4727
5493 4669
5494 4060
5495 3827
5496 2597
5497 4393
5498 3862
5499 4237
5500 2562
5501 993
5502 4560
5503 3917
5504 4428
5505 2315
5506 5034
5507 2212
5508 1962
5509 3126
5510 979
5511 381
5512 4962
5513 5023
5514 4136
5515 4578
5516 1962
5517 117
5518 4003
5519 3718
5520 715
5521 4722
5522 2223
5523 4495
5524 4409
5525 798
5526 4944
5527 4647
5528 979
5529 4159
5530 3847
5531 1593
5532 634
5533 4385
5534 1668
5535 4920
5536 1761
5537 3498
5538 3629
5539 293
5540 4314
5541 3306
5542 3358
5543 2019
5544 4279
5545 4590
5546 3563
5547 1655
5548 2364
5549 4243
5550 4642
5551 4475
5552 1955
5553 3157
5554 2500
5555 3723
5556 2043
5557 4622
5558 300
5559 704
5560 956
5561 5029
5562 4178
5563 2133
5564 3670
5565 4320
5566 1844
5567 3605
5568 1668
5569 745
5570 3793
5571 4494
5572 4438
5573 2573
5574 215
5575 4307
5576 4084
5577 588
5578 2216
5579 4195
5580 3971
5581 1521
5582 4994
5583 1011
5584 4583
5585 4645
5586 4060
5587 511
5588 4420
5589 4486
5590 1677
5591 1622
5592 3714
5593 343
5594 3945
5595 4759
5596 1424
5597 1068
5598 3727
5599 3921
5600 4404
5601 4692
5602 3524
5603 2233
5604 1914
5605 1424
5606 4803
5607 1019
5608 3402
5609 4941
5610 1844
5611 1378
5612 681
5613 2814
5614 2420
5615 4707
5616 2180
5617 240
5618 3319
5619 4884
5620 4572
5621 3983
5622 324
5623 4749
5624 1257
5625 3820
5626 5040
5627 4145
5628 4396
5629 5082
5630 1647
5631 2955
5632 3638
5633 4338
5634 4831
5635 4354
5636 4390
5637 4341
5638 1880
5639 1370
5640 948
5641 2724
5642 410
5643 3579
5644 456
5645 634
5646 4102
5647 187
5648 4006
5649 1593
5650 785
5651 4824
5652 4878
5653 339
5654 2928
5655 2630
5656 844
5657 5047
5658 1458
5659 3887
5660 4634
5661 4004
5662 2824
5663 814
5664 3365
5665 4821
5666 29
5667 2128
5668 548
5669 4856
5670 3243
5671 1091
5672 2791
5673 57
5674 1677
5675 2707
5676 2061
5677 26
5678 3951
5679 2173
5680 766
5681 3658
5682 4132
5683 3539
5684 4940
5685 1096
5686 3682
5687 4785
5688 1950
5689 3621
5690 4689
5691 4562
5692 2911
5693 3718
5694 17
5695 1172
5696 942
5697 3953
5698 301
5699 5029
5700 1049
5701 4105
5702 557
5703 3266
5704 5002
5705 4545
5706 3962
5707 3080
5708 530
5709 2846
5710 4365
5711 4489
5712 3797
5713 1518
5714 3461
5715 4135
5716 2727
5717 3012
5718 255
5719 1871
5720 2681
5721 3267
5722 4644
5723 2409
5724 2581
5725 5112
5726 4168
5727 2343
5728 3930
5729 5020
5730 324
5731 969
5732 3778
5733 4954
5734 4005
5735 3674
5736 1022
5737 4522
5738 4678
5739 3
5740 4645
5741 5107
5742 1717
5743 1411
5744 2638
5745 3287
5746 3468
5747 3759
5748 4700
5749 2210
5750 3512
5751 5001
5752 4992
5753 559
5754 3231
5755 2938
5756 2
5757 2564
5758 4161
5759 3240
5760 3599
5761 2831
5762 1631
5763 2679
5764 868
5765 3071
5766 3558
5767 1549
5768 2518
5769 1316
5770 3418
5771 4096
5772 4717
5773 5112
5774 3028
5775 1042
5776 2706
5777 1179
5778 4081
5779 290
5780 4701
5781 303
5782 3407
5783 4919
5784 564
5785 3034
5786 1328
5787 1058
5788 3028
5789 337
5790 3903
5791 3319
5792 5063
5793 2805
5794 3796
5795 3239
5796 2948
5797 3853
5798 1012
5799 4594
5800 5088
5801 4939
5802 4754
5803 3449
5804 1153
5805 3085
5806 942
5807 3066
5808 4818
5809 5116
5810 1554
5811 1911
5812 3870
5813 255
5814 1747
5815 3510
5816 4175
5817 3907
5818 2111
5819 4367
5820 4651
5821 1085
5822 1201
5823 4880
5824 2127
5825 2559
5826 3211
5827 3684
5828 4228
5829 714
5830 4766
5831 4081
5832 2154
5833 1146
5834 1275
5835 3452
5836 1769
5837 4354
5838 3794
5839 3441
5840 2155
5841 1856
5842 3888
5843 4216
5844 3919
5845 1283
5846 4492
5847 657
5848 6
5849 2407
5850 3705
5851 1686
5852 906
5853 3971
5854 1176
5855 2208
5856 4629
5857 1809
5858 1309
5859 3687
5860 4852
5861 3579
5862 2997
5863 4670
5864 3463
5865 1067
5866 4427
5867 965
5868 4825
5869 3905
5870 2989
5871 1846
5872 1098
5873 3347
5874 3902
5875 4322
5876 1734
5877 2864
5878 2093
5879 1153
5880 3861
5881 4696
5882 3830
5883 3100
5884 2292
5885 3359
5886 2021
5887 4820
5888 4933
5889 3240
5890 3710
5891 1036
5892 3821
5893 5042
5894 3662
5895 3411
5896 4531
5897 1146
5898 4714
5899 5015
5900 3835
5901 3861
5902 4279
5903 732
5904 2749
5905 1396
5906 3371
5907 3641
5908 3877
5909 899
5910 1207
5911 501
5912 1119
5913 2302
5914 2860
5915 4022
5916 3467
5917 3976
5918 1518
5919 4813
5920 4036
5921 4223
5922 4180
5923 1540
5924 599
5925 3817
5926 1780
5927 2473
5928 20
5929 2427
5930 1966
5931 493
5932 4920
5933 4054
5934 4273
5935 1616
5936 607
5937 2623
5938 52
5939 4231
5940 1052
5941 281
5942 5061
5943 266
5944 2790
5945 3065
5946 3104
5947 4324
5948 5042
5949 4827
5950 1083
5951 1716
5952 4111
5953 4004
5954 3314
5955 4928
5956 1114
5957 3646
5958 3863
5959 3730
5960 4085
5961 4437
5962 630
5963 3728
5964 4120
5965 714
5966 98
5967 1171
5968 2426
5969 4754
5970 4124
5971 4764
5972 3565
5973 1281
5974 4231
5975 2783
5976 2962
5977 3004
5978 3699
5979 4503
5980 2115
5981 3800
5982 4903
5983 2546
5984 2968
5985 3717
5986 5108
5987 4075
5988 2745
5989 4052
5990 3749
5991 4129
5992 4326
5993 1971
5994 3920
5995 1914
5996 4118
5997 3717
5998 828
5999 2894
6000 2180
6001 689
6002 1668
6003 3315
6004 907
6005 142
6006 1249
6007 4080
6008 4219
6009 2969
6010 4500
6011 4673
6012 3481
6013 5111
6014 1192
6015 3567
6016 2759
6017 3848
6018 2840
6019 3894
6020 4119
6021 3551
6022 5067
6023 689
6024 4101
6025 5107
6026 5055
6027 3659
6028 4590
6029 1647
6030 1323
6031 958
6032 3625
6033 4483
6034 4228
6035 759
6036 4028
6037 3557
6038 4131
6039 2692
6040 765
6041 3697
6042 611
6043 3594
6044 3630
6045 2876
6046 2102
6047 70
6048 1873
6049 3652
6050 3551
6051 1519
6052 5013
6053 4386
6054 3885
6055 4985
6056 2209
6057 4938
6058 3633
6059 1454
6060 5006
6061 557
6062 2277
6063 2934
6064 4978
6065 4451
6066 2491
6067 3610
6068 3510
6069 2883
6070 2574
6071 648
6072 1588
6073 1019
6074 4753
6075 4504
6076 323
6077 3581
6078 1619
6079 4836
6080 4758
6081 1004
6082 1298
6083 1018
6084 2948
6085 773
6086 5045
6087 4332
6088 840
6089 3793
6090 4003
6091 4780
6092 844
6093 1832
6094 2800
6095 4000
6096 4122
6097 3977
6098 4458
6099 1631
6100 1012
6101 1553
6102 456
6103 196
6104 2770
6105 205
6106 3106
6107 334
6108 3662
6109 4754
6110 3774
6111 4966
6112 3860
6113 4920
6114 3765
6115 1148
6116 4179
6117 101
6118 5029
6119 803
6120 3420
6121 3907
6122 1064
6123 4786
6124 971
6125 4918
6126 4630
6127 908
6128 4003
6129 3781
6130 679
6131 150
6132 2121
6133 1715
6134 2249
6135 4949
6136 4838
6137 1305
6138 3323
6139 772
6140 2317
6141 4867
6142 1870
6143 548
6144 30
6145 4925
6146 1685
6147 1832
6148 1976
6149 4482
6150 2588
6151 1128
6152 1154
6153 2296
6154 1735
6155 4564
6156 2156
6157 81
6158 4834
6159 3811
6160 747
6161 727
6162 4782
6163 4286
6164 4942
6165 4739
6166 469
6167 2324
6168 4574
6169 2962
6170 3661
6171 631
6172 2706
6173 3101
6174 4126
6175 1281
6176 3734
6177 3822
6178 3664
6179 2376
6180 3550
6181 4364
6182 3798
6183 773
6184 1938
6185 2015
6186 3653
6187 4552
6188 2268
6189 4293
6190 4602
6191 4617
6192 2882
6193 3606
6194 3601
6195 917
6196 4140
6197 334
6198 431
6199 2486
6200 4350
6201 406
6202 972
6203 2086
6204 4693
6205 3853
6206 362
6207 5117
6208 3622
6209 4365
6210 4579
6211 3059
6212 1325
6213 759
6214 106
6215 1170
6216 1583
6217 4238
6218 4069
6219 3776
6220 1751
6221 2108
6222 1728
6223 3323
6224 3200
6225 4924
6226 5041
6227 2345
6228 2476
6229 2056
6230 2861
6231 854
6232 4334
6233 3622
6234 4546
6235 4161
6236 4500
6237 2780
6238 810
6239 4046
6240 2196
6241 1276
6242 3186
6243 4561
6244 4389
6245 4133
6246 3304
6247 4306
6248 6
6249 1656
6250 657
6251 4371
6252 671
6253 1852
6254 85
6255 4853
6256 4286
6257 1989
6258 4112
6259 2491
6260 4027
6261 2294
6262 3984
6263 2367
6264 4308
6265 4311
6266 2021
6267 69
6268 443
6269 3790
6270 4327
6271 3157
6272 1079
6273 3582
6274 4964
6275 5130
6276 670
6277 878
6278 2637
6279 2395
6280 2362
6281 2459
6282 4412
6283 4288
6284 3261
6285 3215
6286 1248
6287 4440
6288 497
6289 4981
6290 4373
6291 4897
6292 2313
6293 3861
6294 4487
6295 237
6296 3419
6297 2994
6298 1576
6299 134
6300 4689
6301 1463
6302 4000
6303 3072
6304 2799
6305 4134
6306 4158
6307 229
6308 3732
6309 1239
6310 3676
6311 397
6312 3259
6313 4277
6314 4403
6315 3610
6316 3629
6317 3229
6318 4841
6319 3824
6320 780
6321 2685
6322 2984
6323 4625
6324 1301
6325 2852
6326 2118
6327 4900
6328 3875
6329 3784
6330 3188
6331 4120
6332 1402
6333 301
6334 4443
6335 4383
6336 4087
6337 568
6338 1491
6339 4544
6340 4657
6341 2363
6342 3911
6343 3500
6344 2558
6345 1366
6346 3460
6347 934
6348 1548
6349 3506
6350 4537
6351 4137
6352 2762
6353 3833
6354 4113
6355 2575
6356 4455
6357 4486
6358 2209
6359 689
6360 4871
6361 834
6362 1275
6363 4457
6364 5076
6365 5071
6366 4684
6367 4595
6368 2717
6369 4229
6370 3608
6371 4694
6372 4884
6373 2738
6374 2851
6375 4910
6376 1264
6377 4899
6378 3730
6379 4178
6380 4903
6381 2830
6382 3874
6383 4851
6384 2229
6385 3066
6386 3010
6387 1056
6388 1970
6389 189
6390 799
6391 3521
6392 3101
6393 1050
6394 4188
6395 1248
6396 4107
6397 5057
6398 4987
6399 177
6400 4074
6401 4292
6402 1983
6403 3442
6404 2107
6405 1316
6406 680
6407 3492
6408 3582
6409 2672
6410 1518
6411 3137
6412 1457
6413 2196
6414 714
6415 2166
6416 3864
6417 4186
6418 4991
6419 4142
6420 3120
6421 2820
6422 4199
6423 4890
6424 636
6425 2707
6426 1273
6427 3627
6428 1473
6429 3606
6430 4469
6431 3658
6432 4739
6433 3689
6434 1115
6435 1586
6436 650
6437 2518
6438 835
6439 4548
6440 4286
6441 1064
6442 1091
6443 3820
6444 3548
6445 3198
6446 2487
6447 2137
6448 119
6449 4113
6450 1578
6451 1892
6452 1716
6453 3726
6454 4047
6455 2247
6456 4189
6457 3227
6458 3214
6459 2390
6460 4957
6461 3435
6462 459
6463 3910
6464 4502
6465 4337
6466 3174
6467 5093
6468 4965
6469 2863
6470 4953
6471 4151
6472 4039
6473 247
6474 854
6475 1632
6476 3065
6477 1042
6478 1273
6479 4848
6480 4452
6481 4073
6482 4496
6483 4474
6484 4668
6485 4971
6486 4089
6487 1387
6488 4446
6489 2087
6490 3977
6491 4362
6492 4622
6493 4410
6494 5001
6495 3932
6496 2404
6497 2555
6498 2066
6499 2119
6500 4076
6501 3996
6502 5002
6503 1295
6504 2929
6505 4793
6506 1961
6507 65
6508 3487
6509 428
6510 1555
6511 2729
6512 2818
6513 4935
6514 4299
6515 4596
6516 4741
6517 1245
6518 4572
6519 5058
6520 3507
6521 214
6522 2670
6523 4251
6524 5092
6525 4905
6526 3741
6527 4270
6528 4892
6529 4865
6530 1351
6531 4188
6532 4270
6533 2400
6534 3920
6535 3948
6536 965
6537 1045
6538 4649
6539 2699
6540 7
6541 4824
6542 3589
6543 3817
6544 771
6545 2245
6546 5023
6547 2065
6548 3877
6549 4267
6550 1092
6551 5010
6552 11
6553 3681
6554 2396
6555 4100
6556 2514
6557 3236
6558 566
6559 3180
6560 4835
6561 794
6562 4421
6563 2631
6564 2880
6565 4339
6566 3500
6567 3733
6568 1685
6569 4142
6570 275
6571 3710
6572 2440
6573 2437
6574 4915
6575 5013
6576 218
6577 3743
6578 2770
6579 2389
6580 532
6581 4294
6582 3190
6583 3597
6584 4276
6585 3730
6586 957
6587 224
6588 4616
6589 5093
6590 4849
6591 2962
6592 4197
6593 279
6594 190
6595 4289
6596 3352
6597 4117
6598 2213
6599 1321
6600 3341
6601 1848
6602 4972
6603 443
6604 3996
6605 1849
6606 5084
6607 446
6608 3203
6609 3918
6610 1036
6611 573
6612 4306
6613 2008
6614 1770
6615 3650
6616 3051
6617 1709
6618 1483
6619 4812
6620 3700
6621 1290
6622 4424
6623 620
6624 3234
6625 3188
6626 772
6627 956
6628 452
6629 3578
6630 443
6631 4679
6632 3829
6633 1379
6634 447
6635 3604
6636 4087
6637 1199
6638 3745
6639 3806
6640 1826
6641 3722
6642 1300
6643 411
6644 2302
6645 3373
6646 3337
6647 505
6648 800
6649 3962
6650 3892
6651 3506
6652 1699
6653 2192
6654 4754
6655 3974
6656 5076
6657 4168
6658 3981
6659 4879
6660 5104
6661 4146
6662 3099
6663 4279
6664 2324
6665 1050
6666 4915
6667 3794
6668 1843
6669 2874
6670 406
6671 1072
6672 3678
6673 3699
6674 325
6675 3344
6676 2863
6677 4805
6678 4782
6679 648
6680 1895
6681 4246
6682 3646
6683 5063
6684 4053
6685 5044
6686 4530
6687 2345
6688 716
6689 4424
6690 3811
6691 2343
6692 3285
6693 4464
6694 4140
6695 262
6696 675
6697 2078
6698 3474
6699 2355
6700 4067
6701 1948
6702 3013
6703 4735
6704 3980
6705 4328
6706 4840
6707 4516
6708 1220
6709 4135
6710 4758
6711 2112
6712 3652
6713 296
6714 4463
6715 4705
6716 4373
6717 2420
6718 3636
6719 4145
6720 3869
6721 1852
6722 3504
6723 1802
6724 1254
6725 2205
6726 1505
6727 1513
6728 4987
6729 4041
6730 4690
6731 2065
6732 3647
6733 3441
6734 3516
6735 4940
6736 1119
6737 4386
6738 2033
6739 4193
6740 4774
6741 3224
6742 2711
6743 4653
6744 840
6745 1870
6746 4197
6747 1515
6748 3077
6749 4395
6750 3802
6751 3221
6752 1562
6753 89
6754 2632
6755 3971
6756 2404
6757 365
6758 4162
6759 809
6760 4876
6761 5023
6762 4429
6763 891
6764 3442
6765 5068
6766 3753
6767 5010
6768 543
6769 1746
6770 817
6771 2365
6772 4612
6773 706
6774 1852
6775 3453
6776 4177
6777 199
6778 4044
6779 1214
6780 5066
6781 3512
6782 2179
6783 4651
6784 716
6785 2350
6786 1520
6787 4495
6788 198
6789 1556
6790 4909
6791 4139
6792 4473
6793 4427
6794 2995
6795 1413
6796 1495
6797 3527
6798 1151
6799 4054
6800 686
6801 1321
6802 4322
6803 799
6804 4506
6805 4800
6806 3815
6807 2498
6808 4289
6809 3771
6810 3304
6811 4533
6812 745
6813 69
6814 1349
6815 2814
6816 1074
6817 2153
6818 838
6819 148
6820 445
6821 4315
6822 4437
6823 999
6824 4224
6825 2084
6826 2183
6827 4327
6828 4144
6829 4510
6830 597
6831 1096
6832 224
6833 672
6834 1802
6835 3380
6836 4142
6837 3948
6838 3395
6839 531
6840 2491
6841 429
6842 2996
6843 3620
6844 4291
6845 2416
6846 2695
6847 5016
6848 3460
6849 1870
6850 1181
6851 4591
6852 1502
6853 4064
6854 3963
6855 3151
6856 1264
6857 2653
6858 4773
6859 2363
6860 775
6861 597
6862 3021
6863 2546
6864 2698
6865 77
6866 4468
6867 3720
6868 4330
6869 2323
6870 3687
6871 429
6872 3641
6873 17
6874 1838
6875 4947
6876 4998
6877 4984
6878 4616
6879 2696
6880 4884
6881 2066
6882 4051
6883 4899
6884 385
6885 4670
6886 4228
6887 4567
6888 1206
6889 4468
6890 65
6891 4686
6892 4015
6893 4894
6894 1257
6895 745
6896 1954
6897 3504
6898 4848
6899 3335
6900 49
6901 1586
6902 4812
6903 4446
6904 3488
6905 4736
6906 33
6907 2471
6908 4700
6909 4024
6910 1417
6911 3935
6912 1806
6913 4591
6914 4730
6915 3188
6916 173
6917 4850
6918 4749
6919 1056
6920 3892
6921 4564
6922 3751
6923 4216
6924 4538
6925 574
6926 4632
6927 314
6928 1329
6929 4962
6930 3930
6931 1297
6932 1493
6933 4101
6934 5084
6935 1572
6936 366
6937 4387
6938 4088
6939 1157
6940 5027
6941 4918
6942 4742
6943 1301
6944 1403
6945 1737
6946 5076
6947 3116
6948 1215
6949 4235
6950 2914
6951 792
6952 4349
6953 2679
6954 2079
6955 3774
6956 4271
6957 4297
6958 1562
6959 2265
6960 2401
6961 4147
6962 2546
6963 2712
6964 1683
6965 1481
6966 2132
6967 2653
6968 625
6969 3859
6970 1335
6971 3266
6972 1276
6973 4526
6974 908
6975 972
6976 2191
6977 258
6978 3318
6979 1370
6980 3566
6981 2894
6982 4043
6983 314
6984 675
6985 3948
6986 4607
6987 4755
6988 360
6989 4659
6990 710
6991 1068
6992 385
6993 1559
6994 4215
6995 4353
6996 1555
6997 4719
6998 2537
6999 4516
7000 2762
7001 1184
7002 2346
7003 3059
7004 2296
7005 209
7006 3566
7007 1041
7008 175
7009 4604
7010 655
7011 4553
7012 2914
7013 3932
7014 4449
7015 2155
7016 2449
7017 3016
7018 2324
7019 1992
7020 5076
7021 3929
7022 2038
7023 5054
7024 4571
7025 1908
7026 93
7027 2564
7028 4464
7029 4248
7030 3935
7031 2552
7032 2852
7033 2891
7034 3598
7035 443
7036 4122
7037 3703
7038 4222
7039 4980
7040 1940
7041 3818
7042 2302
7043 1790
7044 927
7045 569
7046 4418
