2574 34
4557 41
3778 3
4046 6
4859 12
5413 18
1827 45
5232 32
5401 16
5274 14
3806 31
5684 8
4784 16
5438 13
321 8
5340 46
5516 12
2122 29
5351 9
5858 45
5874 16
5551 1
5043 27
2158 7
3645 33
5643 5
5706 16
5294 15
5226 1
5923 13
2234 33
4993 2
4521 14
5737 9
5866 13
1100 6
2881 24
3873 3
4201 16
1918 8
5890 13
5349 3
1407 31
4763 15
2248 25
5253 15
4034 16
5702 1
2754 42
5455 16
1457 12
3704 32
155 3
5501 15
5868 14
1435 35
5961 48
2924 32
5289 5
5414 35
1863 5
4610 8
5698 29
5683 14
5958 16
477 9
4718 14
2681 15
5023 16
4490 22
5287 31
4026 22
3274 22
3912 15
217 9
5137 16
1004 14
4854 16
5376 5
4765 14
5082 31
5553 4
5327 7
4419 35
3319 32
3309 13
5404 3
5762 27
2641 27
401 31
283 34
2153 22
3146 34
3874 45
4307 5
162 43
2753 8
5317 24
3822 41
5156 5
2081 19
5106 22
610 6
5701 2
4964 8
3399 12
3199 19
5503 3
5264 16
692 12
5427 19
4360 9
4619 16
2032 8
1091 46
5510 15
5910 15
5675 5
347 31
4413 12
5898 8
5532 3
2906 27
5938 24
5845 27
5113 32
5416 5
3696 24
665 9
5254 9
1585 37
5824 2
4350 34
3906 7
5149 4
3472 32
3600 14
5301 13
3371 24
5371 21
3404 5
601 22
4591 13
4200 15
5782 27
5308 9
1636 8
2769 15
2072 31
5218 15
5478 13
1962 5
1484 42
5163 13
5942 15
5030 21
3208 22
2509 42
1259 32
5805 5
5336 35
4554 19
423 31
4289 27
5934 5
4368 20
5167 3
4504 27
5134 13
159 8
2152 8
5605 15
4274 15
4528 34
3453 22
4832 16
1472 13
5466 8
2936 29
835 24
5234 3
771 12
5513 2
1210 8
2997 22
5135 32
332 8
2485 31
5178 19
4071 6
2074 32
5888 5
5889 26
5891 3
220 46
5392 15
1084 13
4813 6
5322 32
1621 24
5364 13
5810 13
817 12
5956 15
3044 12
5657 26
5223 13
2467 29
5462 19
5157 13
4147 34
3308 24
1433 24
4488 7
1994 8
5634 24
4475 31
5631 49
5467 35
5542 12
329 13
4919 3
5500 9
3995 29
221 8
5435 4
5835 15
5252 4
5833 13
3305 17
5487 15
1022 42
3259 27
5343 18
5231 3
5851 19
4883 19
5283 12
3065 6
5783 15
5333 26
5802 16
4385 32
5450 2
4141 3
2891 22
2945 8
292 22
2811 45
1265 8
4913 16
2490 16
5803 23
526 28
5424 4
5739 8
4645 5
3190 31
2593 13
4352 4
3439 12
5331 3
434 9
3541 5
3634 31
5422 4
5423 6
3080 9
308 14
5400 29
4072 12
2560 1
2854 15
4891 17
5185 29
2496 8
2579 27
5085 8
4463 15
3363 15
4604 12
507 25
1246 8
5719 16
5930 15
5940 13
1969 32
5346 9
5529 34
5581 18
175 35
5922 0
1499 24
5194 1
5065 27
4873 22
4330 32
5665 14
5773 15
3746 35
4005 43
5221 15
563 31
5476 32
4438 46
804 9
5278 27
5470 18
5133 15
4837 7
5607 24
1883 13
5566 14
2285 0
5655 4
4064 7
829 17
4116 24
1099 31
5765 7
5788 13
5269 5
3897 22
3077 46
5801 13
5901 8
5535 27
4906 30
1069 13
5861 15
5366 19
2804 22
5222 18
5630 15
285 24
5017 29
5444 13
5867 15
156 32
5909 16
5307 3
3426 27
5696 27
1066 54
5561 5
1830 32
119 8
2761 27
5306 13
5398 6
5865 9
2307 34
4156 27
5098 22
5484 16
1761 30
5112 32
3358 25
4165 31
4654 35
125 26
4694 27
5169 5
253 33
4397 5
5880 1
3886 16
4534 35
5205 10
5039 33
5196 15
3367 35
4041 16
2446 14
5959 15
4586 17
1406 28
5941 31
4396 5
5492 18
5170 13
5368 13
3827 8
4996 3
5183 22
793 15
5191 32
5045 34
752 54
3910 31
3967 16
4277 6
5751 15
5242 18
2173 29
5207 32
3 3747
4 5304
5 5644
6 505
8 4956
9 970
11 5572
13 1866
16 5757
24 4505
28 2647
29 5582
32 5762
33 5526
34 3258
36 4616
37 3420
39 645
40 2517
42 5538
44 5239
46 2496
47 3430
51 5827
52 5775
54 5145
56 2633
58 2480
59 4057
61 4873
63 2768
67 5485
68 1761
71 1378
72 5774
73 4934
78 1066
85 3616
86 975
87 690
89 5223
91 5384
95 5885
97 5215
98 1256
100 5729
101 5254
105 1880
110 205
113 212
122 5039
123 2705
124 809
126 4557
127 4654
129 3208
131 3679
135 2206
138 5551
144 1727
145 5502
146 4067
149 5719
151 5465
152 4057
153 5745
157 5173
161 5824
163 5251
164 4599
166 4844
169 4623
170 1028
171 854
174 5736
178 3375
179 3043
182 5539
184 5851
185 5730
188 5204
191 2506
192 1694
194 3535
195 4180
196 4784
202 5424
204 4604
207 4859
211 5174
213 5361
215 4458
222 3306
223 3515
225 4426
226 5772
228 558
230 2691
235 3208
240 1421
241 805
242 5764
244 1671
247 2189
249 4070
254 372
257 4250
258 5531
262 115
265 5149
266 79
268 5034
271 5595
274 231
278 1772
280 1052
281 4770
282 2608
287 4852
288 79
289 895
290 782
291 310
297 5889
298 4071
299 1409
301 199
302 902
304 277
305 1280
309 833
312 1038
318 5871
320 2496
326 5814
327 5184
334 3163
340 2749
341 5338
345 5098
346 5491
351 5153
352 5109
353 5783
356 5740
357 361
360 5013
363 5409
364 757
365 3788
369 684
370 730
371 3056
376 57
377 2618
378 1702
379 5192
380 4133
382 5136
383 5282
384 4641
385 18
386 5918
389 3346
390 5637
391 4449
393 3825
395 4765
397 3584
399 2237
404 1511
405 3247
407 3414
411 531
412 5539
413 689
414 4672
415 3978
419 4314
420 1222
422 5609
424 2769
426 1458
429 462
430 4787
432 2840
436 307
438 5163
439 5159
440 1184
442 4625
445 3906
446 5483
447 5568
448 1940
450 3903
451 4926
454 5443
455 3259
456 366
458 134
459 5027
460 5320
465 5965
467 3295
471 599
474 3010
475 1904
478 5514
480 1992
482 2755
484 1502
485 5628
486 3187
487 4332
489 3918
490 4245
491 4857
493 2488
494 200
495 843
497 5606
498 4307
499 4407
502 3624
508 1568
510 4289
511 3500
512 5330
513 5127
514 4182
515 706
516 5260
517 4523
518 362
520 5139
522 5915
529 527
532 892
533 1474
534 5744
535 416
536 5242
537 5037
538 1748
541 4715
543 253
544 1133
545 4919
548 3694
549 5497
551 1782
553 1022
555 4781
557 368
559 2285
561 2113
562 4205
566 4018
568 1586
569 2627
571 2618
574 5448
579 2173
582 4912
583 418
587 5228
590 1937
592 5718
594 3855
595 3574
596 2827
598 2618
603 5030
605 4300
607 5739
608 1974
609 2050
612 2434
613 3021
614 418
616 5039
617 2235
618 5561
619 611
624 35
625 5852
626 368
627 284
628 1644
629 2891
631 5682
633 5399
635 3655
636 3798
637 2446
640 5904
641 5521
642 2725
643 5148
644 4306
646 2496
647 5603
649 4147
650 5598
651 4314
652 2104
655 1064
662 775
664 2670
666 5624
667 4058
670 5869
675 5734
676 2593
678 780
681 5015
682 3658
685 5335
691 5569
694 2
695 4603
697 5429
698 461
699 4901
701 64
703 1786
704 1300
707 4227
708 917
709 5221
711 3655
713 5537
717 14
719 5829
720 4410
721 5470
722 1831
723 1001
725 1948
726 931
727 1586
728 523
729 4923
733 5727
734 5865
737 197
739 4070
741 1433
742 550
744 5833
745 5702
746 147
748 5493
749 5919
751 1786
753 5347
755 5191
758 2319
759 2257
760 917
761 5510
762 402
763 2275
764 712
765 5747
768 4736
769 4137
770 3514
774 5384
777 5291
779 2453
781 347
783 4392
784 5372
787 5851
788 3522
789 4092
790 205
791 1691
799 1702
803 674
806 3711
807 5663
810 1073
812 1387
813 5556
814 3219
816 775
819 457
822 1076
823 5905
827 5239
830 2488
831 3731
832 2081
834 5560
842 4906
844 22
846 5755
847 5154
848 5032
849 294
852 4857
853 1242
856 5857
857 1502
858 5457
859 5660
860 5596
861 4735
862 766
865 1321
869 248
870 2958
873 208
880 392
883 2123
885 5118
886 2161
887 2306
889 2703
890 3677
893 4710
894 4443
897 4261
900 5411
901 2243
903 1474
905 2726
906 2903
907 2192
909 2704
911 1068
912 509
913 1005
914 5342
915 2058
920 90
921 1506
923 1300
925 5330
926 4499
928 4813
929 2871
930 5883
932 3666
933 3011
934 117
935 838
936 4289
938 112
939 5585
940 2383
941 3717
943 2919
944 4065
945 5962
946 5829
948 4502
949 4587
950 3127
951 5632
954 752
955 1214
957 5292
959 57
960 2755
961 92
962 2509
963 5293
964 1248
968 1600
971 3870
973 5470
974 5669
976 3420
977 5114
978 4864
979 348
980 3411
981 107
983 1608
986 2865
987 2755
989 5477
991 1711
992 2970
993 1181
994 1091
995 5698
996 488
998 2283
999 5926
1007 4755
1008 1186
1009 5869
1010 5312
1012 3064
1015 2313
1017 4053
1018 4845
1019 5054
1021 1781
1023 3795
1031 924
1034 2231
1037 2853
1039 4938
1042 5838
1043 1420
1044 5104
1045 5086
1046 2161
1047 2593
1049 5572
1050 3383
1051 4284
1053 687
1054 1502
1055 5626
1057 1206
1059 1035
1061 5465
1062 65
1063 693
1070 3904
1071 1327
1074 496
1075 3262
1080 3662
1081 5220
1082 5409
1085 177
1089 5249
1090 1421
1093 1002
1094 5962
1096 5696
1097 4220
1101 3302
1103 1748
1104 3711
1108 1153
1110 2395
1111 26
1113 3096
1114 5088
1116 5709
1117 128
1120 3575
1121 732
1122 4396
1123 5210
1125 4852
1126 5562
1129 4425
1130 5781
1134 867
1136 683
1138 4791
1140 3741
1141 4557
1144 5088
1145 1681
1147 3326
1148 4481
1154 4654
1155 5568
1156 872
1157 2158
1159 1502
1161 3008
1162 437
1163 1445
1165 2529
1166 850
1168 3201
1178 4041
1179 2035
1182 1708
1183 4340
1185 1011
1188 2683
1189 4309
1193 3069
1195 5470
1196 3699
1197 5684
1200 453
1201 5581
1204 3514
1205 187
1208 3804
1209 2947
1212 5103
1213 5946
1215 4785
1216 3140
1218 1073
1220 3449
1223 2175
1224 4983
1228 4311
1232 1127
1233 5870
1234 3766
1235 238
1236 3666
1237 5618
1240 4481
1241 1974
1243 5088
1244 4531
1245 2222
1247 5351
1249 4092
1250 4710
1252 4193
1253 1887
1255 3058
1258 5879
1260 150
1261 2997
1262 1328
1263 5822
1264 5106
1270 4214
1272 4786
1274 5230
1276 381
1283 2335
1286 5477
1287 2074
1288 2175
1292 3604
1293 3617
1295 1686
1296 5194
1302 5170
1303 111
1306 2723
1309 4463
1310 1784
1315 5945
1316 5678
1317 3065
1319 800
1322 5300
1324 3445
1330 4875
1331 3680
1333 4985
1335 1006
1336 5700
1337 205
1339 2031
1340 4144
1341 2392
1346 1024
1348 2024
1350 5502
1353 5443
1354 119
1355 4806
1357 5640
1359 878
1360 5219
1363 1524
1364 754
1367 3789
1369 1887
1374 4012
1382 5437
1383 2809
1384 5936
1386 1318
1389 5227
1391 5337
1393 4736
1395 4649
1399 1992
1400 4616
1401 916
1403 5791
1404 4707
1408 796
1412 5328
1414 3333
1416 5028
1417 1030
1418 4243
1422 5318
1423 3548
1425 5741
1426 5959
1428 1586
1429 5144
1431 4143
1432 2720
1436 1435
1438 5655
1439 5434
1440 990
1441 3992
1443 5382
1444 5482
1446 1290
1447 4288
1449 5541
1450 5355
1451 5535
1453 5666
1454 4026
1456 5885
1460 5054
1461 83
1462 5179
1464 1118
1465 4087
1467 2087
1469 4599
1470 92
1476 109
1478 4982
1481 573
1482 1831
1488 4047
1489 5726
1495 2672
1496 3608
1498 2021
1500 4779
1501 5365
1503 2090
1504 2345
1505 1222
1507 5758
1508 5269
1510 4119
1515 2426
1519 5532
1522 488
1523 5687
1526 3713
1527 233
1529 4187
1530 757
1531 5447
1532 3348
1534 1583
1539 5934
1541 5285
1542 3040
1544 1514
1545 3455
1546 3519
1547 5509
1549 1616
1550 5652
1552 2749
1554 866
1556 5502
1560 45
1561 1003
1562 639
1563 3149
1564 4173
1565 441
1566 1714
1569 825
1570 5767
1571 2431
1572 3061
1574 782
1577 3510
1578 3666
1580 3069
1581 4666
1588 5748
1589 294
1590 2349
1592 130
1594 43
1596 1072
1597 4274
1598 572
1599 321
1602 3201
1603 2046
1604 3382
1605 5709
1607 1463
1609 1379
1610 172
1611 5806
1613 2887
1614 2383
1615 5355
1617 5481
1618 2911
1620 3064
1622 657
1623 325
1625 5723
1626 4425
1627 3785
1629 5678
1631 3772
1632 1217
1633 401
1638 4979
1639 5339
1642 359
1643 3671
1646 2109
1648 5219
1649 2294
1650 4580
1651 864
1652 1420
1656 1153
1657 5947
1662 5552
1664 3515
1665 808
1666 232
1667 5716
1668 5245
1669 747
1672 5159
1673 5149
1674 4716
1675 4034
1679 4632
1680 4716
1682 1788
1684 5385
1688 4668
1692 3701
1693 4584
1695 3115
1696 3302
1698 5721
1700 3766
1701 5091
1703 4510
1704 3677
1705 972
1707 4798
1709 4969
1710 5552
1713 4813
1715 5783
1718 2336
1719 406
1720 4974
1723 361
1724 117
1725 1591
1726 5961
1729 1298
1730 4327
1731 2871
1733 3645
1734 5660
1736 4744
1737 786
1738 4541
1739 203
1740 5726
1742 4959
1744 1238
1745 3787
1750 2567
1751 4458
1752 4432
1753 4878
1754 4444
1755 3263
1757 5587
1759 27
1762 1600
1764 866
1765 3543
1767 4227
1768 4913
1771 1305
1773 4982
1774 4334
1776 5597
1777 19
1779 4878
1789 5269
1790 3574
1791 5291
1793 2038
1794 4523
1796 3204
1797 5750
1798 3639
1800 2714
1801 4174
1804 4644
1805 4752
1807 706
1808 1397
1810 5595
1811 2482
1812 1769
1813 4858
1814 4220
1815 1124
1816 5360
1817 5924
1819 1586
1820 143
1823 5118
1824 3252
1825 5627
1826 2449
1828 3321
1829 1362
1832 5295
1833 5708
1834 908
1837 5668
1838 1226
1839 3462
1841 5160
1842 1660
1843 5743
1844 2841
1845 3569
1847 2025
1848 3622
1849 322
1851 1619
1855 425
1857 5413
1858 4012
1860 4398
1861 3923
1862 1699
1865 1974
1868 2215
1871 1225
1872 1948
1873 2440
1874 5618
1875 683
1876 4580
1878 5845
1879 2594
1881 3199
1884 1227
1885 5231
1886 2283
1891 5350
1892 5332
1893 1415
1895 492
1896 3634
1897 5894
1898 2780
1900 2396
1901 5515
1902 5666
1903 2229
1905 1727
1906 1190
1907 116
1908 2600
1909 82
1910 1761
1911 343
1917 5621
1919 5360
1921 5126
1922 740
1924 3746
1925 472
1928 3532
1929 5047
1930 275
1931 5210
1933 5274
1934 564
1935 1347
1936 2556
1939 5542
1942 2216
1943 4516
1944 1388
1946 2601
1949 5730
1950 4557
1951 5199
1953 5582
1954 1712
1956 1458
1957 5218
1958 5185
1959 528
1960 5691
1961 5963
1963 5784
1964 656
1965 1318
1966 3927
1967 668
1970 3352
1971 3652
1972 835
1973 3839
1975 4742
1976 5392
1978 3309
1980 4217
1981 5530
1982 4789
1983 1524
1984 2193
1985 2664
1986 2860
1987 620
1991 234
1993 5910
1995 1553
1996 4969
1997 5535
1998 5940
1999 3957
2001 984
2002 3089
2003 2233
2004 4174
2006 2794
2007 3925
2009 5782
2010 750
2011 554
2015 5635
2016 2217
2017 2598
2018 3184
2022 140
2027 5731
2028 5879
2029 5925
2030 5003
2036 1619
2039 2560
2040 3650
2042 5636
2043 139
2044 1180
2045 3227
2047 5213
2048 252
2052 575
2053 2032
2055 118
2056 4319
2057 1027
2059 2032
2061 5718
2062 2627
2064 5877
2065 4599
2066 5043
2067 2156
2068 82
2069 5110
2070 877
2073 5307
2075 5158
2076 5208
2077 5219
2078 339
2080 2536
2082 801
2083 2208
2085 1407
2086 1890
2089 3301
2091 1079
2092 197
2096 2153
2097 1593
2098 2627
2099 5158
2105 5595
2106 5918
2107 3839
2111 3557
2114 3812
2115 5224
2116 2574
2117 4349
2118 5091
2120 5395
2126 2747
2129 1176
2131 4895
2132 3623
2134 2970
2135 3634
2136 867
2138 306
2139 1836
2140 5708
2141 1259
2142 2989
2143 1653
2144 3933
2145 3787
2146 1487
2148 5705
2149 5667
2150 773
2154 4035
2155 1275
2157 5384
2159 5865
2164 1586
2169 5927
2170 4289
2171 5312
2172 3459
2174 5949
2176 3641
2177 1112
2178 5136
2179 3008
2181 5666
2183 5814
2184 3512
2186 817
2187 4350
2188 805
2190 692
2191 2473
2194 5692
2195 293
2196 5957
2197 5434
2198 1435
2199 5762
2200 4448
2201 1890
2202 2426
2203 5363
2204 1670
2205 710
2207 1912
2210 2935
2212 5349
2213 3619
2214 3383
2218 5291
2219 3669
2220 5354
2223 5560
2225 891
2227 317
2228 5257
2230 1373
2232 825
2236 2020
2238 3960
2240 2649
2244 332
2245 658
2246 5552
2249 1624
2250 55
2252 659
2255 1167
2256 4574
2259 5573
2260 2637
2261 3741
2262 4838
2264 4243
2265 128
2266 1362
2267 1457
2269 1181
2270 5814
2271 1606
2273 876
2274 3579
2276 5652
2278 2229
2280 5377
2281 2819
2282 5162
2284 5270
2286 630
2287 3232
2288 3608
2289 1397
2290 1624
2291 2322
2292 5811
2293 576
2295 4911
2296 3565
2297 1087
2298 638
2300 4264
2302 5365
2304 2113
2305 3010
2308 904
2310 700
2312 4312
2315 528
2316 4172
2318 556
2320 94
2321 3871
2323 606
2324 5159
2325 4907
2326 3062
2328 3718
2329 4378
2330 2490
2331 5684
2332 1915
2333 2038
2334 4238
2338 1685
2339 4327
2340 5694
2341 4222
2342 5712
2343 5482
2344 5127
2347 93
2351 738
2353 5487
2354 4481
2359 4217
2360 1518
2361 2618
2362 5717
2363 5417
2366 690
2367 4116
2368 284
2369 3616
2371 5510
2374 3564
2378 1882
2379 1013
2380 237
2381 4673
2382 5729
2384 5193
2386 3989
2388 5439
2389 4444
2390 5182
2391 2163
2393 802
2394 5428
2397 1452
2398 1211
2399 5680
2402 2717
2403 3938
2405 112
2406 5390
2408 5153
2409 5462
2411 3301
2412 2364
2413 5427
2415 2400
2417 1706
2418 5776
2419 3626
2420 5760
2421 5615
2422 5331
2423 4302
2424 1647
2427 1850
2430 5311
2432 3291
2435 4625
2438 1281
2439 308
2441 5636
2443 435
2444 3043
2445 4072
2447 31
2448 1553
2450 5642
2451 4440
2452 1795
2454 2158
2456 1484
2457 1437
2458 5028
2459 918
2460 4769
2463 5453
2464 3588
2465 5836
2466 2755
2468 639
2469 317
2470 5041
2472 5763
2474 1312
2475 1551
2476 5931
2477 5562
2478 295
2479 209
2481 2538
2483 3309
2487 3104
2491 4168
2494 1056
2495 2522
2498 623
2501 1281
2502 5425
2503 5144
2505 4787
2508 965
2511 5004
2512 5166
2513 1300
2514 589
2515 3965
2516 4668
2519 1945
2520 5422
2523 850
2524 4862
2525 1119
2526 5504
2527 3431
2528 2803
2530 4930
2532 5552
2534 731
2535 5191
2540 3154
2541 1628
2544 5071
2545 875
2547 5236
2548 5245
2552 4012
2554 1239
2555 5785
2559 2471
2561 5236
2563 3548
2564 4181
2566 5485
2568 4938
2569 1394
2572 3521
2573 5417
2575 5128
2576 4930
2577 5288
2578 3712
2580 5223
2581 5818
2582 5392
2583 5963
2584 5673
2585 1030
2586 3986
2590 3604
2592 1463
2596 5069
2599 5607
2604 2416
2605 5152
2606 2708
2607 5078
2610 1421
2611 469
2613 236
2615 3687
2616 3211
2619 5600
2621 4287
2622 4047
2623 4026
2626 5735
2628 2970
2629 1326
2630 4557
2631 2667
2636 4666
2638 2173
2639 3957
2640 3914
2642 210
2643 3383
2645 5351
2648 2471
2651 236
2652 4033
2656 3855
2657 5551
2658 5840
2659 65
2662 350
2663 771
2665 3211
2666 4240
2669 333
2671 4217
2673 3115
2674 4481
2676 1706
2677 564
2678 1948
2680 5285
2682 5045
2684 4240
2689 433
2690 5250
2692 5596
2695 2025
2696 3367
2697 3342
2698 1487
2699 2617
2700 5529
2701 5479
2702 5131
2706 5307
2707 1332
2709 5586
2710 3804
2711 4933
2712 5429
2713 317
2715 1127
2716 1325
2718 4350
2719 5325
2724 5625
2729 4747
2730 1304
2731 4291
2732 317
2733 5199
2734 5248
2736 1073
2737 5174
2738 5754
2739 1375
2740 1035
2742 922
2744 5562
2745 3778
2748 5718
2750 2130
2751 1343
2752 4846
2756 5618
2757 1349
2758 5310
2759 2416
2762 2152
2765 5644
2767 402
2770 2960
2773 1299
2774 5639
2779 3481
2781 3604
2782 2686
2783 5937
2785 5842
2786 130
2787 5606
2789 1029
2791 2875
2792 4688
2793 5905
2795 5847
2798 3120
2799 4781
2800 2489
2801 3385
2802 4995
2806 3569
2807 5958
2808 4263
2815 1591
2818 1595
2821 563
2823 2553
2824 899
2825 1289
2826 2467
2828 5412
2829 2949
2830 5566
2831 329
2832 3960
2834 5155
2836 794
2837 1863
2838 5772
2843 671
2845 5232
2847 5392
2848 4724
2849 300
2851 3882
2852 5805
2856 5819
2859 2683
2864 1014
2866 3027
2867 1803
2868 1398
2869 234
2870 5644
2872 5655
2873 4716
2876 3214
2878 4821
2879 3419
2883 4616
2884 5520
2885 4231
2888 5650
2889 2263
2892 4846
2893 2446
2896 5314
2898 1388
2899 1586
2900 1214
2901 3749
2902 3764
2904 1990
2905 4033
2907 5303
2910 4694
2912 556
2913 1248
2914 1187
2915 5670
2916 5949
2917 5746
2918 4195
2920 1269
2921 1788
2922 5079
2925 5527
2927 2440
2929 4060
2933 2560
2937 276
2939 5292
2940 1035
2941 43
2942 1325
2943 576
2944 540
2946 2137
2950 1308
2951 5888
2953 3224
2955 2442
2956 5859
2957 2429
2959 3584
2961 2012
2962 4755
2963 3521
2964 4155
2965 5242
2966 1537
2969 313
2972 5371
2975 1058
2976 904
2977 5562
2978 4402
2979 3208
2980 5689
2981 2258
2982 1784
2983 1073
2984 238
2985 2461
2986 5118
2987 3608
2988 4161
2991 267
2992 5246
2994 5444
2995 5288
2996 2617
2998 1920
3001 3823
3006 3896
3007 5574
3009 374
3012 916
3014 3702
3016 5873
3017 3916
3019 5042
3022 5506
3023 1608
3024 2263
3025 3130
3026 408
3028 5743
3029 5850
3030 3750
3031 5020
3032 4846
3034 4463
3035 5124
3036 5460
3038 1153
3041 5548
3042 2625
3045 2846
3046 5648
3048 1512
3049 1024
3050 1869
3052 1484
3053 5005
3055 1211
3057 5284
3067 3400
3068 3146
3071 5760
3073 140
3074 2835
3076 3227
3078 5900
3079 4949
3081 1372
3083 1131
3084 162
3085 5249
3086 1535
3087 1827
3091 2574
3092 5087
3093 5642
3094 2768
3095 5236
3097 5646
3098 3496
3101 3957
3105 5430
3107 3753
3108 688
3110 4145
3111 3348
3112 1468
3116 4933
3117 4901
3118 5376
3119 4087
3122 1304
3125 2101
3126 2229
3128 1361
3129 1525
3131 3037
3132 601
3134 1345
3135 5286
3138 5338
3141 4581
3142 5816
3147 5875
3148 2600
3151 2462
3152 1040
3153 5143
3155 5286
3159 3201
3161 5247
3164 2571
3165 2890
3166 3880
3167 1681
3169 5882
3173 2841
3176 2486
3179 4330
3180 275
3181 2000
3182 564
3183 2681
3186 4558
3189 381
3192 2598
3194 3523
3195 269
3196 2897
3197 2356
3198 143
3200 5003
3203 5690
3205 3518
3207 4018
3210 3575
3212 3307
3213 4993
3215 4301
3218 3172
3220 5347
3222 3490
3223 2886
3226 927
3228 5574
3229 505
3230 2074
3233 5703
3237 5434
3239 2370
3240 5320
3241 5906
3242 239
3244 3924
3245 1521
3246 4611
3248 1115
3249 2209
3250 5916
3251 410
3254 5156
3255 1616
3256 5792
3257 5137
3260 1022
3264 881
3265 5310
3266 2948
3268 5822
3269 107
3271 805
3272 5911
3273 3124
3275 5506
3276 866
3278 3309
3279 3072
3281 5223
3282 854
3283 4744
3285 1397
3286 2102
3287 5465
3288 3863
3289 75
3292 5685
3293 5676
3294 1407
3296 2128
3297 1347
3299 3952
3300 5942
3310 1376
3311 5241
3312 5926
3313 261
3314 5864
3317 1259
3318 5751
3320 630
3323 2121
3324 437
3325 712
3328 92
3329 2664
3331 5407
3332 5934
3334 801
3336 2071
3337 5413
3338 4573
3339 3102
3340 5256
3341 3047
3343 4520
3344 5545
3345 4985
3350 818
3351 5741
3353 5457
3354 5838
3355 5606
3356 1683
3357 5863
3360 1352
3361 5112
3362 5672
3364 190
3366 969
3369 5441
3372 121
3373 5236
3376 4041
3378 3870
3381 5004
3384 5315
3386 1421
3388 1732
3389 5871
3390 1022
3391 3445
3392 2704
3393 5652
3394 3823
3401 715
3403 5842
3405 4798
3406 4376
3408 5757
3409 3906
3410 214
3413 4426
3415 5867
3416 2253
3417 1198
3421 2850
3422 767
3423 3109
3424 638
3425 5153
3427 1799
3428 3690
3429 966
3433 3462
3436 5320
3443 1867
3444 5521
3446 4795
3447 272
3448 2844
3451 1821
3452 4220
3456 1002
3458 5414
3463 2761
3464 1756
3465 210
3466 871
3469 4860
3470 5331
3471 5309
3473 863
3474 5946
3475 3650
3476 5231
3477 584
3478 4332
3479 1256
3480 2874
3483 5674
3485 4829
3486 5659
3487 4045
3489 119
3492 2860
3494 5333
3497 256
3499 4724
3504 5485
3505 4515
3506 4504
3507 4747
3508 5542
3509 3804
3511 3840
3517 3912
3520 5386
3524 5762
3525 4633
3527 1365
3529 5693
3530 5248
3531 5832
3534 1516
3536 5797
3537 3206
3540 4647
3542 3833
3544 5637
3545 4367
3546 5853
3547 966
3549 1040
3550 74
3551 2128
3552 5176
3553 5941
3554 3967
3555 5650
3556 5849
3559 2216
3566 5398
3567 5590
3568 3113
3572 2928
3573 4299
3577 306
3578 5285
3580 4580
3582 2768
3583 714
3586 690
3587 3518
3589 1518
3590 801
3591 259
3596 3866
3597 5688
3598 4901
3599 5465
3601 5784
3602 672
3603 5593
3605 2805
3607 3348
3609 5837
3610 314
3611 5593
3612 1273
3613 2664
3618 5568
3620 4858
3621 1172
3625 5472
3627 2654
3628 2588
3629 1186
3630 1778
3631 3298
3632 5132
3633 5026
3637 2952
3638 1512
3640 3588
3642 5112
3643 5035
3646 1239
3647 5267
3651 5847
3653 3209
3654 3302
3659 1152
3661 2714
3664 4623
3665 3253
3670 3855
3672 2655
3673 4734
3674 5190
3678 4603
3681 431
3682 1109
3684 4918
3686 4892
3688 5835
3689 5495
3691 5595
3692 5725
3695 669
3697 1067
3698 1038
3700 2997
3705 329
3707 2784
3708 368
3709 1792
3710 5658
3715 2258
3716 1962
3723 572
3724 5152
3729 4574
3730 3243
3732 1497
3735 1551
3736 4148
3737 589
3739 567
3740 4921
3742 1100
3743 1048
3744 4020
3748 5672
3752 5632
3754 2000
3756 1641
3759 3407
3760 1850
3761 27
3762 4859
3763 5933
3765 2253
3767 1686
3768 5853
3769 2881
3771 452
3773 3667
3774 3584
3775 4328
3779 5374
3780 3751
3781 506
3782 668
3783 674
3784 5535
3786 4765
3790 1033
3792 5429
3793 5600
3796 2216
3797 3500
3799 4567
3800 4995
3802 5204
3803 5962
3805 5543
3807 3675
3809 4958
3810 5208
3811 5463
3816 5772
3818 1883
3819 5875
3820 3219
3821 3382
3826 2924
3828 2633
3829 5216
3830 2014
3831 866
3832 5155
3835 5898
3836 3992
3837 3070
3838 5486
3841 5683
3842 3298
3843 1636
3845 4360
3846 3619
3847 5520
3848 2714
3851 5842
3852 2163
3853 2816
3854 5703
3856 5540
3857 5428
3858 5086
3859 4309
3860 4678
3861 5602
3864 4902
3865 3636
3867 1802
3868 5097
3872 3069
3875 1677
3877 5925
3878 2683
3879 1795
3883 1433
3885 134
3887 5209
3889 1932
3892 2635
3893 421
3894 4717
3895 4567
3898 1026
3900 800
3901 589
3902 3548
3905 1512
3907 4976
3908 3720
3909 5906
3911 60
3913 1406
3915 2814
3919 2506
3920 2087
3922 4515
3926 1712
3929 3619
3930 4058
3932 600
3934 4340
3935 1301
3936 3778
3937 5432
3939 3974
3943 3419
3945 2538
3946 3290
3947 5095
3949 1969
3950 1952
3951 107
3958 2496
3959 1013
3962 3764
3963 1582
3964 5579
3966 4336
3968 4425
3971 2
3973 449
3975 2485
3976 427
3977 4988
3979 311
3980 1455
3985 2492
3987 5103
3988 2345
3990 4674
3991 752
3993 2670
3996 3657
3997 2970
3998 4118
4001 5944
4003 3515
4004 1743
4006 4809
4008 1058
4009 3770
4010 4917
4011 2446
4013 5897
4014 1398
4016 801
4017 261
4019 5662
4022 1434
4023 142
4024 5168
4025 76
4029 5138
4030 116
4036 5463
4037 198
4038 5589
4040 5334
4044 2881
4048 221
4049 5818
4050 5948
4052 1300
4054 5352
4059 1109
4061 4327
4063 5296
4066 5104
4069 3136
4073 4731
4074 5881
4075 4942
4076 5415
4077 5605
4079 5278
4080 690
4082 1128
4084 314
4085 388
4086 5641
4089 5876
4091 5461
4093 5521
4094 5420
4096 2906
4098 5863
4099 2970
4101 5185
4103 3080
4106 5397
4107 2041
4108 264
4109 1821
4110 732
4111 5404
4112 5554
4113 1551
4114 5043
4115 4675
4121 1405
4122 2215
4123 1741
4124 2813
4125 5585
4126 329
4130 4499
4131 4823
4132 358
4134 5687
4136 3823
4138 4348
4139 255
4146 2647
4150 3302
4152 3453
4154 5241
4158 2536
4159 5194
4160 5277
4162 904
4163 4226
4164 5617
4167 5574
4169 3175
4170 1988
4171 3450
4175 2726
4176 2608
4177 5222
4178 452
4184 1854
4185 1483
4186 232
4188 396
4189 5185
4190 2881
4191 3823
4194 2594
4196 5514
4197 2162
4198 5880
4203 5134
4206 2467
4207 4046
4209 525
4210 5814
4211 3371
4212 5343
4213 3075
4218 3027
4219 5070
4221 3984
4223 1899
4224 3791
4228 5867
4229 4976
4230 314
4232 1516
4233 4850
4234 140
4235 660
4236 4855
4237 1343
4241 793
4242 1314
4244 1394
4246 4510
4247 5943
4249 1349
4252 434
4253 4238
4254 5611
4255 4083
4256 1756
4257 5528
4258 5698
4259 5880
4260 5171
4262 5400
4265 5957
4266 1105
4267 5250
4268 92
4269 1850
4270 5263
4271 5104
4272 5834
4273 2790
4279 3965
4280 2182
4281 5041
4282 4329
4283 5045
4290 1003
4292 2562
4293 4348
4294 5065
4296 5581
4297 180
4298 5360
4303 5919
4305 335
4313 3069
4315 5013
4316 798
4317 3227
4318 3952
4320 5633
4321 4837
4322 4788
4323 1497
4324 3309
4325 800
4326 5175
4331 1174
4333 1659
4335 2989
4337 90
4338 4731
4339 5663
4341 5733
4344 648
4345 5328
4351 4832
4353 3616
4354 5346
4355 5608
4356 5430
4357 3746
4358 4878
4361 5743
4362 525
4363 3449
4365 1068
4366 2549
4370 4864
4371 2775
4373 55
4374 5309
4375 1583
4377 2777
4379 2754
4380 2049
4381 5069
4383 224
4387 1717
4390 5612
4391 2723
4393 4449
4395 5260
4399 2562
4401 2632
4403 3259
4404 1190
4405 4957
4406 3442
4408 2433
4411 2810
4412 3462
4414 3072
4415 1583
4416 539
4417 4202
4418 3969
4420 5803
4421 5747
4422 5956
4423 4996
4424 2046
4428 2797
4430 4510
4431 4060
4434 1198
4436 2863
4437 5500
4439 2533
4441 2688
4442 4846
4445 4568
4446 4413
4447 705
4451 74
4452 4709
4453 5352
4455 505
4456 5103
4457 5640
4459 2492
4460 2934
4461 5961
4464 5040
4465 5140
4467 5558
4468 1937
4469 2153
4470 5525
4472 4536
4473 4786
4474 5697
4477 2239
4479 1160
4480 5780
4482 5242
4483 2537
4486 5843
4487 3144
4491 988
4493 5327
4494 5365
4495 4392
4497 3523
4498 5226
4500 2122
4501 4127
4506 1484
4507 908
4508 3777
4511 4907
4512 5582
4514 5646
4519 5039
4522 2602
4524 5028
4527 2504
4529 4407
4532 5769
4535 2989
4537 5718
4538 4087
4539 4592
4540 3404
4544 5565
4545 5753
4547 453
4548 2242
4550 294
4552 3822
4553 4632
4555 248
4556 5353
4559 5087
4560 3211
4561 317
4562 394
4563 669
4564 5256
4565 5714
4566 5724
4569 580
4570 4042
4571 1410
4575 3184
4576 4669
4577 3817
4578 1912
4582 3385
4589 5449
4590 4672
4593 2327
4594 3018
4595 3018
4600 5644
4601 2810
4602 4934
4605 336
4606 1880
4607 4057
4608 5815
4609 3870
4612 3123
4613 5690
4614 1139
4615 303
4617 5577
4618 558
4620 1362
4621 4032
4622 1676
4624 136
4626 1029
4627 3459
4628 2395
4629 5878
4630 5133
4634 4147
4635 277
4636 2814
4638 2600
4642 5819
4643 2317
4646 5615
4648 2490
4650 5734
4651 5265
4652 5486
4653 5017
4655 2571
4657 4542
4658 3491
4659 4372
4660 5185
4661 1207
4662 5898
4663 4243
4664 1394
4665 3379
4671 5791
4676 4941
4679 2046
4680 5687
4681 4876
4682 1342
4683 1107
4684 84
4685 5918
4686 2903
4690 5795
4691 3080
4693 3130
4695 143
4696 5833
4697 4919
4698 1257
4699 4045
4700 2133
4701 5901
4702 5061
4703 3886
4704 4137
4706 5395
4708 5666
4711 952
4712 5638
4713 634
4714 4856
4719 5134
4721 4769
4722 5165
4723 5283
4725 2221
4726 4179
4727 3000
4728 1343
4729 1187
4730 672
4732 1297
4733 5830
4737 2895
4739 4654
4740 4985
4741 5421
4745 2772
4746 1514
4748 217
4749 3482
4750 3484
4751 3984
4753 5224
4754 2158
4756 3863
4757 611
4759 4717
4760 3274
4762 5694
4764 1304
4767 319
4768 5216
4771 5772
4773 3170
4774 5145
4775 5328
4776 5899
4777 3462
4780 1513
4782 5298
4794 5452
4796 5696
4797 3301
4799 1266
4800 5242
4801 5157
4802 767
4803 2725
4804 1342
4805 668
4807 688
4808 4429
4810 5286
4815 5027
4817 5688
4818 112
4819 4639
4820 5488
4822 5473
4824 2822
4825 4116
4826 4072
4827 5493
4834 5604
4836 464
4839 362
4840 4021
4841 1628
4842 421
4843 2034
4848 181
4851 5869
4853 4809
4861 2185
4863 5753
4867 3303
4868 4783
4870 4200
4871 3027
4872 2041
4874 2844
4877 1784
4879 5619
4880 4400
4881 5284
4885 2971
4886 229
4887 5833
4888 3999
4889 3363
4890 5235
4894 3072
4896 2726
4899 2101
4900 1799
4904 5109
4905 2543
4908 4986
4909 5605
4910 5003
4914 4301
4915 1494
4916 5619
4922 2595
4924 349
4925 854
4927 4959
4928 2226
4929 3718
4931 2618
4932 5413
4935 5182
4936 3284
4937 3706
4939 4981
4940 4641
4943 5712
4944 45
4945 4295
4947 5304
4950 5347
4954 3606
4955 5652
4960 5765
4963 401
4966 5491
4967 4035
4968 5589
4970 3956
4971 715
4972 1537
4973 5451
4978 117
4984 5853
4987 3720
4989 1616
4990 1889
4991 4135
4992 4974
4994 5327
4997 5940
4998 4394
4999 1424
5000 2754
5006 2928
5009 5796
5011 5314
5012 4225
5014 3219
5016 5535
5018 4788
5025 22
5031 1038
5033 4591
5036 1859
5038 5436
5044 2679
5046 112
5048 5910
5049 731
5052 279
5053 1712
5055 5784
5056 4844
5057 5472
5058 99
5059 5531
5066 2855
5067 5269
5072 4687
5074 5345
5076 4687
5080 5885
5081 2911
5083 5510
5084 3806
5089 5064
5092 5217
5093 4308
5094 836
5096 4668
5100 4389
5102 1691
5125 5487
5681 1028
5749 5134
5896 2579
5967 2932
5968 5538
5969 895
5970 216
5971 361
5972 3899
5973 50
5974 1538
5975 2874
5976 4668
5977 2688
5978 1133
5979 173
5980 997
5981 251
5982 2071
5983 838
5984 5419
5985 2571
5986 1248
5987 2285
5988 5518
5989 233
5990 3955
5991 1518
5992 156
5993 5882
5994 3657
5995 782
5996 5835
5997 5485
5998 5015
5999 416
6000 1329
6001 918
6002 5640
6003 547
6004 5139
6005 5508
6006 5664
6007 4328
6008 4056
6009 1551
6010 4942
6011 1962
6012 5891
6013 84
6014 1869
6015 3387
6016 4327
6017 3882
6018 5338
6019 835
6020 190
6021 2021
6022 4933
6023 4869
6024 1654
6025 5559
6026 5804
6027 5701
6028 1788
6029 5726
6030 5429
6031 5679
6032 2504
6033 1379
6034 4400
6035 1595
6036 5321
6037 2708
6038 3870
6039 5403
6040 2387
6041 1176
6042 159
6043 3866
6044 3528
6045 1916
6046 4448
6047 715
6048 3414
6049 5808
6050 1002
6051 4276
6052 4128
6053 3725
6054 841
6055 4907
6056 5803
6057 5790
6058 591
6059 492
6060 3359
6061 2101
6062 252
6063 660
6064 1548
6065 2664
6066 506
6067 0
6068 2930
6069 314
6070 4180
6071 3956
6072 1035
6073 4039
6074 1459
6075 4289
6076 5861
6077 2608
6078 5822
6079 4028
6080 5891
6081 3008
6082 2865
6083 4407
6084 3870
6085 437
6086 3184
6087 5295
6088 4579
6089 5015
6090 2303
6091 4533
6092 786
6093 3217
6094 1654
6095 3523
6096 3896
6097 952
6098 5115
6099 5419
6100 4953
6101 3711
6102 2358
6103 2531
6104 3397
6105 3115
6106 5424
6107 5091
6108 3827
6109 4903
6110 3015
6111 3942
6112 942
6113 5454
6114 2279
6115 937
6116 367
6117 1321
6118 876
6119 702
6120 403
6121 2442
6122 3149
6123 1888
6124 4225
6125 5251
6126 4769
6127 1525
6128 615
6129 990
6130 4064
6131 3733
6132 3758
6133 3944
6134 3235
6135 4788
6136 1135
6137 2841
6138 5789
6139 317
6140 1387
6141 1352
6142 79
6143 5454
6144 5632
6145 586
6146 5278
6147 5873
6148 881
6149 1032
6150 2496
6151 4385
6152 2425
6153 4410
6154 1273
6155 5852
6156 794
6157 5932
6158 524
6159 5027
6160 1056
6161 4633
6162 1402
6163 1786
6164 5323
6165 255
6166 4623
6167 1437
6168 1979
6169 4144
6170 3382
6171 5715
6172 1191
6173 5948
6174 4755
6175 1370
6176 3450
6177 4100
6178 375
6179 3462
6180 2410
6181 5795
6182 5063
6183 4758
6184 5415
6185 1758
6186 3526
6187 1027
6188 5388
6189 5342
6190 5137
6191 5207
6192 5523
6193 4389
6194 427
6195 3171
6196 2930
6197 3733
6198 611
6199 552
6200 2968
6201 2661
6202 3794
6203 5285
6204 5924
6205 4043
6206 5854
6207 5158
6208 5039
6209 2557
6210 3072
6211 4707
6212 5724
6213 3302
6214 3521
6215 4710
6216 871
6217 5152
6218 5384
6219 5710
6220 2721
6221 4592
6222 2553
6223 802
6224 5030
6225 492
6226 4301
6227 5787
6228 4785
6229 5676
6230 4007
6231 5333
6232 4892
6233 3944
6234 1191
6235 2112
6236 5612
6237 2020
6238 3528
6239 927
6240 2935
6241 443
6242 4724
6243 5673
6244 1937
6245 3717
6246 5151
6247 4368
6248 4097
6249 2550
6250 5350
6251 1131
6252 1332
6253 2778
6254 3869
6255 645
6256 2609
6257 2839
6258 3680
6259 2556
6260 2161
6261 1396
6262 1297
6263 3764
6264 4308
6265 4200
6266 321
6267 3013
6268 5615
6269 4071
6270 843
6271 4310
6272 1514
6273 2037
6274 2072
6275 3375
6276 1267
6277 797
6278 3056
6279 4710
6280 3346
6281 218
6282 4641
6283 4035
6284 4087
6285 3441
6286 3493
6287 5589
6288 4795
6289 2121
6290 5330
6291 990
6292 3051
6293 5737
6294 4033
6295 296
6296 3713
6297 5286
6298 1653
6299 2013
6300 1543
6301 1409
6302 3114
6303 4425
6304 3588
6305 2861
6306 3445
6307 4983
6308 2283
6309 4584
6310 874
6311 5783
6312 1459
6313 4410
6314 5890
6315 4647
6316 3970
6317 4043
6318 3398
6319 3043
6320 5316
6321 3649
6322 1146
6323 317
6324 4779
6325 5933
6326 3370
6327 5266
6328 5793
6329 243
6330 5103
6331 3263
6332 1582
6333 2945
6334 1437
6335 5026
6336 5777
6337 1349
6338 3855
6339 2102
6340 173
6341 5679
6342 1803
6343 5395
6344 1011
6345 4205
6346 5345
6347 4187
6348 5845
6349 3060
6350 3206
6351 776
6352 142
6353 756
6354 2257
6355 5863
6356 2891
6357 2537
6358 800
6359 396
6360 3305
6361 2072
6362 4625
6363 35
6364 5565
6365 4443
6366 5099
6367 4192
6368 4291
6369 5466
6370 1171
6371 1783
6372 1016
6373 2923
6374 1612
6375 4673
6376 4056
6377 3619
6378 284
6379 5154
6380 158
6381 19
6382 5898
6383 4918
6384 1979
6385 1191
6386 1717
6387 4192
6388 5795
6389 1091
6390 4027
6391 3623
6392 4876
6393 5342
6394 3346
6395 275
6396 1394
6397 1029
6398 4427
6399 5769
6400 2809
6401 1171
6402 5740
6403 2911
6404 4838
6405 5294
6406 5498
6407 2797
6408 4893
6409 1520
6410 2635
6411 4531
6412 3576
6413 452
6414 2617
6415 3595
6416 2247
6417 5646
6418 5730
6419 4920
6420 4549
6421 4903
6422 5758
6423 3655
6424 5213
6425 5040
6426 4847
6427 5880
6428 4372
6429 2285
6430 5246
6431 354
6432 3056
6433 4852
6434 5865
6435 1277
6436 3634
6437 2891
6438 5421
6439 488
6440 3033
6441 3778
6442 4183
6443 189
6444 229
6445 1014
6446 2233
6447 5488
6448 1836
6449 2471
6450 285
6451 3696
6452 2440
6453 255
6454 5085
6455 1387
6456 1396
6457 3965
6458 315
6459 953
6460 3063
6461 4974
6462 0
6463 1850
6464 3500
6465 4070
6466 5393
6467 5665
6468 5397
6469 2865
6470 3938
6471 1711
6472 5886
6473 2675
6474 4166
6475 3335
6476 232
6477 623
6478 2122
6479 3789
6480 4007
6481 2687
6482 5349
6483 2041
6484 3680
6485 2416
6486 2842
6487 3849
6488 1169
6489 4055
6490 5819
6491 5448
6492 2058
6493 5763
6494 5555
6495 1612
6496 3044
6497 66
6498 5820
6499 1442
6500 3758
6501 5578
6502 3457
6503 4734
6504 313
6505 5629
6506 1206
6507 4463
6508 4020
6509 1142
6510 5949
6511 5813
6512 5790
6513 1171
6514 1327
6515 2156
6516 1758
6517 4951
6518 828
6519 5439
6520 1913
6521 4862
6522 4058
6523 2101
6524 1160
6525 572
6526 5203
6527 205
6528 4443
6529 4181
6530 661
6531 5414
6532 1685
6533 3185
6534 5695
6535 4517
6536 5073
6537 507
6538 5489
6539 4287
6540 1186
6541 5645
6542 5668
6543 272
6544 5561
6545 3795
6546 5606
6547 1109
6548 107
6549 2253
6550 2307
6551 4715
6552 5190
6553 5368
6554 3753
6555 4688
6556 238
6557 5349
6558 5362
6559 5075
6560 1659
6561 3491
6562 3918
6563 4785
6564 2446
6565 1644
6566 4672
6567 2560
6568 615
6569 103
6570 5728
6571 3021
6572 3660
6573 3040
6574 5579
6575 5659
6576 1591
6577 4715
6578 1822
6579 4554
6580 4837
6581 5885
6582 3728
6583 1379
6584 1106
6585 554
6586 4770
6587 5477
6588 239
6589 5665
6590 5380
6591 5460
6592 1785
6593 4238
6594 3258
6595 5713
6596 5488
6597 4525
6598 2600
6599 4981
6600 851
6601 5719
6602 3912
6603 2997
6604 1785
6605 4672
6606 527
6607 64
6608 1385
6609 4166
6610 5568
6611 1654
6612 2046
6613 5075
6614 1593
6615 57
6616 295
6617 1863
6618 1308
6619 2414
6620 5699
6621 1338
6622 3437
6623 339
6624 1802
6625 2647
6626 2108
6627 4304
6628 1763
6629 3548
6630 5343
6631 3635
6632 4088
6633 1937
6634 985
6635 224
6636 5167
6637 5782
6638 5621
6639 4368
6640 219
6641 2960
6642 2429
6643 756
6644 5073
6645 1784
6646 2538
6647 4304
6648 1636
6649 5162
6650 3746
6651 4875
6652 2863
6653 183
6654 839
6655 4752
6656 3090
6657 3863
6658 4687
6659 322
6660 15
6661 2550
6662 1035
6663 910
6664 4993
6665 5960
6666 1277
6667 199
6668 5128
6669 4584
6670 5628
6671 5930
6672 2865
6673 2025
6674 796
6675 5798
6676 2025
6677 3154
6678 1006
6679 3005
6680 3788
6681 4172
6682 2891
6683 4046
6684 5732
6685 1239
6686 5435
6687 4692
6688 77
6689 331
6690 3822
6691 2024
6692 3825
6693 3414
6694 5788
6695 1787
6696 826
6697 3304
6698 1479
6699 4573
6700 5370
6701 5555
6702 539
6703 5667
6704 773
6705 2814
6706 5205
6707 5311
6708 5847
6709 4180
6710 2239
6711 5087
6712 584
6713 5079
6714 5789
6715 2229
6716 4183
6717 3706
6718 5231
6719 3923
6720 2094
6721 5165
6722 5065
6723 2504
6724 797
6725 1356
6726 1198
6727 3252
6728 2840
6729 2217
6730 5769
6731 3219
6732 1548
6733 3635
6734 5002
6735 5293
6736 5659
6737 4238
6738 3431
6739 5128
6740 5635
6741 1992
6742 4919
6743 3776
6744 5223
6745 5957
6746 2122
6747 237
6748 1210
6749 5887
6750 4583
6751 1281
6752 2602
6753 2497
6754 416
6755 3526
6756 1119
6757 937
6758 4462
6759 5800
6760 4488
6761 4809
6762 1485
6763 3785
6764 3896
6765 4531
6766 5861
6767 771
6768 3040
6769 5608
6770 1621
6771 4959
6772 106
6773 38
6774 3146
6775 1099
6776 572
6777 5198
6778 3634
6779 3888
6780 4226
6781 2518
6782 1918
6783 5785
6784 1083
6785 4332
6786 4263
6787 1385
6788 2234
6789 449
6790 5822
6791 206
6792 589
6793 5351
6794 5577
6795 473
6796 2377
6797 3157
6798 5720
6799 5383
6800 4400
6801 4705
6802 1058
6803 5293
6804 4251
6805 2311
6806 332
6807 4974
6808 1904
6809 5564
6810 2897
6811 2768
6812 1683
6813 4092
6814 468
6815 5920
6816 656
6817 66
6818 5120
6819 1058
6820 5924
6821 1437
6822 5781
6823 2251
6824 18
6825 5272
6826 5901
6827 3047
6828 5445
6829 5484
6830 3062
6831 2396
6832 2373
6833 4835
6834 5573
6835 3365
6836 3491
6837 5563
6838 5592
6839 5465
6840 2137
6841 1318
6842 3876
6843 4873
6844 3377
6845 5631
6846 5780
6847 2755
6848 540
6849 835
6850 3404
6851 2175
6852 134
6853 2049
6854 668
6855 3795
6856 1722
6857 5789
6858 5923
6859 3099
6860 2749
6861 3070
6862 4579
6863 2973
6864 5638
6865 5543
6866 3015
6867 997
6868 3385
6869 4400
6870 4012
6871 4489
6872 5621
6873 5423
6874 5142
6875 550
6876 2493
6877 507
6878 1005
6879 919
6880 5091
6881 5389
6882 3349
6883 3916
6884 3400
6885 4312
6886 43
6887 3532
6888 1463
6889 4884
6890 5019
6891 5160
6892 601
6893 4327
6894 168
6895 2035
6896 2243
6897 1078
6898 1537
6899 5873
6900 2455
6901 2322
6902 2796
6903 5373
6904 402
6905 1792
6906 5562
6907 336
6908 833
6909 4964
6910 5082
6911 4057
6912 1894
6913 4865
6914 3912
6915 4694
6916 5497
6917 2903
6918 2627
6919 2644
6920 2455
6921 1487
6922 1579
6923 1806
6924 2128
6925 2306
6926 1722
6927 3178
6928 715
6929 4969
6930 3690
6931 4020
6932 4763
6933 896
6934 2005
6935 5539
6936 1445
6937 1894
6938 0
6939 632
6940 323
6941 5316
6942 3089
6943 276
6944 4993
6945 4923
6946 1137
6947 4784
6948 5139
6949 5871
6950 2842
6951 1434
6952 1468
6953 836
6954 408
6955 1457
6956 2895
6957 416
6958 4000
6959 1621
6960 1000
6961 5609
6962 2897
6963 3641
6964 5133
6965 5472
6966 1889
6967 2153
6968 2180
6969 427
6970 5043
6971 5701
6972 5813
6973 3696
6974 3512
6975 710
6976 3581
6977 3965
6978 5420
6979 2693
6980 817
6981 967
6982 1398
6983 2766
6984 5911
6985 1822
6986 2013
6987 4509
6988 2383
6989 5667
6990 3992
6991 3187
6992 4958
6993 757
6994 1455
6995 2805
6996 4769
6997 3163
6998 5121
6999 5448
7000 3011
7001 2609
7002 5192
7003 1497
7004 798
7005 5527
7006 1537
7007 2560
7008 3874
7009 578
7010 1318
7011 408
7012 3127
7013 2301
7014 17
7015 5700
7016 307
7017 3382
7018 5945
7019 4129
7020 1601
7021 5240
7022 4144
7023 2189
7024 5145
7025 4551
7026 2005
7027 2337
7028 5032
7029 5127
7030 5042
7031 5923
7032 2967
7033 3455
7034 5579
7035 5501
7036 2932
7037 5004
7038 3694
7039 2336
7040 2161
7041 4667
7042 2054
7043 5317
7044 1585
7045 421
7046 917
