4766 49
763 21
821 24
4907 5
3857 9
6077 30
6283 15
6304 3
6270 29
6232 18
168 30
6377 13
5763 34
4057 18
6338 3
928 21
691 32
362 12
6183 15
1279 8
6231 15
2121 1
3837 41
6277 49
3035 9
5794 8
6123 8
4409 16
5999 0
6014 24
5950 1
3361 3
2020 31
2614 42
5260 1
6280 16
5963 4
6409 19
4487 49
6336 5
5390 16
6219 0
5841 16
6268 16
6179 1
6271 16
2663 34
4580 9
5519 21
5299 9
6263 13
422 43
2703 45
6340 27
5086 8
5929 28
1030 32
6066 7
6379 16
2743 7
3737 14
6339 13
663 22
4732 29
2972 22
6319 13
6149 22
738 0
3841 7
6067 15
6376 7
2770 14
6154 10
6039 16
1963 0
5756 4
1879 27
6094 13
4246 54
5114 3
6405 7
3316 10
3533 42
6294 16
2101 45
6165 7
2808 42
6218 29
3155 22
3901 5
1385 23
5806 33
5119 6
2830 45
6266 15
6300 22
2502 22
1057 36
6144 3
6327 5
6406 8
5533 6
6215 15
6100 13
5088 21
3490 39
1784 36
6202 25
2047 35
4425 34
1614 27
2638 17
4158 13
6368 9
6257 13
3933 8
3772 42
613 33
1171 35
3526 7
2146 21
5972 13
3808 24
2335 45
1725 32
6021 16
3688 1
1010 24
1453 41
6112 16
4160 4
2176 41
6407 8
6033 5
6054 15
6296 42
6360 3
4714 16
6226 15
6297 22
2438 13
2450 27
6128 41
480 27
1486 8
6186 19
1817 13
5537 32
2659 4
4232 8
5633 34
475 25
6239 22
5983 13
5075 47
5974 13
6237 6
1276 4
2458 13
4942 42
5097 35
2920 8
5604 22
2977 8
5140 12
6134 15
5069 35
5531 30
1338 26
2853 45
2435 24
6074 15
5968 13
2739 32
1206 3
4443 7
5969 13
908 27
67 13
5981 24
5651 16
6328 15
5214 5
6216 27
1626 21
6364 8
6355 13
3543 12
1587 35
6287 7
6070 31
6161 7
5986 48
6366 23
6106 13
343 34
158 49
1601 49
6045 8
784 32
4412 30
6155 4
3183 24
6248 8
5797 18
6288 16
3579 5
5982 15
3551 42
4036 7
97 27
6158 8
6087 0
5979 16
5591 29
1866 25
4484 35
3576 32
6276 18
4687 32
4746 47
4122 18
982 21
6000 47
3408 27
6428 16
5992 4
6201 26
5000 22
1448 23
934 27
5362 34
1544 12
4267 32
4827 2
4894 54
6137 45
3386 6
2604 5
1395 51
6142 15
5369 10
5856 4
3927 32
5129 21
6120 8
578 18
6181 13
6260 16
6005 19
5933 8
5618 18
1864 13
2263 32
3563 12
5448 34
6012 2
1769 29
5894 13
4761 30
6030 15
5328 32
5920 16
6146 16
5601 27
2937 13
5380 7
549 15
5121 17
5911 46
6378 42
5645 15
3531 23
5781 5
4426 45
6043 13
3963 6
3548 42
6157 19
2597 32
6329 12
6098 16
4074 37
3825 3
4142 5
4464 16
4812 40
6178 16
4095 41
6381 8
116 44
6301 1
5284 19
1655 31
6156 49
5811 24
6425 0
6092 38
6398 29
5962 19
1871 47
4875 37
2443 27
6404 16
2085 9
6419 41
6269 8
6322 13
2692 21
1786 10
6160 13
6071 14
6236 16
6267 13
1098 34
4035 39
6184 36
6020 16
703 8
3311 29
2270 12
6061 20
5211 31
2456 21
5037 7
1821 48
3913 22
3810 45
430 7
5505 24
3834 29
3964 8
3281 22
5903 18
5653 5
5350 46
234 15
6189 10
537 16
6402 9
6096 32
3052 19
2411 8
2949 17
3589 32
3492 24
5907 23
4928 22
998 19
6286 15
6333 25
6331 4
4174 8
3464 15
3092 35
802 28
2841 13
5965 9
6353 8
6427 16
5554 15
887 18
4337 12
4699 23
3538 31
2359 42
6150 16
2317 24
2160 33
5821 19
6372 3
4465 42
3959 41
6031 5
3776 22
3660 0
72 7
5964 5
4354 26
6313 27
6290 13
0 661
1 6165
2 2743
3 6345
4 2066
7 630
8 5667
9 6020
11 1000
13 3471
14 4878
15 4384
17 3153
18 4858
19 31
20 5428
24 927
28 2172
29 4125
30 3899
33 6069
34 6362
36 1833
37 1151
39 5127
40 6090
41 5947
42 6308
45 2415
46 5964
47 5034
50 2213
51 94
56 2376
61 6266
63 5028
66 3758
68 1888
69 5181
71 6002
74 5130
77 2394
78 1658
79 3352
82 6261
83 999
87 6206
88 2588
89 2319
91 540
93 4928
95 4316
96 5924
98 4429
100 3526
104 2505
105 2818
108 3730
110 6083
114 5859
118 4716
119 271
121 475
123 4907
124 2609
125 60
126 6310
127 5531
129 5441
135 2294
138 5359
140 5667
141 6178
142 1715
144 5562
145 1230
146 465
148 738
149 2735
150 4928
151 5908
152 6430
153 1414
154 128
155 4354
156 5834
159 4827
160 3430
161 4356
162 1209
163 2865
164 6226
167 3244
170 2348
171 1864
172 6089
174 4134
175 2570
176 5609
178 916
179 2209
182 6202
183 3518
184 5559
186 3171
187 6342
188 6275
194 4193
195 3136
196 6294
197 2024
198 5431
201 3291
202 5468
203 5995
206 5437
207 6109
208 3005
210 576
213 6315
217 1512
218 85
220 2760
221 4957
222 2805
223 5589
225 1336
226 4865
228 4127
230 1974
235 3027
241 6025
242 2600
248 60
249 5028
253 90
257 4673
258 4222
261 211
262 48
263 5390
265 828
266 2506
268 784
270 3549
274 5649
278 6167
280 5658
283 3441
285 3548
286 5572
287 6198
288 5009
291 1914
292 3391
293 6412
295 5362
296 6142
298 4057
299 5832
302 439
308 276
309 52
310 1990
312 4329
314 2954
317 6353
318 5960
320 4516
321 5882
322 4995
326 964
329 4028
331 5776
332 3295
333 6306
340 2597
341 6
344 2378
345 5428
347 2877
350 1397
351 21
352 2686
353 700
356 3117
358 2736
363 6429
364 3588
365 316
369 4510
370 892
371 1587
374 2038
376 5258
377 4587
378 5559
379 6154
380 5090
382 6136
383 715
384 234
385 1184
386 3370
389 2440
390 874
391 3469
393 1173
394 5197
395 1390
396 5577
397 5697
398 1251
399 4466
400 276
401 5229
405 528
408 1698
410 1587
411 880
412 6301
413 581
414 1202
417 6067
419 3325
420 62
421 3812
423 5669
424 3400
426 1870
429 5160
432 1316
433 5328
434 6312
435 4549
436 1225
438 2742
440 4058
442 3058
443 3082
444 1738
445 1050
446 10
447 1961
448 2960
450 4301
451 1264
454 4516
458 1516
459 3184
460 251
463 4095
466 4142
467 2989
470 2670
473 5105
474 1655
476 465
477 5389
478 641
482 5639
484 6306
485 4193
486 2185
488 3144
489 1174
490 5189
491 1653
492 5138
493 6450
494 5475
495 5703
497 6145
498 3130
500 4157
502 2189
503 4564
504 6365
507 185
508 2352
511 1979
512 6413
514 1139
515 1158
516 2817
517 3871
518 137
519 1076
522 343
523 224
525 131
526 5913
527 6386
529 3290
531 6291
532 1648
533 5597
534 3745
535 2069
536 875
538 3328
542 546
543 5637
544 3992
545 2019
550 5957
551 3143
553 2139
555 3639
557 5367
559 5984
560 2886
561 5715
562 554
563 1870
564 2810
565 1903
566 5764
568 632
571 117
574 415
575 1950
577 3383
579 6161
582 1509
583 6435
585 5645
587 2649
590 4667
592 2535
593 367
594 4158
595 6181
598 6441
601 205
602 6286
603 5434
605 1009
606 3654
609 5626
610 2903
612 2320
614 2218
615 6283
616 5245
617 4358
618 4015
619 4667
622 1329
624 5088
625 2771
626 472
627 1550
628 1951
629 4898
633 456
635 1032
636 2638
637 588
638 656
640 1183
642 2679
643 6049
645 766
646 3857
647 786
648 1159
650 5648
651 4823
652 180
658 6001
660 6161
662 653
664 5809
665 3857
666 1516
667 5869
668 6394
671 1670
674 21
678 5428
679 6179
680 3753
682 3050
683 375
684 1284
685 918
686 415
692 936
693 5718
694 548
696 264
699 2691
702 5911
704 757
707 2094
708 6328
709 259
712 1833
713 5678
717 2535
719 2302
720 1235
721 6404
723 1992
725 4864
726 5920
728 4792
729 1743
732 3550
733 2455
734 621
735 1135
737 1954
739 2365
740 5032
741 608
745 3556
746 38
747 1290
748 4730
749 3408
751 3325
752 2035
753 6359
756 6024
758 1743
759 4142
760 2888
761 4916
762 5180
764 6157
765 3155
767 4323
770 5899
771 4895
774 4858
776 2324
777 6214
778 1803
779 6087
781 6004
782 5350
783 5912
785 2589
788 479
789 193
790 3400
792 1264
793 1697
795 403
798 1756
799 6240
804 6170
806 4812
807 4250
808 6021
811 5127
812 276
813 794
814 3618
816 6339
817 589
818 786
819 6255
820 4564
822 6217
823 1443
824 1927
825 4895
826 5209
827 2094
829 6110
830 2633
833 4308
834 6377
835 168
837 4864
841 6113
845 5966
846 6340
848 2928
849 1074
853 3441
856 2184
857 1889
859 5197
860 4736
861 2107
862 2043
864 3365
865 5703
866 1782
869 403
871 3692
872 5633
873 2258
879 4450
883 4035
886 1087
888 1583
891 4429
893 4717
894 5246
896 6366
897 2249
901 1603
904 1702
905 6186
906 4105
907 3649
911 976
912 354
913 6
914 4969
915 874
917 3365
919 1937
920 3490
921 5903
922 4346
923 5842
925 5621
926 6234
929 5730
933 6313
938 5583
939 5537
940 1356
941 4212
942 2263
943 166
944 4135
945 5594
946 2533
949 2895
954 6366
955 5962
959 5583
960 6082
961 2088
963 5604
966 6127
967 6316
968 3862
971 4173
972 2715
973 5758
974 3496
977 6067
978 6183
980 387
981 3877
983 2460
985 3030
986 5166
987 6409
988 2505
989 5687
991 475
992 3082
994 4190
995 6409
997 1600
1004 1898
1007 6304
1008 1024
1011 1316
1013 5202
1014 2189
1018 1150
1019 6331
1022 6363
1023 430
1026 111
1029 688
1031 6248
1033 5645
1034 3219
1036 805
1039 1848
1042 3130
1043 4288
1044 21
1046 962
1047 1607
1048 6056
1049 6268
1052 2963
1054 1037
1055 3236
1060 3273
1061 2440
1062 5715
1063 1579
1066 877
1068 5118
1069 6102
1071 2663
1072 982
1073 1508
1075 3484
1077 3054
1080 6099
1082 6306
1083 2637
1084 2313
1086 2502
1088 273
1089 2623
1091 6094
1092 2098
1093 3451
1094 2915
1097 6175
1099 1446
1100 3523
1101 1107
1103 6324
1105 3464
1106 4435
1108 6003
1110 4855
1111 5211
1112 2320
1113 2801
1115 425
1116 4637
1117 1152
1119 6404
1120 6054
1121 3316
1123 3775
1125 6332
1126 5954
1129 1786
1130 428
1132 3826
1133 1127
1138 3869
1140 1114
1142 44
1144 6371
1145 3812
1146 116
1147 5095
1148 6104
1149 4985
1154 2090
1155 6329
1156 878
1161 687
1162 2213
1165 6238
1166 2270
1167 5618
1168 2233
1169 5662
1176 4668
1177 4232
1178 1689
1182 984
1185 3242
1189 180
1191 4517
1193 5454
1195 6046
1196 4232
1199 5635
1200 843
1201 4246
1204 4047
1205 4948
1208 5468
1210 4601
1212 4476
1214 5916
1215 5088
1216 3227
1218 3615
1220 4892
1223 5649
1224 3322
1226 422
1232 2270
1234 2414
1236 5105
1237 4875
1238 1789
1239 2257
1240 192
1241 2146
1242 6031
1243 2816
1244 381
1246 404
1247 2994
1248 3204
1250 137
1252 5109
1253 4648
1255 4734
1256 65
1257 4250
1258 6224
1259 1430
1260 1078
1261 5319
1262 3318
1263 5834
1265 2908
1269 4847
1272 1235
1273 5410
1274 4471
1277 4907
1280 715
1282 2269
1283 5640
1285 5966
1286 2651
1287 1732
1288 4512
1291 6281
1292 2136
1295 189
1296 3825
1301 5495
1302 1725
1303 1194
1306 4337
1307 3226
1308 4603
1309 4195
1310 1164
1313 6395
1317 5211
1318 2169
1319 5563
1321 337
1322 23
1323 3618
1328 5181
1330 2049
1331 6305
1332 2827
1333 5982
1335 4409
1337 5140
1339 3027
1340 1756
1341 6295
1342 1524
1345 1198
1346 4869
1350 465
1352 3382
1353 2184
1354 277
1355 6450
1357 4212
1358 1567
1360 245
1361 6127
1362 2715
1364 3693
1365 1090
1366 2251
1369 5064
1372 691
1373 3651
1374 6364
1378 4664
1381 4167
1382 64
1383 6358
1384 2948
1386 6267
1389 1024
1391 3330
1392 2458
1393 6239
1394 3273
1399 5836
1401 4032
1404 6235
1406 5
1407 6276
1408 5638
1409 1370
1411 5977
1412 1316
1413 5171
1416 630
1417 2314
1418 6253
1419 4002
1421 1802
1422 3523
1423 6239
1426 1505
1428 5069
1429 3005
1431 2435
1432 3899
1433 6115
1435 205
1436 5780
1437 3877
1438 4682
1440 6121
1441 479
1442 3666
1447 2213
1449 3852
1450 6149
1452 6407
1456 4975
1457 2462
1458 5971
1459 3021
1460 3234
1461 3321
1462 2535
1469 3899
1470 2130
1471 1315
1472 348
1474 2831
1476 3654
1477 289
1478 689
1479 1064
1480 6082
1482 2109
1484 672
1487 1763
1488 5355
1490 772
1493 16
1495 2183
1496 5844
1497 4299
1498 2833
1499 5911
1500 4025
1501 2235
1504 3888
1506 5640
1507 2209
1510 505
1513 6181
1517 3815
1519 4836
1520 6227
1522 4332
1526 4237
1527 5064
1529 6149
1530 6190
1531 5431
1532 4364
1534 4792
1537 6101
1538 5673
1539 4950
1540 4333
1541 2178
1542 5088
1543 1198
1545 5653
1546 5647
1547 3599
1549 2094
1552 2562
1556 5571
1560 372
1562 3145
1563 1127
1564 1612
1565 3662
1568 722
1569 4786
1570 5724
1571 6042
1572 1213
1574 3960
1575 1363
1576 6109
1581 5601
1584 1400
1585 3017
1589 5654
1590 5587
1592 388
1593 1611
1594 192
1595 245
1597 5239
1598 6256
1599 3655
1602 4132
1604 2529
1605 2603
1606 589
1608 388
1609 6068
1613 319
1615 3043
1616 2567
1617 6176
1618 2523
1620 3863
1621 1518
1622 5871
1627 5180
1629 3175
1631 5073
1632 4637
1633 2767
1636 5002
1639 5310
1641 236
1642 3043
1643 836
1645 2728
1646 4009
1647 5562
1649 3061
1650 2480
1651 113
1652 5615
1654 3374
1660 3998
1662 132
1663 4895
1664 4995
1665 6035
1666 2970
1667 2715
1668 169
1669 5108
1672 1611
1673 5002
1674 2563
1675 4759
1677 5140
1679 2024
1680 1548
1681 5830
1684 2755
1686 2148
1687 1153
1688 4157
1690 5913
1691 2373
1692 2502
1693 3738
1694 6233
1695 65
1696 6194
1700 2354
1703 5224
1704 6024
1705 5986
1707 4476
1708 5871
1712 2258
1713 5742
1718 1467
1720 5209
1722 1290
1723 4664
1724 5141
1726 3766
1727 3313
1728 1516
1729 4105
1730 5949
1731 6015
1733 6000
1734 1737
1736 5394
1739 6084
1744 59
1745 4946
1749 4308
1750 5009
1753 2231
1754 930
1755 909
1759 6190
1761 5384
1762 4391
1764 1927
1768 2499
1770 3063
1771 2167
1773 1699
1774 1525
1775 3841
1776 5229
1777 5980
1778 4686
1779 2817
1785 5639
1787 805
1790 4033
1791 5908
1792 5996
1793 1508
1794 2831
1795 6212
1796 4836
1797 3158
1798 2041
1800 1555
1801 3599
1807 256
1809 4095
1810 5844
1811 4693
1812 5653
1813 2410
1814 6042
1816 5410
1819 2437
1820 2054
1822 4736
1823 772
1824 1706
1825 3086
1826 5902
1827 3360
1829 282
1830 4926
1832 5204
1837 2789
1838 810
1839 1671
1841 2172
1842 3117
1843 5138
1845 4202
1847 5276
1851 2604
1855 1170
1857 3311
1858 6313
1860 2563
1861 4070
1862 4630
1863 1709
1865 2633
1868 2728
1869 6186
1872 4517
1873 1181
1874 935
1875 5109
1880 2637
1881 281
1882 3232
1883 6357
1884 2217
1886 2480
1891 3750
1892 3501
1894 3587
1895 6208
1896 1766
1897 4426
1899 330
1900 5215
1901 180
1902 6438
1904 1009
1905 4462
1906 349
1907 6383
1908 4881
1909 6195
1910 1624
1913 1228
1916 2824
1917 4852
1918 3302
1919 4457
1921 4035
1922 5859
1924 1591
1925 631
1928 6083
1929 4714
1930 1098
1931 5736
1933 5439
1934 1867
1935 5994
1936 4484
1938 1067
1942 327
1944 3807
1945 1912
1946 5983
1947 3843
1949 6319
1952 2555
1953 1611
1955 2916
1957 6149
1959 2801
1960 854
1962 219
1964 6095
1965 6190
1966 2020
1967 1760
1969 900
1970 6287
1972 2691
1973 5258
1975 4501
1976 3781
1978 431
1980 3106
1981 5215
1982 3837
1983 714
1984 3302
1985 3271
1986 6355
1987 3090
1988 200
1989 1454
1991 4020
1993 3501
1994 6036
1995 930
1996 552
1997 2909
1998 1203
1999 3753
2002 6433
2003 6320
2004 2139
2006 1765
2007 796
2009 509
2010 6383
2012 5979
2013 5502
2015 718
2016 6300
2017 90
2018 935
2021 5834
2023 3315
2025 5915
2026 4157
2027 2970
2028 90
2029 3998
2030 5841
2032 2268
2034 539
2036 2043
2044 6134
2045 5109
2046 418
2048 1104
2052 5342
2055 418
2056 252
2057 1915
2059 4429
2061 1961
2062 5952
2063 6016
2064 5121
2065 4331
2067 4321
2068 5439
2070 3712
2071 2970
2072 85
2073 339
2074 3880
2075 6072
2076 3772
2077 1016
2080 1772
2081 5991
2082 6370
2083 2161
2086 99
2087 407
2089 6336
2091 2270
2092 5856
2095 5571
2097 3289
2099 1601
2104 855
2105 1396
2106 1444
2108 346
2110 979
2111 5904
2113 1074
2114 5060
2115 2320
2116 6426
2117 2915
2118 3226
2120 431
2122 5601
2123 4058
2124 6006
2126 935
2129 730
2131 6274
2132 5138
2133 4549
2135 2926
2137 3017
2138 2238
2140 4479
2141 5454
2142 4007
2143 2595
2144 1716
2145 3523
2149 1932
2150 4952
2152 3333
2153 3492
2155 1640
2157 5041
2158 4000
2159 5730
2164 5350
2165 1607
2170 2147
2171 1124
2173 6118
2174 6373
2175 2461
2177 2778
2179 5985
2181 584
2186 6266
2187 611
2188 3954
2191 5069
2194 1005
2196 5742
2197 1846
2198 3341
2200 6180
2201 373
2202 5601
2203 2359
2204 5916
2210 1503
2212 1772
2215 1502
2216 6430
2219 763
2220 803
2222 6266
2223 4376
2225 607
2226 2100
2228 2435
2230 3434
2232 6407
2234 4710
2237 4246
2239 6037
2240 2942
2242 1920
2244 2292
2246 4898
2248 6051
2250 5
2252 3990
2253 6229
2254 4637
2255 4852
2256 803
2259 5641
2260 3383
2261 5266
2262 773
2264 3648
2265 5653
2266 6164
2267 5997
2271 6342
2272 3149
2273 5626
2274 5276
2276 1338
2278 6202
2279 604
2280 5826
2281 5009
2282 5004
2284 2020
2285 4921
2286 5595
2287 5362
2288 1587
2290 4118
2293 180
2295 402
2296 649
2298 510
2299 6099
2301 3758
2304 1788
2305 6020
2307 1661
2309 1671
2310 6404
2311 319
2312 3058
2316 5365
2318 4312
2321 6307
2322 2437
2323 2739
2326 3361
2327 6138
2329 6377
2330 6122
2333 2729
2336 2631
2337 2277
2338 2019
2339 2396
2340 5900
2344 924
2345 5517
2347 4620
2349 1385
2350 5310
2351 272
2353 4795
2356 5602
2357 6387
2360 3561
2361 3430
2362 855
2363 5690
2367 6061
2368 1410
2369 2090
2371 311
2372 6430
2374 427
2375 6212
2377 5943
2379 4217
2380 2766
2381 279
2382 1911
2384 572
2385 1187
2386 5370
2388 3654
2389 6355
2390 1329
2391 2711
2393 2022
2397 2928
2398 1515
2399 937
2400 5882
2402 2889
2403 3183
2405 5505
2406 878
2407 3948
2409 580
2412 31
2413 1473
2416 6315
2417 103
2418 3882
2419 775
2420 4965
2421 4667
2422 1763
2423 3772
2424 85
2425 5103
2427 2051
2428 2098
2429 6184
2430 2438
2432 1544
2436 3374
2439 185
2441 4122
2442 976
2444 1817
2445 2720
2446 1836
2447 5929
2448 6114
2449 5165
2451 6394
2452 5456
2453 2355
2454 6373
2457 1206
2459 6282
2463 695
2464 5639
2465 2500
2466 4625
2467 1765
2468 6141
2469 5060
2470 5212
2472 4709
2473 5537
2474 3948
2476 4417
2481 5000
2483 4383
2485 4900
2487 2594
2488 1655
2489 1396
2490 23
2491 5562
2493 5621
2495 3688
2496 1815
2498 190
2501 1338
2503 5937
2504 4668
2507 3843
2508 1190
2509 5563
2510 3579
2511 5894
2512 3926
2513 4157
2514 999
2515 1151
2516 3054
2519 4512
2520 1890
2524 191
2525 5271
2526 3137
2527 2915
2528 6245
2530 3952
2531 143
2532 4333
2536 1387
2537 5635
2538 4892
2539 5658
2540 3496
2542 5904
2544 2810
2545 2693
2547 1403
2548 4222
2549 6142
2550 297
2551 6403
2552 3812
2553 6219
2554 6316
2556 2484
2557 2235
2559 2960
2560 3574
2561 5626
2565 3843
2566 4656
2568 2231
2571 375
2572 6250
2573 147
2574 6358
2575 1327
2576 2207
2577 1230
2578 3496
2579 3599
2580 5244
2582 1503
2583 4975
2585 6393
2586 6236
2587 5621
2591 1367
2592 1503
2593 1588
2598 4009
2601 4301
2602 5856
2605 468
2607 2765
2611 5247
2612 599
2613 6350
2615 6325
2616 3626
2619 1941
2620 6202
2621 687
2624 2555
2626 6290
2628 6250
2629 4549
2632 576
2634 4264
2639 2320
2640 2039
2641 4445
2642 3556
2643 5267
2644 5382
2645 5856
2647 3155
2650 4516
2652 4717
2653 2517
2655 4153
2657 2169
2658 465
2660 3209
2661 6084
2662 1715
2664 3588
2665 1624
2669 4971
2673 1619
2674 3141
2677 3262
2678 2119
2680 1025
2681 927
2683 3411
2684 86
2685 5678
2689 3625
2690 5743
2696 5056
2698 3262
2699 3660
2700 279
2701 5635
2702 2139
2704 4852
2705 3062
2706 6029
2707 272
2708 2291
2709 6234
2710 902
2712 4311
2713 4332
2716 4764
2717 2192
2719 3776
2721 6370
2726 6199
2730 4942
2731 6081
2732 2249
2733 4581
2734 2563
2737 1327
2738 6171
2740 691
2744 6294
2745 6211
2746 4858
2748 5738
2750 3061
2752 3518
2753 6178
2754 757
2756 2022
2757 1653
2758 3716
2759 2688
2761 2233
2762 6063
2764 620
2769 5456
2773 2932
2774 6249
2776 6000
2779 3279
2780 528
2781 5006
2782 2100
2783 4812
2784 6177
2785 5247
2786 2161
2787 3766
2791 1446
2792 1937
2793 6305
2794 6202
2796 6166
2798 3838
2799 1626
2800 26
2802 3232
2804 1716
2807 4275
2809 2768
2811 2193
2813 5369
2814 6375
2815 128
2820 6337
2821 3697
2822 6438
2823 6206
2825 1834
2828 381
2829 1455
2832 1235
2834 5784
2836 524
2838 147
2839 4173
2842 4567
2843 4471
2845 453
2846 6431
2847 359
2848 3573
2849 5927
2854 289
2855 4907
2856 5329
2859 4118
2864 6026
2866 1271
2867 5108
2868 5127
2869 6274
2870 2889
2871 6300
2872 2765
2873 3143
2874 3815
2876 2314
2878 1583
2880 705
2881 5150
2882 2760
2883 5481
2884 5499
2887 6157
2891 4301
2892 216
2896 6016
2897 5714
2898 1065
2901 6236
2902 5432
2904 910
2905 3788
2906 3654
2907 3464
2910 6038
2912 5181
2913 6364
2917 6039
2918 1420
2921 5095
2922 2569
2924 3175
2925 2162
2927 1076
2929 2728
2930 874
2931 6118
2933 2739
2936 1780
2939 4384
2940 2958
2941 1152
2943 5953
2944 6013
2945 2728
2946 2251
2947 3000
2950 1402
2951 2603
2953 1511
2955 6154
2956 3531
2957 6447
2961 3933
2964 3360
2965 6396
2966 1348
2967 832
2969 6361
2971 3030
2974 6307
2975 3008
2976 4898
2978 1298
2979 6109
2981 5916
2983 800
2984 2914
2985 5992
2986 6111
2987 5448
2988 6237
2991 455
2992 2060
2995 3986
2996 1067
2997 3005
2998 2875
3001 1701
3002 324
3004 4429
3006 1164
3007 5990
3009 5250
3011 6093
3013 6113
3014 549
3016 2392
3018 5379
3019 898
3020 1655
3022 2270
3023 6129
3024 549
3025 1804
3026 3469
3028 103
3029 1876
3031 3850
3032 2346
3034 5990
3036 5370
3037 1192
3038 2863
3040 5720
3042 6159
3044 5342
3045 234
3046 4367
3047 6300
3048 993
3049 509
3051 840
3053 3126
3055 5881
3056 5105
3057 5951
3059 5681
3060 4295
3064 3652
3065 5558
3067 5528
3068 1786
3071 229
3073 301
3074 3226
3076 5141
3077 2494
3078 57
3079 97
3080 6384
3081 6334
3083 6323
3084 706
3087 5367
3091 1769
3094 5594
3095 5482
3096 307
3097 791
3098 6024
3100 252
3101 998
3103 1351
3105 5225
3107 1414
3108 5758
3109 2480
3110 2948
3111 2128
3112 2623
3114 3938
3115 6124
3116 1898
3118 4748
3119 6303
3122 2213
3123 5275
3125 457
3129 2588
3131 6386
3133 6075
3134 6284
3135 6318
3138 867
3139 2303
3142 520
3146 1486
3147 4095
3148 3000
3150 5402
3151 5225
3152 4710
3154 6073
3156 427
3159 1494
3161 1065
3163 1217
3164 452
3165 6369
3166 4328
3167 3899
3169 3959
3170 5335
3173 3302
3174 1397
3176 1356
3178 5965
3179 1293
3180 6387
3181 4795
3182 5150
3185 2973
3186 5994
3188 567
3189 842
3190 1740
3191 2257
3192 2844
3194 2949
3195 3467
3196 5379
3197 5273
3198 539
3199 5652
3200 5101
3201 3501
3203 3497
3207 2543
3208 6253
3210 3737
3211 4474
3212 4372
3213 4332
3216 4983
3217 4028
3220 2682
3221 3616
3222 5035
3223 4038
3225 537
3228 6317
3229 1740
3231 5579
3233 1697
3237 1439
3239 3401
3240 1634
3241 1021
3243 1367
3245 6157
3247 147
3248 6311
3249 3381
3250 2440
3251 548
3252 4965
3253 6309
3254 4167
3256 1619
3257 6271
3259 1657
3260 5491
3261 2775
3263 4212
3264 950
3265 1508
3266 316
3268 5972
3269 1085
3272 3758
3274 5842
3275 6091
3276 6254
3278 1655
3282 4656
3283 935
3286 2603
3287 3875
3288 1219
3292 3430
3293 5864
3294 918
3297 4633
3300 53
3301 630
3303 2982
3304 6296
3305 4781
3308 5972
3309 5669
3310 3327
3312 4276
3314 1427
3317 2963
3319 4237
3320 6340
3324 5633
3329 1977
3331 2134
3332 3291
3334 2766
3336 4670
3337 840
3338 5763
3339 2840
3340 1085
3342 4869
3343 611
3344 6188
3345 899
3348 1689
3349 5062
3350 2671
3351 1225
3353 43
3355 3936
3356 1879
3357 5189
3358 452
3362 1548
3363 5273
3364 5652
3366 4975
3367 5912
3368 6360
3369 6042
3371 168
3373 505
3375 3070
3376 6359
3378 2090
3379 5323
3387 4968
3388 245
3389 224
3390 5189
3392 3464
3393 5108
3394 5641
3397 1951
3399 506
3402 786
3403 113
3404 4869
3405 5964
3406 3322
3409 4892
3410 6327
3416 5979
3417 6376
3419 4167
3420 6408
3421 3679
3422 3058
3423 2193
3424 1709
3425 5842
3426 6292
3427 3383
3428 1095
3429 4205
3431 6419
3432 6306
3433 1788
3436 2346
3438 6020
3439 821
3442 2505
3443 5970
3444 5908
3445 3843
3446 4332
3448 6020
3449 4716
3452 5405
3453 4951
3454 324
3455 6287
3456 3215
3458 6240
3459 3089
3462 6419
3463 1685
3465 2952
3466 1485
3468 2970
3470 4142
3472 272
3473 5937
3474 58
3475 1968
3476 67
3477 5332
3478 1464
3480 6287
3481 956
3483 2633
3485 427
3487 4988
3488 5273
3489 5776
3491 1751
3493 6259
3494 5220
3495 430
3499 1876
3502 1492
3503 4605
3504 3482
3505 5534
3506 2958
3507 1817
3508 2456
3509 3435
3510 769
3511 3775
3512 1065
3514 2722
3516 5437
3517 3834
3519 3082
3520 2837
3521 5260
3524 106
3525 3117
3527 381
3528 3896
3530 4275
3532 236
3534 5095
3536 670
3541 2162
3542 2383
3544 2128
3545 3127
3546 6178
3552 976
3553 3716
3554 6013
3555 3618
3558 653
3559 895
3562 2355
3564 57
3566 3844
3567 267
3568 2963
3569 2411
3571 1180
3572 2319
3577 4928
3578 5193
3580 1312
3582 2182
3583 4974
3584 6413
3586 4062
3590 1079
3591 2857
3595 2229
3596 5809
3597 4215
3598 521
3600 6356
3603 4276
3605 5437
3607 4489
3609 3703
3610 3464
3611 475
3613 4301
3614 2162
3620 573
3621 4511
3622 5924
3624 3326
3627 868
3629 5991
3631 6434
3633 5202
3634 328
3636 3284
3637 168
3638 6433
3640 2635
3642 3834
3643 5731
3644 1715
3645 4553
3647 1016
3650 465
3653 4349
3657 5341
3659 6126
3661 2667
3663 2494
3664 5203
3665 238
3668 3826
3669 131
3670 5485
3671 2394
3672 5370
3673 5094
3674 2851
3675 4515
3676 3869
3677 2443
3680 1751
3681 4755
3682 6102
3683 304
3684 2801
3685 6390
3689 4083
3690 950
3691 6042
3695 4895
3696 4599
3698 4693
3700 6271
3704 6317
3705 4039
3707 2694
3708 1877
3710 6295
3711 2741
3713 2185
3715 6054
3717 2614
3718 3290
3719 2243
3720 6442
3722 1566
3723 2414
3724 1716
3727 1783
3728 5150
3729 130
3732 6218
3735 3063
3736 6198
3739 4153
3740 3102
3741 1065
3742 1751
3743 6335
3744 6009
3746 27
3748 1370
3749 6117
3751 190
3752 3998
3754 5648
3755 5390
3756 6378
3757 4518
3759 1171
3760 1290
3761 3842
3762 6058
3763 6395
3764 3381
3765 6375
3767 2679
3768 6098
3769 4134
3770 4211
3771 705
3773 5604
3774 211
3777 5794
3778 6383
3779 5928
3780 1183
3782 180
3783 718
3784 902
3786 1512
3790 3808
3791 6171
3792 3963
3793 4271
3794 5758
3795 4630
3796 2011
3797 1159
3799 6156
3800 3945
3804 2268
3805 5970
3806 5756
3809 1173
3811 4603
3814 4553
3817 630
3818 1903
3819 1784
3820 6072
3821 3535
3822 5029
3824 6406
3827 2668
3828 92
3829 5952
3830 1370
3832 2163
3833 4646
3835 1311
3836 4950
3839 6060
3845 5985
3846 4898
3847 1245
3848 2803
3849 359
3851 1181
3854 5087
3856 409
3858 5685
3859 1271
3860 5564
3861 3214
3864 4083
3865 422
3866 5432
3867 6044
3868 6301
3870 2631
3872 166
3873 6025
3874 6160
3876 6092
3878 6261
3879 687
3883 273
3885 2679
3886 6415
3889 3141
3890 6235
3891 1137
3892 2302
3893 1567
3894 4780
3895 2040
3897 1806
3898 3529
3900 4717
3902 6046
3903 260
3905 304
3906 4787
3907 5790
3908 501
3910 863
3911 4951
3912 416
3914 3816
3915 2990
3916 3538
3918 3655
3919 4329
3920 5902
3922 999
3924 5654
3929 1312
3930 2631
3932 211
3934 3843
3935 5662
3937 5621
3939 3246
3940 1127
3941 6344
3942 2879
3943 2909
3946 6299
3947 2833
3949 3061
3950 6088
3951 4799
3953 181
3955 6445
3958 763
3961 3092
3962 157
3965 4083
3966 70
3967 407
3969 323
3970 6127
3971 6339
3973 1887
3975 4637
3976 5316
3977 803
3979 604
3980 1591
3982 1582
3983 6100
3984 3280
3985 698
3987 6190
3988 6053
3989 2047
3991 1483
3993 6005
3994 2334
3995 4367
3996 131
3997 6369
4001 6154
4003 927
4005 5947
4006 2450
4010 644
4011 4372
4013 501
4014 4359
4016 3772
4017 1398
4019 6350
4021 1492
4022 2672
4023 5569
4024 1219
4026 5928
4029 6096
4030 2546
4034 2314
4037 2893
4040 3772
4041 852
4042 2364
4043 3280
4044 3270
4045 815
4046 1251
4048 5037
4049 4031
4050 1912
4051 5686
4052 6162
4053 3899
4054 3092
4060 2534
4061 6364
4063 4057
4064 346
4065 6128
4066 1648
4067 5329
4068 1005
4069 1180
4071 659
4072 2590
4073 4898
4075 2810
4076 6231
4077 623
4079 1512
4080 1271
4081 4912
4082 4830
4085 2300
4086 5239
4088 4372
4089 6330
4092 903
4093 1963
4094 6041
4096 3813
4097 3531
4098 362
4100 6357
4101 506
4102 3149
4103 5784
4106 6071
4107 1356
4108 4511
4109 2914
4110 4587
4111 6227
4113 5370
4114 2291
4115 6073
4116 453
4117 5933
4119 1804
4120 6408
4121 3012
4123 2695
4124 4515
4126 2098
4130 3706
4131 5530
4133 5790
4136 4988
4137 6068
4138 1974
4139 600
4141 2679
4143 6269
4144 4759
4145 2214
4146 5800
4147 6354
4148 5836
4149 4836
4150 2993
4151 1968
4152 5626
4154 4858
4155 1030
4156 2932
4159 1582
4162 5
4163 2291
4164 4864
4165 3384
4166 2395
4168 1808
4169 5587
4170 3652
4171 4312
4172 1551
4175 3938
4176 1164
4177 5997
4178 1410
4179 166
4180 2581
4181 6156
4182 6067
4183 3887
4184 3408
4185 6306
4186 1512
4187 2909
4189 2342
4191 5616
4192 5736
4194 2835
4196 1006
4197 851
4198 2806
4199 6438
4200 6207
4201 5073
4203 5229
4206 4305
4207 899
4208 6233
4209 2724
4210 2675
4213 3277
4214 4667
4216 1898
4218 867
4219 499
4220 586
4221 5197
4223 6380
4228 769
4229 690
4230 5174
4233 1877
4234 4525
4235 1181
4236 5640
4238 2315
4239 6086
4240 3054
4241 5041
4242 2085
4243 6241
4244 3270
4247 3574
4248 5730
4249 2686
4251 3302
4252 1104
4253 6293
4254 2663
4255 510
4256 2098
4257 768
4258 6065
4259 3335
4260 6447
4261 2982
4262 2098
4263 5533
4265 5715
4266 1536
4268 6280
4269 1678
4270 5379
4272 4099
4273 3130
4274 6022
4277 6282
4278 3904
4279 2478
4280 1172
4281 5920
4282 1151
4283 6331
4284 659
4285 5645
4286 6199
4287 2289
4289 2415
4290 3435
4291 2426
4292 2827
4293 2610
4294 5647
4296 48
4297 754
4298 2949
4302 2292
4303 970
4304 2241
4306 6
4307 6264
4309 4912
4310 1740
4313 3149
4315 4167
4318 711
4319 4930
4320 5214
4322 2037
4324 6140
4325 6258
4327 3745
4330 4664
4336 1163
4338 3628
4339 4386
4341 4975
4343 5572
4344 92
4345 1559
4347 1281
4348 4142
4350 6287
4351 787
4352 6185
4353 6006
4355 2180
4357 868
4360 406
4361 243
4362 1706
4365 1494
4366 2723
4368 6414
4369 4641
4370 4466
4371 5437
4373 2169
4374 2895
4375 964
4377 6099
4379 5237
4380 6246
4381 441
4382 483
4385 3931
4387 6361
4388 1451
4389 3831
4390 4062
4393 1085
4394 6139
4395 16
4396 730
4397 4479
4398 204
4402 6312
4404 2031
4405 2156
4408 3273
4410 6371
4411 336
4413 4958
4414 4525
4416 2376
4418 1956
4419 2633
4420 6093
4421 1344
4422 5040
4423 6392
4424 5386
4428 2328
4430 4584
4431 1648
4432 661
4433 1104
4434 505
4436 5678
4437 839
4438 1835
4439 5686
4440 1397
4441 1582
4442 3745
4444 5114
4447 3776
4448 1977
4449 742
4451 1515
4452 3226
4453 234
4455 70
4456 1251
4459 1748
4460 360
4461 437
4463 375
4467 4515
4468 2627
4469 3063
4470 1143
4472 5323
4473 3923
4475 3884
4477 3335
4480 6115
4481 6217
4482 4752
4483 5979
4485 1180
4486 4007
4488 6211
4490 5090
4491 1870
4492 5679
4493 2069
4494 5212
4495 3652
4496 1879
4497 6236
4498 1614
4499 5528
4500 3688
4502 6450
4503 620
4504 6410
4505 4699
4506 1661
4507 2777
4508 5
4509 4603
4514 5914
4519 1623
4520 481
4521 2518
4522 5127
4523 672
4524 3102
4526 2812
4527 5405
4528 2595
4529 4008
4530 3853
4531 5847
4532 5774
4533 300
4534 357
4535 710
4536 1977
4537 2885
4538 1368
4539 5661
4540 6208
4544 4648
4545 117
4546 5151
4547 6215
4548 6076
4550 6441
4552 101
4554 3679
4555 6130
4556 1377
4557 3058
4559 191
4560 5443
4562 60
4563 120
4565 4603
4566 1670
4568 6102
4570 1635
4571 2184
4572 1375
4573 4579
4575 276
4576 5319
4577 3498
4578 1626
4582 2294
4583 3602
4586 6254
4588 5310
4589 4761
4590 2692
4591 1725
4593 2770
4594 6223
4595 5386
4596 6011
4597 3285
4598 6353
4600 2938
4602 4058
4604 6170
4606 215
4607 6166
4608 2893
4609 4525
4610 6066
4612 1183
4613 5202
4614 5372
4615 200
4616 3658
4617 1849
4618 3128
4619 1702
4621 5338
4622 3701
4623 2411
4624 3227
4626 2125
4627 3816
4628 711
4629 3052
4631 6272
4632 3372
4634 6345
4635 5682
4636 6285
4638 5723
4639 5572
4642 1300
4643 3526
4644 889
4645 134
4647 691
4649 2053
4651 157
4652 5129
4653 16
4654 5929
4655 3140
4657 404
4658 2711
4659 5375
4660 6383
4661 3021
4662 3277
4663 4095
4665 1376
4666 1314
4671 5976
4672 1714
4675 4193
4676 2084
4677 4844
4678 2672
4680 1027
4681 3904
4683 5933
4685 5316
4688 1304
4690 5460
4691 4510
4692 136
4694 2775
4695 339
4696 2543
4697 5794
4698 4679
4700 2415
4701 1376
4702 932
4703 373
4704 4401
4706 6036
4708 2671
4711 3372
4712 1877
4713 4603
4715 6084
4718 6017
4719 5764
4721 455
4722 1923
4723 3944
4724 3054
4725 5913
4726 1805
4727 4099
4728 5246
4729 1624
4731 5687
4733 4429
4735 3285
4737 1320
4738 4717
4740 3789
4741 6021
4743 4541
4745 2663
4747 4195
4749 4592
4750 604
4751 6035
4753 4783
4754 5609
4756 6247
4757 631
4760 657
4762 1644
4763 1752
4765 984
4767 821
4768 2919
4769 2766
4770 2078
4771 2415
4773 3813
4775 4852
4776 5332
4777 6368
4778 3726
4779 2857
4782 5097
4784 736
4785 5479
4788 6
4790 2666
4793 5517
4794 5409
4796 5745
4797 3726
4798 630
4800 3913
4801 4561
4802 1783
4803 2617
4804 4857
4805 1035
4807 597
4808 3061
4810 5486
4811 361
4813 5171
4814 4938
4815 6027
4817 4974
4818 1347
4819 3964
4820 6057
4821 975
4822 5653
4824 1958
4825 750
4826 3360
4828 2851
4829 4217
4831 2581
4832 588
4833 166
4834 4328
4837 3017
4839 1114
4840 6101
4841 1852
4842 4363
4843 6362
4845 4342
4850 3441
4851 449
4853 3214
4854 3838
4856 6117
4859 2500
4860 4025
4861 3400
4863 6327
4867 6260
4868 832
4870 2852
4871 3267
4872 6075
4873 2308
4874 5013
4877 117
4879 479
4880 3224
4882 5544
4883 2355
4885 6287
4886 867
4887 1678
4888 5180
4889 1187
4891 3062
4893 6060
4896 5101
4897 209
4899 5658
4901 4091
4904 3039
4905 335
4906 5059
4908 4812
4909 5591
4910 6233
4913 5022
4914 6236
4915 1772
4917 1194
4919 6263
4920 6377
4924 5585
4925 3155
4927 4525
4929 979
4931 6369
4932 5143
4935 956
4936 6405
4937 3615
4939 4816
4940 6213
4943 1806
4945 5662
4947 3039
4953 4383
4954 5590
4955 5590
4956 471
4959 1671
4960 4895
4961 3242
4962 6366
4963 2816
4964 3816
4966 3921
4967 136
4970 1867
4972 3714
4973 2461
4977 6008
4978 1747
4982 3106
4984 4646
4986 1979
4987 743
4989 979
4990 3407
4991 3862
4992 4036
4993 6062
4994 5225
4996 1233
4997 3092
4999 2928
5001 918
5003 1846
5010 4425
5012 479
5014 6228
5016 5585
5017 1316
5018 6301
5020 5654
5021 6157
5023 1267
5024 6132
5025 6332
5027 4876
5030 1979
5033 3999
5036 6159
5038 3136
5039 2942
5043 2497
5044 1184
5045 791
5046 6022
5047 3655
5048 6215
5049 784
5053 1698
5055 4988
5057 2093
5058 6311
5065 935
5066 2725
5067 3144
5068 1515
5070 1697
5072 1566
5074 107
5076 415
5077 880
5079 852
5080 4669
5081 4476
5082 2695
5083 6268
5084 4033
5085 3396
5089 4288
5091 3451
5092 5669
5093 462
5096 6004
5098 6393
5099 1561
5100 2778
5102 715
5104 3808
5106 801
5107 5557
5111 815
5112 5593
5113 6053
5115 5052
5120 5386
5123 38
5124 4746
5125 1376
5128 5569
5131 6083
5133 1371
5134 6208
5135 472
5137 5839
5144 6026
5145 1040
5146 3209
5147 3538
5149 6220
5152 6117
5155 6155
5156 5258
5157 1085
5158 1630
5159 5537
5162 6040
5163 2014
5164 10
5167 4551
5168 6277
5169 4758
5170 6233
5172 3412
5173 2840
5175 1536
5178 6301
5179 3936
5182 4515
5183 1732
5184 6035
5185 4359
5186 6001
5187 6257
5188 716
5190 2354
5191 5224
5194 1780
5196 6330
5199 193
5205 2435
5206 4995
5207 3187
5210 4027
5217 2103
5218 6364
5221 2691
5222 2494
5223 5569
5226 855
5230 5622
5231 2283
5232 3451
5233 2949
5234 6402
5235 821
5240 2051
5241 180
5242 3177
5243 2819
5248 5095
5251 1676
5252 554
5253 2648
5254 1578
5255 6255
5256 5876
5257 1281
5259 6012
5261 5638
5262 6180
5263 5943
5264 6194
5265 3408
5268 5181
5269 260
5272 2148
5274 546
5277 70
5278 4142
5280 456
5281 2414
5282 4971
5283 1658
5286 3267
5287 3880
5289 1828
5290 1179
5291 1950
5293 3063
5294 5748
5297 631
5298 57
5300 2610
5301 1689
5305 3630
5306 998
5307 2049
5308 6241
5311 4950
5312 1553
5313 5432
5314 3825
5315 4276
5317 1131
5318 1623
5320 1536
5321 4134
5322 2107
5324 6288
5325 6091
5326 4670
5327 6410
5330 6309
5331 5781
5333 3202
5334 6073
5336 653
5337 3838
5339 1041
5340 5687
5343 5875
5345 5431
5346 6170
5347 558
5348 6007
5349 1763
5351 5069
5352 6063
5353 6067
5354 5176
5356 6314
5357 2920
5358 863
5360 6038
5361 3306
5364 5920
5366 6272
5368 6399
5371 1503
5373 2567
5374 250
5376 4707
5377 6320
5378 6052
5381 6063
5387 3592
5392 425
5393 6098
5395 6048
5396 5564
5397 3666
5398 2596
5400 4127
5401 215
5403 5515
5404 4673
5406 839
5408 6313
5412 4630
5413 984
5414 6259
5415 4057
5416 4015
5417 3936
5418 6079
5420 3160
5421 58
5422 1336
5423 4015
5424 6226
5426 2541
5427 422
5429 6219
5435 5649
5436 3175
5438 5116
5440 5148
5442 4323
5444 6024
5445 6237
5446 2506
5449 1977
5450 132
5452 282
5453 2001
5455 821
5457 6310
5461 1015
5462 2597
5463 2666
5464 3183
5465 958
5466 5502
5467 281
5469 2649
5470 4670
5472 2727
5473 4012
5474 4902
5476 3401
5477 6219
5478 2335
5480 224
5483 254
5484 2595
5487 1977
5488 480
5490 2125
5492 6390
5496 3706
5497 3204
5500 6239
5501 4211
5503 4321
5504 1137
5507 2437
5508 2317
5509 2154
5510 3551
5511 54
5512 481
5513 4668
5516 3574
5518 5987
5520 4316
5521 5613
5522 6191
5523 3842
5524 6315
5525 5022
5527 3862
5529 953
5532 255
5535 1746
5536 979
5538 4245
5539 1689
5540 1658
5541 2492
5542 2788
5545 2410
5548 6436
5549 6229
5551 1284
5552 456
5553 2456
5555 5784
5556 402
5560 1107
5561 3535
5566 3594
5567 2245
5568 3964
5570 5913
5573 97
5574 5632
5575 6196
5576 1065
5578 3234
5580 2319
5581 4766
5582 3347
5584 2772
5586 1544
5588 2893
5592 1491
5598 885
5605 2162
5607 1769
5608 1183
5610 2603
5612 1109
5614 6123
5617 611
5620 2518
5623 255
5625 1230
5627 3187
5628 3124
5630 4084
5631 6360
5634 2614
5636 5292
5642 4985
5643 5836
5646 1050
5650 2879
5655 5329
5656 3844
5657 2608
5659 5136
5660 1180
5663 1439
5664 1586
5665 5924
5666 2604
5668 5976
5670 4300
5671 5986
5674 5040
5675 2040
5677 4720
5680 2394
5683 5475
5684 3160
5688 75
5691 5710
5692 3587
5694 6055
5695 6208
5696 388
5698 1802
5699 5720
5701 4752
5702 4359
5705 403
5706 4934
5707 1877
5709 5876
5712 4699
5716 357
5717 1076
5719 157
5721 5276
5722 54
5726 738
5727 2599
5734 5993
5735 6057
5737 5140
5739 3155
5740 513
5741 6057
5744 5086
5746 5989
5747 359
5749 1464
5750 21
5751 1298
5752 5984
5753 5682
5754 5494
5755 2415
5757 357
5760 5118
5761 2066
5762 6386
5765 3262
5768 3599
5769 3834
5770 1748
5771 2162
5773 1876
5775 304
5779 2919
5782 232
5783 6140
5785 2102
5786 4764
5788 6192
5789 1815
5792 2935
5793 3413
5796 6104
5798 2863
5799 6251
5801 1299
5802 2185
5803 1217
5804 3413
5805 2938
5807 5733
5808 4585
5810 3750
5814 2772
5816 881
5817 6200
5819 763
5820 3608
5822 6224
5824 2679
5825 6137
5827 4687
5828 5649
5829 6296
5831 2692
5833 1326
5835 6021
5838 6435
5845 5649
5850 3224
5851 6249
5852 1467
5853 1711
5854 5399
5855 6076
5857 880
5858 6162
5860 5895
5861 173
5865 4949
5866 1789
5867 2151
5868 2851
5872 5669
5873 6260
5874 3549
5877 1375
5878 6005
5879 623
5880 191
5884 3341
5885 1035
5888 794
5889 868
5890 2190
5891 5224
5892 6208
5893 6300
5896 689
5897 427
5898 5778
5901 2185
5905 3492
5906 2714
5909 950
5910 4195
5917 3641
5918 3850
5922 102
5923 5881
5925 1160
5926 3484
5930 6110
5931 2404
5932 4569
5934 763
5935 5005
5936 1735
5938 1528
5940 3102
5941 271
5942 801
5948 6412
5956 2213
5958 4650
5959 5730
5961 2331
6023 935
6326 1002
6346 5482
6348 5061
6439 3124
6446 5011
6451 3145
6452 6442
6453 5319
6454 3986
6455 1266
6456 5213
6457 6141
6458 6310
6459 5028
6460 899
6461 116
6462 6243
6463 3513
6464 3497
6465 5434
6466 4844
6467 2760
6468 3635
6469 1603
6470 2606
6471 6237
6472 705
6473 1087
6474 5075
6475 843
6476 1464
6477 6314
6478 4457
6479 957
6480 3766
6481 1885
6482 6063
6483 6429
6484 2671
6485 868
6486 3285
6487 1230
6488 4140
6489 35
6490 4300
6491 2209
6492 1653
6493 6399
6494 2637
6495 62
6496 2687
6497 898
6498 800
6499 6401
6500 6403
6501 6150
6502 6139
6503 1451
6504 2066
6505 6161
6506 3655
6507 5772
6508 5153
6509 6340
6510 6149
6511 4346
6512 1752
6513 6030
6514 5583
6515 4435
6516 909
6517 584
6518 86
6519 5776
6520 3513
6521 2675
6522 1607
6523 1016
6524 6368
6525 1268
6526 5032
6527 59
6528 328
6529 948
6530 2134
6531 1889
6532 1127
6533 2066
6534 1920
6535 710
6536 4471
6537 1772
6538 6088
6539 5571
6540 2443
6541 3789
6542 109
6543 1347
6544 1464
6545 1524
6546 1974
6547 496
6548 1251
6549 6200
6550 3284
6551 2594
6552 3617
6553 4205
6554 786
6555 1325
6556 3551
6557 681
6558 2146
6559 6301
6560 1271
6561 6103
6562 81
6563 1979
6564 6067
6565 5296
6566 276
6567 3072
6568 839
6569 5062
6570 3652
6571 1087
6572 449
6573 1164
6574 6227
6575 4791
6576 32
6577 5697
6578 2438
6579 4202
6580 924
6581 3299
6582 1943
6583 4025
6584 6433
6585 1879
6586 6088
6587 251
6588 3842
6589 1551
6590 569
6591 3960
6592 3602
6593 3798
6594 3128
6595 1628
6596 2980
6597 1184
6598 6256
6599 4161
6600 3295
6601 5778
6602 884
6603 1580
6604 3043
6605 5370
6606 6107
6607 5295
6608 540
6609 5972
6610 84
6611 4372
6612 2185
6613 4682
6614 2948
6615 3359
6616 3202
6617 1591
6618 22
6619 5993
6620 276
6621 6076
6622 5276
6623 5963
6624 6409
6625 2189
6626 1122
6627 3361
6628 654
6629 3102
6630 6061
6631 6267
6632 6319
6633 3335
6634 2934
6635 3354
6636 903
6637 5780
6638 4673
6639 381
6640 273
6641 631
6642 2300
6643 4878
6644 4965
6645 2570
6646 4892
6647 1305
6648 6160
6649 3461
6650 2686
6651 1153
6652 3496
6653 838
6654 267
6655 2697
6656 2541
6657 5201
6658 461
6659 461
6660 4510
6661 335
6662 2011
6663 4789
6664 701
6665 3321
6666 2770
6667 5921
6668 337
6669 366
6670 1876
6671 294
6672 134
6673 2396
6674 1053
6675 192
6676 505
6677 3573
6678 4400
6679 2478
6680 6315
6681 1425
6682 3588
6683 1266
6684 1128
6685 5035
6686 5201
6687 3737
6688 2663
6689 5200
6690 4074
6691 4980
6692 3604
6693 5273
6694 3058
6695 158
6696 5809
6697 5710
6698 2283
6699 984
6700 6430
6701 597
6702 5
6703 3318
6704 4950
6705 6343
6706 4426
6707 3298
6708 4827
6709 2376
6710 3385
6711 1030
6712 6195
6713 1300
6714 5894
6715 2480
6716 6121
6717 5285
6718 5244
6719 6298
6720 2928
6721 3549
6722 5562
6723 957
6724 6431
6725 3787
6726 1466
6727 290
6728 1002
6729 1853
6730 5296
6731 1180
6732 4934
6733 428
6734 6404
6735 5985
6736 2926
6737 1344
6738 67
6739 2999
6740 4047
6741 4312
6742 1136
6743 471
6744 5303
6745 336
6746 6028
6747 5216
6748 216
6749 1859
6750 2499
6751 5037
6752 2546
6753 5809
6754 2687
6755 5999
6756 5973
6757 3270
6758 5244
6759 632
6760 5615
6761 481
6762 6126
6763 2218
6764 1233
6765 284
6766 2090
6767 6405
6768 6168
6769 2770
6770 663
6771 4358
6772 5013
6773 4969
6774 3407
6775 1828
6776 6302
6777 4878
6778 2990
6779 5915
6780 6110
6781 3884
6782 5715
6783 705
6784 2743
6785 1523
6786 6245
6787 2765
6788 2755
6789 4427
6790 4587
6791 5590
6792 6417
6793 3750
6794 6216
6795 4316
6796 6029
6797 1638
6798 1387
6799 313
6800 3066
6801 2916
6802 930
6803 1070
6804 1468
6805 250
6806 936
6807 6190
6808 711
6809 2049
6810 2890
6811 6005
6812 4838
6813 1209
6814 2283
6815 2831
6816 3104
6817 6428
6818 547
6819 4466
6820 3381
6821 3658
6822 3302
6823 6224
6824 6041
6825 5950
6826 2980
6827 1977
6828 1870
6829 1950
6830 5686
6831 524
6832 6407
6833 3694
6834 1245
6835 5110
6836 6090
6837 3731
6838 4648
6839 5505
6840 1056
6841 2233
6842 2434
6843 5303
6844 2767
6845 4316
6846 1702
6847 1434
6848 2926
6849 3730
6850 2863
6851 1658
6852 205
6853 6076
6854 2546
6855 6208
6856 695
6857 5743
6858 3726
6859 882
6860 1741
6861 107
6862 5088
6863 3798
6864 6418
6865 1229
6866 676
6867 1445
6868 5329
6869 1536
6870 6008
6871 6395
6872 1078
6873 4732
6874 4858
6875 5363
6876 1095
6877 1188
6878 354
6879 2594
6880 539
6881 5432
6882 415
6883 5292
6884 4587
6885 3834
6886 231
6887 1153
6888 4979
6889 1927
6890 6148
6891 2054
6892 6076
6893 3457
6894 5161
6895 3588
6896 5839
6897 1551
6898 951
6899 6256
6900 2600
6901 3391
6902 5778
6903 6141
6904 548
6905 1336
6906 5728
6907 1661
6908 4445
6909 1065
6910 4592
6911 3333
6912 6002
6913 2146
6914 2334
6915 5967
6916 5177
6917 276
6918 4791
6919 1870
6920 1890
6921 675
6922 4981
6923 5579
6924 1128
6925 3842
6926 3803
6927 5624
6928 6334
6929 1076
6930 6183
6931 5729
6932 4232
6933 3733
6934 4308
6935 3599
6936 3386
6937 2771
6938 5451
6939 3978
6940 1271
6941 6268
6942 5862
6943 6428
6944 1737
6945 4091
6946 1525
6947 1634
6948 2294
6949 3464
6950 5977
6951 2247
6952 6032
6953 5667
6954 5697
6955 2747
6956 53
6957 3880
6958 5530
6959 5640
6960 2241
6961 6265
6962 5198
6963 2648
6964 2478
6965 6333
6966 5957
6967 505
6968 2206
6969 1486
6970 3716
6971 1489
6972 3798
6973 479
6974 407
6975 6340
6976 3335
6977 2383
6978 407
6979 3008
6980 1815
6981 1143
6982 1197
6983 2521
6984 81
6985 876
6986 1911
6987 4734
6988 6285
6989 3089
6990 3560
6991 4425
6992 4091
6993 528
6994 5843
6995 3021
6996 876
6997 1732
6998 4129
6999 1567
7000 4637
7001 6217
7002 1395
7003 3981
7004 3960
7005 132
7006 3149
7007 3003
7008 1425
7009 6296
7010 315
7011 5245
7012 1544
7013 5672
7014 3335
7015 2098
7016 5002
7017 4983
7018 962
7019 6313
7020 328
7021 1136
7022 4364
7023 1181
7024 962
7025 1444
7026 6096
7027 2715
7028 5589
7029 147
7030 6317
7031 5784
7032 1136
7033 5126
7034 6120
7035 5329
7036 2651
7037 4205
7038 3538
7039 6363
7040 4406
7041 3785
7042 1289
7043 5784
7044 6384
7045 3834
7046 1172
