3676 12
6110 33
6032 23
2657 12
4882 45
4179 31
4462 49
5172 43
2357 0
858 45
122 21
6617 16
6173 13
6403 33
6759 9
6341 35
129 79
2625 27
3105 24
6719 16
2286 57
3417 81
6539 21
5850 60
1979 46
6193 21
6505 34
6536 69
1808 41
5439 30
3230 25
6690 16
6699 9
4240 8
2599 42
1169 32
5680 19
679 61
5977 81
2573 11
1597 43
6553 10
4686 69
400 46
4188 79
3039 23
4259 69
6717 2
3617 79
831 57
6437 13
6584 1
3807 46
4890 42
1105 12
6741 29
6691 19
2507 21
4439 4
6667 62
3217 26
104 12
6603 5
6694 13
5883 81
2696 8
1693 59
6663 13
2887 32
4860 34
6484 16
3328 46
6122 66
4857 5
4961 29
2475 79
6108 38
4930 9
6468 3
6516 2
6650 13
6456 4
5367 45
6233 51
2338 61
3226 27
4479 42
5666 34
6494 15
2801 45
5971 41
4664 23
5577 32
2872 6
6746 16
6672 28
2288 27
882 42
1073 43
5770 24
6636 13
3878 27
6684 16
4829 32
5818 46
6634 13
6513 42
3136 46
6485 9
2656 39
6695 9
3764 16
1943 12
2813 30
5164 32
547 21
1568 85
6633 9
6050 34
101 42
6593 19
4605 56
902 82
4264 40
6744 59
6089 25
3160 79
5482 56
5044 4
4402 42
4097 48
4202 46
5595 8
5556 35
3558 34
6541 41
4677 29
6563 15
6457 0
6342 46
5820 3
6724 13
6713 81
5130 41
656 21
2155 21
304 61
3356 25
4271 27
6772 39
4187 84
6498 24
6608 21
6594 56
2325 61
6212 7
1548 59
6188 19
4790 30
2340 82
637 16
107 23
6455 15
5541 8
6001 79
6677 16
2495 59
756 69
5693 2
6097 16
909 32
3946 69
5068 9
5073 24
6703 27
6745 15
6490 13
1117 56
4133 36
4043 62
1437 41
6720 35
6668 82
4176 42
6618 15
2792 9
6053 25
6453 1
1600 24
1774 28
5912 23
4238 45
1551 46
4055 45
583 3
4226 34
1751 83
5332 12
2415 11
3289 27
6754 13
6528 27
4510 65
1059 29
6547 8
5187 20
5775 64
6675 37
2652 32
6512 25
6174 16
5745 19
6399 8
5111 15
2825 85
2271 22
6308 27
6411 42
6686 7
4346 41
2870 27
224 32
5145 8
5326 45
6641 16
1417 49
6531 0
6643 15
6526 31
6735 45
6766 16
473 46
5275 38
5735 32
6781 13
2491 38
5530 59
2996 82
6764 8
3877 33
3096 57
2812 85
2217 37
6559 15
4750 14
113 41
5110 31
5176 38
6574 13
6068 34
307 26
5559 0
3126 23
6573 19
5720 29
6549 15
6583 15
6394 3
2851 56
2483 10
6649 21
4132 0
6482 34
6452 7
1468 85
4815 49
6602 16
864 82
6714 10
2630 34
4101 42
3031 84
1461 34
5792 16
4531 81
3509 3
6733 43
3024 23
6500 13
5456 12
4143 8
6101 29
4695 29
4421 79
6722 9
1757 42
6671 17
6647 81
5574 18
6495 82
6491 13
1917 8
3795 27
6768 10
3920 49
6527 33
435 45
2708 11
6227 15
4533 12
595 79
1365 41
4253 10
2404 40
744 58
1740 34
5703 45
3454 83
5839 33
6707 2
6047 32
654 31
2393 48
6502 15
1925 34
3893 13
2806 24
2061 38
4576 81
6591 16
3511 3
6397 26
160 34
4015 27
1014 23
291 13
1345 84
1323 49
6708 30
1505 23
4953 31
6642 18
4113 84
1177 31
6348 3
6530 13
1977 22
6704 15
6658 13
2917 22
1878 37
5447 58
3469 12
4400 27
4403 56
6385 21
4792 56
2486 22
3980 7
0 711
1 4215
3 1941
4 6778
5 4846
6 1586
8 387
9 3059
12 1147
13 874
14 3509
16 2100
18 1001
19 1328
20 3330
24 2231
27 3518
28 4428
29 421
30 2190
31 4531
32 1706
34 3789
36 3983
37 6125
39 5953
40 3027
41 3010
42 2185
43 1264
45 2137
46 769
47 6765
48 1461
50 828
51 5686
52 5062
54 1468
56 6679
58 5051
63 284
67 6346
68 5849
71 2767
72 1183
77 2870
78 4981
81 5559
83 2531
84 6455
87 6774
88 1671
89 6385
91 3000
92 976
95 6358
97 3725
98 1326
99 2879
105 3441
106 4569
108 5062
109 2863
110 1758
112 3666
114 3100
115 2887
116 15
118 3102
119 510
120 5383
123 3356
124 5228
125 2395
126 80
127 1227
133 250
134 6430
135 3106
136 1575
137 6736
138 276
140 6529
144 2531
145 1741
148 1637
149 4314
151 2618
152 1523
153 4155
154 1006
155 4180
156 4299
157 3484
158 4188
159 2762
161 2247
162 1251
163 6262
164 6295
166 2090
167 2341
168 3955
170 547
171 3978
172 6234
174 2271
175 1505
176 2251
177 275
178 2724
179 6506
180 6638
182 952
183 3992
184 1947
187 6445
188 6062
190 6563
192 2727
194 3121
195 644
196 3712
200 4440
201 6555
202 4858
203 6341
206 403
207 2516
212 5230
213 1147
217 3011
220 6518
221 5779
222 2794
223 1559
225 6610
226 792
228 3059
229 6059
230 169
231 5849
234 49
235 1509
237 1425
241 4092
242 2589
244 1040
245 3990
246 5937
247 4176
248 904
249 3896
252 6540
253 5365
255 6471
257 4846
258 2495
259 4496
262 4986
264 6122
265 6723
266 103
267 1497
268 6643
270 4288
271 5355
274 6023
278 6702
279 584
280 2169
283 3880
285 5491
287 1396
288 3617
289 2543
292 2916
295 3828
296 150
297 4018
298 2863
299 2943
302 622
303 6507
308 5063
309 2019
310 1567
311 1548
312 4309
314 6730
318 6671
320 3134
321 2827
322 5363
324 956
326 3666
329 5679
331 5182
332 5725
340 4505
341 4950
343 2824
344 6557
345 585
346 2915
347 2942
351 2647
352 3904
353 6502
356 3749
357 4709
361 3881
362 6461
363 2515
364 1203
365 2038
367 1400
368 6440
369 1199
370 4372
373 327
374 3697
375 2850
376 256
377 5658
379 2269
380 3347
382 3904
383 2373
384 4882
385 2571
386 1856
389 6697
390 1956
391 5177
393 4347
395 6072
399 6672
401 4314
402 3888
404 5720
405 4543
411 5275
414 6148
415 6514
417 1961
419 5002
420 4173
422 3626
423 868
424 1956
426 5925
427 4388
429 693
430 3550
432 6752
434 546
436 1191
437 1961
438 5209
440 635
441 782
442 6624
447 3712
448 6095
450 6518
451 3730
454 5077
455 3070
456 6560
457 3232
460 4880
461 6603
462 4137
465 2058
466 5150
467 5441
471 5559
474 3356
475 675
476 6482
477 5332
478 2396
480 6383
482 1699
483 4386
484 5541
485 2601
486 1020
488 6553
489 6701
490 4846
491 6625
492 6598
494 6348
495 211
497 785
498 670
499 585
500 444
501 6358
502 3998
503 5491
504 4226
505 1217
507 5044
508 3955
509 3558
511 1893
512 3468
514 5118
515 2805
516 4903
517 1640
518 147
520 2041
522 2024
526 6617
529 1528
533 6582
534 5749
535 6639
536 5385
537 796
538 4060
540 811
541 4113
542 1264
543 4171
544 3687
545 3702
548 3032
549 6486
550 525
551 1085
553 6671
555 2923
557 6631
559 6262
560 2654
561 2471
562 6632
563 1915
564 1344
565 2588
566 4063
571 55
574 4045
578 2850
579 4378
581 701
582 4780
587 525
590 5411
592 4287
594 5035
600 4314
601 3359
602 4239
603 6531
604 3302
605 6777
608 306
609 4568
610 487
612 6521
613 3450
614 35
616 5732
617 649
618 622
619 3661
624 6342
625 6244
626 4015
627 828
628 1610
632 1654
633 4143
634 3840
636 2693
640 5580
641 1117
642 5403
643 4576
646 5002
647 2401
650 5094
651 2495
652 6182
653 6680
657 6777
658 4481
660 6672
662 6716
663 3006
664 1239
665 6461
667 2531
669 4684
671 2400
674 1841
682 6582
685 3585
691 6017
692 6743
694 792
695 1014
696 1809
699 6585
700 5474
703 4287
704 1785
705 1778
706 656
707 1461
708 3010
709 3560
710 6584
713 3581
714 6664
717 3099
719 606
720 6540
721 1803
723 5153
725 2968
726 1473
727 5019
729 2805
732 2362
733 1853
734 1184
737 2051
738 4261
739 6582
741 5593
742 1053
745 2123
746 6442
749 150
751 6592
752 3650
753 2300
754 892
755 6769
758 967
759 6235
760 3965
761 3968
762 6512
763 1304
764 6670
765 6244
766 6245
768 307
770 6580
771 3514
772 11
775 300
776 826
777 6440
781 6710
783 2805
784 6767
788 413
789 1732
790 5474
793 3141
795 4346
802 6097
803 1132
804 1437
806 870
807 5758
810 2879
812 5110
814 1333
816 2484
817 5584
818 4386
820 2717
821 676
822 6358
823 1923
825 4325
827 5303
829 260
830 5488
832 316
834 6642
835 1893
842 5779
843 6424
844 4429
846 6705
847 1637
848 60
849 3791
850 1850
853 2184
855 1361
856 1012
857 693
859 1523
860 1737
861 6567
862 6511
865 150
866 5326
869 5642
871 6733
872 6728
873 360
875 2366
876 2720
878 4461
883 277
884 3720
885 3178
886 3158
887 6671
890 3215
893 5303
894 985
895 70
897 146
901 728
905 5202
907 2392
908 5780
911 2812
912 5428
913 3557
914 6028
915 1694
921 5041
922 750
923 573
925 5839
926 2627
928 2872
932 3217
933 5658
934 6685
935 4587
937 3232
938 5544
939 1227
941 6530
942 3302
943 3658
944 5062
945 3134
946 218
947 4349
948 6777
949 4105
950 2346
954 4789
955 6528
959 5559
960 6636
961 1758
963 1183
966 3692
968 4045
973 6240
974 62
977 5164
978 4259
979 808
980 6208
981 5161
982 215
983 4834
986 4737
987 5110
988 4951
989 6537
993 6779
994 2431
997 5425
998 4758
1000 5747
1003 6050
1004 1792
1005 3215
1007 6553
1008 3123
1010 6760
1013 5355
1016 629
1017 493
1018 348
1019 433
1022 1477
1023 673
1024 3219
1025 4113
1027 523
1028 250
1029 4744
1030 5945
1032 4314
1034 1748
1035 5244
1039 809
1043 243
1044 4857
1045 6489
1046 4427
1049 131
1050 215
1054 2656
1055 5142
1057 5506
1060 6569
1061 5764
1062 6551
1063 588
1064 4786
1065 2942
1066 5303
1067 3628
1069 6551
1071 6741
1079 3391
1080 3123
1081 6400
1082 2015
1084 940
1086 5458
1088 5339
1089 6524
1091 2590
1092 684
1093 4605
1094 5826
1097 1568
1098 4811
1099 2313
1100 2666
1101 2172
1103 334
1106 6768
1108 5235
1110 1072
1111 2292
1113 2093
1116 5693
1118 4984
1119 6487
1120 4460
1121 2165
1122 6447
1123 2947
1125 3298
1126 4558
1127 6347
1129 5064
1130 6649
1137 2916
1138 1167
1140 976
1143 1624
1144 6717
1145 5100
1146 1727
1148 3692
1149 6491
1150 6687
1154 6471
1155 5842
1156 397
1157 4758
1161 6539
1162 5212
1163 400
1165 1461
1166 6442
1168 2054
1170 767
1171 6557
1173 6217
1175 4668
1178 6513
1179 2473
1182 1326
1185 1356
1187 631
1189 4982
1193 1037
1195 6356
1196 1167
1200 1637
1201 4291
1204 649
1205 5235
1206 2486
1208 6535
1210 4682
1212 6050
1213 785
1215 6233
1216 964
1218 4012
1220 2224
1221 3981
1222 4002
1223 3059
1226 5621
1228 3306
1232 6471
1234 6770
1235 1349
1236 672
1237 5482
1238 2043
1240 1085
1241 1869
1243 1869
1244 6053
1246 5212
1247 6212
1250 5711
1252 2824
1253 4781
1255 4866
1258 1153
1259 1785
1260 4922
1261 2497
1262 1332
1265 6473
1266 21
1269 6442
1271 4316
1272 1756
1273 786
1274 6529
1276 1575
1277 6114
1279 1305
1280 6394
1283 6592
1284 527
1286 6579
1287 1501
1288 1887
1292 6051
1293 5745
1294 3323
1296 2416
1299 2277
1301 4388
1302 6050
1303 4251
1306 2396
1307 1224
1308 6175
1309 5499
1310 4670
1311 3114
1315 4222
1318 6227
1319 122
1321 718
1322 291
1324 6059
1330 3840
1331 3875
1335 5928
1336 4829
1337 3497
1338 104
1339 3764
1340 5563
1341 4829
1342 4558
1346 6560
1348 3081
1350 6661
1353 493
1354 2492
1355 6666
1357 666
1358 6051
1360 2483
1363 139
1364 5594
1366 4471
1367 3713
1368 4755
1369 637
1370 4406
1371 6507
1372 6597
1373 6741
1374 4934
1375 1298
1379 4000
1381 5569
1382 2239
1383 2347
1384 1596
1385 599
1386 3893
1387 129
1388 3537
1389 5730
1391 792
1392 5778
1393 712
1394 3230
1395 5749
1397 1160
1398 4359
1399 4750
1401 3881
1403 6363
1404 2302
1405 2600
1406 5103
1407 6704
1408 3890
1409 165
1411 428
1416 21
1418 6365
1419 6568
1423 6047
1424 2631
1426 1638
1427 3923
1428 2601
1429 6358
1430 397
1431 3535
1432 1402
1433 4675
1434 3440
1435 6493
1436 3335
1438 3952
1439 854
1440 1124
1441 2497
1442 3514
1447 3764
1448 6023
1449 2103
1450 5192
1452 599
1453 2805
1454 920
1456 5142
1457 1095
1458 2793
1460 2805
1462 1848
1464 204
1467 3070
1469 2473
1470 4986
1472 3571
1476 5377
1478 4789
1480 2461
1481 891
1482 4433
1484 6617
1486 841
1487 3102
1488 1128
1490 917
1491 5161
1492 4503
1495 794
1496 2631
1498 141
1499 1151
1500 2054
1503 4240
1504 5778
1506 6576
1508 2239
1510 5235
1511 3100
1512 6697
1513 3726
1514 327
1516 5373
1518 273
1520 301
1524 2785
1526 5506
1527 4966
1529 2480
1530 833
1531 6234
1532 2554
1534 3272
1537 1716
1538 6750
1539 3978
1540 6034
1541 2054
1542 951
1543 2410
1544 2531
1545 6746
1546 6606
1547 2987
1549 797
1550 6416
1552 819
1553 1990
1556 6499
1558 2618
1560 445
1562 129
1563 6053
1564 5059
1565 1555
1569 2063
1570 2239
1571 940
1572 5482
1573 2603
1574 6225
1576 6384
1578 2899
1580 6686
1581 6733
1582 927
1584 2495
1585 4432
1587 3626
1590 5022
1591 1305
1592 5479
1594 1217
1598 5099
1599 5051
1601 2647
1602 1912
1604 690
1605 4479
1608 5244
1609 4346
1611 4202
1613 6705
1614 5363
1616 4787
1617 1589
1618 2193
1620 962
1621 4675
1623 6004
1626 4499
1627 21
1628 4525
1629 4000
1630 6457
1631 1083
1632 3205
1633 1792
1634 1249
1635 6456
1636 3027
1639 2391
1642 6698
1643 975
1646 2078
1647 3945
1648 6006
1649 6586
1650 6573
1651 3123
1652 881
1653 6550
1655 2488
1656 1224
1657 6421
1662 3890
1664 6480
1665 6572
1666 2283
1667 3992
1668 748
1669 5626
1672 132
1673 1015
1674 6173
1675 472
1676 6388
1678 902
1679 2130
1680 1132
1681 595
1684 4922
1688 6318
1691 2387
1692 5161
1695 5013
1696 3033
1697 2366
1698 1176
1701 5718
1702 1522
1704 2756
1705 317
1707 1999
1713 2061
1717 6581
1718 4384
1720 5288
1721 2461
1722 6718
1723 730
1724 1362
1725 852
1726 6670
1728 1600
1729 5627
1730 877
1731 4347
1733 6704
1734 4280
1739 3803
1742 2694
1745 4995
1749 6635
1750 6767
1752 6566
1753 6135
1754 1314
1755 1890
1759 3641
1761 554
1762 1710
1763 6648
1764 6746
1765 3515
1767 787
1768 3005
1769 4471
1770 558
1771 313
1773 2550
1775 6657
1776 615
1777 5840
1779 2610
1784 6565
1786 130
1787 1799
1788 5335
1789 186
1790 4460
1791 984
1793 5548
1794 906
1796 282
1797 6582
1798 6697
1800 6642
1801 463
1804 985
1810 1096
1811 1172
1812 4961
1813 5035
1814 5437
1815 6429
1816 6524
1817 3215
1818 1758
1819 4781
1820 819
1821 5078
1822 6772
1823 6224
1824 93
1825 5748
1826 6051
1827 1102
1828 6047
1830 6047
1831 4004
1832 2286
1833 17
1834 2156
1835 3349
1837 1268
1838 1644
1842 6461
1843 2358
1845 3124
1846 6572
1847 6746
1849 4395
1851 215
1852 1641
1854 6584
1855 585
1857 2334
1858 306
1859 6535
1860 4503
1861 970
1862 6723
1863 3326
1864 6392
1865 597
1866 6489
1867 1076
1868 6423
1871 5103
1872 5032
1873 2455
1874 6597
1875 4328
1879 388
1881 5417
1882 527
1883 269
1884 6560
1886 6418
1891 6439
1894 209
1895 6691
1896 4672
1897 881
1898 868
1899 4958
1900 3226
1901 4454
1902 6556
1903 2581
1904 5187
1905 4132
1906 3646
1908 6714
1909 4583
1910 984
1913 5697
1916 5787
1918 6062
1919 6465
1920 2632
1921 3641
1922 6489
1924 3923
1926 6093
1927 193
1928 728
1929 3896
1930 2653
1931 690
1932 2656
1933 2637
1934 4656
1936 5840
1937 3513
1938 233
1939 5032
1940 2053
1942 3557
1944 5745
1946 4028
1948 2239
1949 6567
1950 5486
1952 992
1953 5367
1954 1451
1957 858
1958 4364
1959 1880
1960 5365
1962 1176
1963 621
1964 556
1965 301
1966 1048
1967 4135
1969 413
1970 4977
1972 5987
1973 1686
1974 552
1975 3033
1978 888
1980 4526
1981 1352
1982 122
1983 5341
1984 6664
1985 26
1986 6467
1987 1225
1988 1917
1991 3840
1992 5439
1993 4674
1994 6689
1995 1955
1996 6204
1997 1410
1998 4367
2001 4421
2002 567
2003 1109
2004 2970
2005 4496
2006 4070
2007 1159
2008 899
2009 3401
2010 6607
2011 4459
2012 4021
2013 6645
2016 1037
2017 2694
2018 6527
2020 186
2022 1248
2025 593
2027 1327
2028 3370
2029 3687
2030 6509
2032 5391
2034 833
2035 4383
2036 82
2039 1802
2042 2303
2045 6421
2047 1102
2049 3718
2052 648
2055 2851
2056 6400
2057 3105
2059 3417
2062 5943
2064 5145
2065 683
2067 2051
2068 539
2070 6547
2072 1415
2073 3306
2074 6148
2075 1083
2076 2772
2077 1589
2080 792
2081 5572
2082 5603
2083 2498
2085 2383
2086 2657
2087 2391
2089 2231
2091 5143
2092 4950
2094 6726
2097 6551
2099 3608
2101 6714
2105 6494
2106 1461
2108 956
2110 5563
2111 2686
2113 1087
2114 2537
2115 5126
2116 4494
2117 1880
2119 1489
2120 6655
2121 1329
2122 1224
2124 3877
2126 916
2127 4285
2128 4533
2129 5642
2131 6272
2132 5321
2133 3356
2134 569
2135 2044
2138 5723
2140 1917
2141 5132
2142 66
2143 4686
2144 6780
2145 3124
2146 2894
2147 3326
2148 6527
2149 4384
2150 3395
2151 1756
2152 6674
2153 5947
2154 6722
2157 1058
2158 5549
2159 86
2160 6470
2163 659
2164 1233
2170 1892
2171 3252
2173 4421
2174 3758
2176 1036
2177 644
2179 676
2181 6460
2182 1151
2183 4445
2186 5615
2187 4503
2188 6052
2189 80
2191 4314
2192 5051
2194 5443
2196 6575
2197 5101
2198 524
2199 5855
2200 1493
2201 6564
2202 5132
2203 4287
2204 2096
2209 1689
2210 3738
2211 2720
2212 3200
2214 6063
2218 3624
2219 5955
2220 539
2222 2054
2223 6341
2225 5118
2226 4479
2227 1095
2228 445
2229 1999
2230 1809
2232 4605
2233 5100
2234 5680
2235 6101
2236 672
2238 3238
2240 2608
2241 305
2242 1095
2244 6034
2245 3359
2246 4646
2248 3537
2249 1890
2250 3460
2252 6492
2253 412
2254 6148
2255 909
2256 5073
2259 6126
2260 38
2261 799
2262 673
2263 1689
2264 1006
2266 992
2267 5927
2268 5410
2270 2215
2272 1233
2273 6385
2274 2820
2275 3089
2276 5822
2278 2168
2280 5355
2281 687
2282 722
2284 1839
2285 599
2287 999
2290 4432
2291 5177
2293 6489
2294 6752
2295 4481
2296 82
2298 5078
2299 3381
2301 5725
2304 3989
2305 6564
2307 2694
2308 5385
2310 1792
2311 4364
2312 359
2314 6126
2316 1914
2317 3501
2318 4815
2320 4922
2321 61
2323 5410
2324 3030
2326 6553
2327 6163
2328 4287
2329 1638
2330 1746
2332 622
2333 5321
2335 4288
2336 6768
2337 5482
2339 5693
2342 811
2344 2300
2345 5068
2348 1320
2349 4021
2350 277
2351 6580
2353 5517
2354 6240
2355 238
2356 256
2359 100
2360 122
2361 4692
2363 936
2367 64
2369 780
2371 4004
2372 1885
2374 4692
2375 6475
2376 4517
2379 6564
2380 4217
2381 4458
2382 690
2384 6097
2385 6395
2386 4428
2388 6644
2389 2499
2390 3989
2397 4127
2398 530
2399 6776
2402 2331
2405 591
2406 6346
2407 1743
2408 3461
2409 6400
2411 3844
2412 1738
2413 2484
2414 2780
2417 3006
2418 6457
2419 588
2420 6680
2422 1474
2423 2756
2424 5132
2425 1708
2426 1603
2427 4755
2428 4806
2429 6396
2430 6135
2432 4343
2435 2165
2436 3031
2438 3171
2439 5051
2440 995
2441 2588
2442 831
2443 3230
2444 6118
2445 5955
2446 1772
2447 240
2448 2340
2450 6503
2451 1073
2452 6135
2453 334
2456 3144
2457 6517
2458 1351
2460 5712
2462 6439
2463 3505
2464 2694
2465 3382
2466 1147
2467 6385
2468 5904
2469 2162
2470 3992
2474 4783
2476 6548
2477 1291
2478 1181
2479 971
2485 5700
2487 6582
2490 5408
2493 1736
2496 6391
2501 5820
2502 569
2503 809
2504 2567
2505 6488
2508 2325
2509 4860
2510 3323
2512 6430
2513 715
2514 2755
2517 1485
2519 2251
2520 276
2522 879
2523 1501
2524 5217
2525 2762
2526 5425
2527 5469
2528 2994
2530 6770
2532 1124
2534 277
2535 6696
2538 2383
2540 66
2541 1267
2542 6713
2544 1586
2545 4299
2546 2491
2547 1559
2549 828
2552 4976
2556 6028
2559 4284
2560 6654
2561 2357
2563 898
2564 4737
2565 686
2566 6751
2568 824
2569 6558
2570 1880
2572 319
2574 1892
2575 5658
2576 6234
2577 6403
2578 4299
2579 4574
2580 3328
2582 3742
2583 3998
2584 2162
2585 5077
2586 1417
2587 4734
2591 101
2592 3723
2593 5779
2594 798
2595 731
2597 4346
2602 5004
2604 2023
2605 2650
2607 6441
2611 4180
2612 3313
2613 1979
2614 5212
2615 2620
2616 639
2619 1807
2621 5166
2623 3804
2626 3720
2628 2123
2629 6677
2633 6019
2636 4541
2638 3561
2639 3649
2640 1153
2641 4295
2642 4179
2643 3723
2644 2507
2645 1090
2646 2596
2648 1329
2649 2567
2655 1365
2658 6551
2659 4287
2660 1483
2662 5244
2663 5725
2664 3862
2665 985
2668 1070
2669 1741
2670 1686
2671 5441
2673 5161
2674 2911
2677 1056
2678 1747
2680 4387
2681 927
2682 3571
2683 2601
2684 6197
2687 1808
2689 5193
2690 1477
2691 6565
2692 3043
2697 621
2699 6421
2700 6505
2701 3550
2702 4253
2703 4253
2704 1224
2705 5648
2706 4284
2707 6770
2709 577
2710 845
2712 6723
2713 813
2714 5272
2715 3482
2716 5760
2718 4726
2719 1012
2721 6664
2723 3749
2725 2817
2726 1087
2729 929
2730 2364
2731 833
2732 1758
2733 1352
2734 2019
2735 6765
2736 2554
2738 4958
2739 2155
2740 2208
2742 1914
2743 6452
2744 3641
2745 4364
2748 2928
2750 6597
2752 4637
2753 2827
2754 2251
2757 6292
2758 1956
2759 6699
2760 3115
2761 4276
2763 3415
2765 6635
2768 957
2769 6212
2770 6309
2771 6579
2773 316
2774 5714
2775 3666
2777 333
2779 681
2782 6470
2783 3354
2784 5758
2786 1158
2787 21
2788 1194
2789 3594
2791 6655
2796 458
2798 6734
2799 6443
2802 169
2803 6653
2804 1361
2807 815
2808 6777
2809 3968
2811 6447
2816 4574
2818 381
2821 1227
2823 6420
2828 3497
2829 6691
2830 568
2831 5611
2832 4841
2833 337
2834 2112
2835 3501
2837 197
2838 4398
2841 6729
2842 4966
2843 1136
2844 3381
2845 1568
2847 3791
2848 4348
2849 6649
2852 3235
2853 4063
2854 4316
2855 1445
2856 1352
2857 4686
2858 6208
2859 1400
2860 5357
2861 1095
2862 1619
2864 6175
2865 5710
2866 693
2867 3059
2868 6764
2869 1689
2871 1778
2873 1289
2876 5871
2877 5174
2878 409
2880 5990
2881 5556
2882 3723
2883 6088
2884 2599
2888 4709
2891 6482
2892 583
2896 6773
2897 5063
2898 3457
2901 4280
2902 6601
2904 4459
2905 3671
2906 5383
2907 1114
2908 1523
2910 4173
2912 4458
2913 5209
2918 4640
2920 3187
2921 4445
2922 3878
2924 649
2925 1275
2926 3972
2927 877
2929 1748
2930 3434
2931 6563
2933 1925
2936 6589
2937 2518
2938 6147
2939 6088
2940 4860
2941 4342
2944 3747
2945 4656
2946 1682
2948 2180
2949 2651
2950 3701
2951 5447
2952 851
2953 273
2954 971
2955 2322
2956 2043
2958 4579
2962 5013
2963 3100
2964 5905
2965 403
2966 284
2967 6052
2969 359
2971 5943
2972 129
2973 4858
2974 6284
2975 6292
2976 5787
2977 673
2978 5481
2979 2657
2980 6616
2981 6243
2984 6494
2985 1737
2986 4180
2988 5905
2989 193
2991 3004
2992 1077
2993 6135
2995 2741
2997 2620
2999 38
3001 4953
3002 6728
3003 4222
3007 5428
3009 5363
3012 583
3013 4398
3014 6083
3016 1935
3017 4238
3018 5578
3019 3608
3020 2879
3022 2599
3023 6677
3025 1229
3026 2136
3028 6207
3029 1087
3034 6243
3035 6041
3036 6596
3037 1977
3038 4238
3041 5176
3042 6610
3044 6173
3045 129
3046 1466
3047 5326
3048 4403
3049 920
3050 1463
3051 6127
3052 2050
3053 1078
3054 1772
3055 3364
3056 4792
3057 6681
3058 1915
3060 644
3062 3235
3063 750
3064 4637
3065 224
3067 637
3068 6320
3069 2048
3071 4102
3073 971
3074 372
3076 4856
3077 6223
3078 1912
3079 3699
3080 6736
3083 6517
3084 6456
3086 3888
3087 796
3091 1282
3092 79
3093 1951
3094 337
3095 4389
3097 6686
3098 6612
3101 355
3103 1466
3107 4958
3108 4143
3109 4579
3110 5887
3111 3395
3112 1211
3113 6449
3116 2338
3117 6752
3118 2331
3119 4204
3120 877
3122 5182
3125 5019
3127 111
3129 3121
3131 4568
3133 1548
3135 6753
3138 3090
3142 6147
3145 1595
3146 4667
3147 2338
3148 5361
3150 3171
3151 6666
3152 1523
3153 936
3154 3616
3155 740
3156 5710
3157 584
3159 698
3161 3215
3163 6586
3164 2708
3165 780
3166 5697
3167 301
3168 5957
3169 5843
3170 6706
3173 3850
3174 3505
3175 2814
3176 2331
3179 3516
3180 1955
3181 698
3182 6648
3183 523
3185 5339
3186 836
3188 5410
3189 5006
3190 1048
3191 5600
3192 5118
3194 6604
3195 5597
3196 2785
3197 1102
3199 6478
3201 6760
3203 6613
3204 2454
3206 1291
3207 2863
3208 3705
3209 3862
3210 2289
3211 4663
3213 6577
3214 1489
3216 4553
3220 2168
3221 6608
3222 6032
3227 3313
3228 6738
3229 606
3233 2846
3237 1736
3239 2840
3240 1128
3241 5323
3242 4834
3243 479
3244 521
3245 5556
3247 1465
3248 4342
3249 2401
3250 6742
3251 6506
3254 3686
3255 1853
3256 1710
3257 4958
3258 1217
3259 930
3260 6593
3262 3557
3264 1320
3265 5648
3266 2618
3267 1990
3268 6585
3269 5225
3271 2606
3273 547
3274 2889
3275 584
3276 1641
3277 407
3278 4888
3279 1473
3280 2824
3281 4815
3282 3686
3283 4750
3285 4386
3286 2098
3287 1412
3288 6496
3291 3944
3292 1741
3293 6514
3294 891
3296 4670
3297 3272
3299 5174
3300 6243
3303 4564
3305 6390
3308 1135
3309 2471
3310 6019
3311 6503
3312 5710
3314 833
3315 2166
3316 130
3317 5908
3318 3235
3319 5711
3320 805
3324 3716
3325 4343
3327 4179
3329 3877
3331 2531
3332 1349
3334 6501
3336 3641
3337 1410
3339 69
3340 572
3341 5669
3342 826
3343 5377
3344 3998
3345 3741
3350 463
3351 611
3352 715
3353 1006
3355 3374
3357 4234
3358 2961
3360 5637
3361 6553
3362 4410
3363 3650
3365 398
3366 6478
3367 2573
3368 2728
3369 317
3371 2826
3372 2213
3373 3468
3376 4739
3377 300
3378 528
3379 4410
3380 2885
3383 916
3385 6690
3386 1289
3387 4574
3388 2762
3389 715
3390 5904
3392 5563
3393 3021
3394 6457
3397 336
3399 6694
3402 4045
3403 799
3404 570
3405 1583
3406 656
3408 999
3409 6504
3410 4846
3412 2839
3413 139
3416 5837
3418 6558
3419 6359
3421 5658
3422 2021
3423 5953
3424 1177
3425 4427
3426 6131
3427 6047
3429 6771
3432 3141
3433 6163
3435 2968
3436 593
3437 396
3439 2894
3442 1483
3443 6638
3444 6758
3446 75
3451 1943
3452 4709
3453 4497
3456 6148
3458 2728
3459 388
3463 4205
3464 5792
3465 5863
3466 4400
3470 6557
3472 6411
3473 2970
3474 6446
3475 6690
3476 493
3477 4984
3478 2000
3479 6626
3480 181
3483 711
3485 637
3486 5704
3487 6595
3488 2521
3489 6676
3490 712
3491 4080
3492 1660
3493 5852
3494 4895
3495 1523
3496 3920
3498 2043
3499 840
3502 1361
3503 3395
3504 1142
3506 2123
3507 2095
3508 2819
3510 3535
3512 398
3517 5616
3519 6438
3520 1267
3521 6612
3522 2652
3524 4975
3525 6719
3526 6482
3527 6484
3528 3132
3529 5714
3530 3904
3531 1300
3532 3225
3533 1869
3534 3556
3536 4902
3538 5198
3539 74
3540 3882
3541 530
3542 510
3543 1477
3544 2071
3545 794
3546 4212
3548 2185
3549 1402
3551 6687
3552 5184
3553 2994
3554 5611
3555 5564
3559 1400
3562 4515
3563 2885
3564 1177
3565 3059
3566 4047
3567 6108
3568 5758
3569 838
3570 6711
3572 6272
3573 1188
3575 992
3576 2482
3577 4367
3578 3656
3579 366
3580 141
3582 1497
3583 2014
3586 5509
3587 3420
3588 74
3589 59
3590 4864
3591 3728
3595 6709
3596 867
3597 2911
3598 6053
3600 5437
3602 1114
3604 1990
3605 6308
3607 3650
3609 2297
3610 3272
3611 1305
3612 5474
3613 6518
3615 3785
3619 62
3620 3788
3621 407
3622 599
3623 5288
3627 6562
3629 5032
3631 6455
3632 686
3633 1840
3634 86
3636 4505
3637 1658
3638 4862
3639 2737
3640 2019
3642 6463
3643 1351
3644 1443
3645 4237
3647 728
3648 736
3651 3687
3653 3030
3654 1254
3655 6701
3657 4865
3659 5548
3660 1740
3662 2302
3663 1644
3664 6643
3665 4113
3668 1806
3669 6415
3670 4892
3672 6511
3673 6605
3674 3030
3675 4020
3677 970
3681 809
3682 1637
3684 5145
3685 4670
3688 774
3689 1102
3690 1956
3691 4332
3693 5975
3694 4406
3695 6716
3696 327
3698 2820
3700 1164
3703 1014
3704 4331
3706 1083
3707 1328
3708 1153
3709 6660
3710 6490
3714 4890
3715 4806
3717 1254
3719 5329
3721 2895
3722 6583
3724 4679
3727 2033
3729 6750
3731 6197
3732 2093
3733 6458
3735 6651
3736 6735
3737 6603
3739 3200
3740 5775
3743 2051
3744 2168
3745 3171
3746 3081
3748 2338
3752 5064
3753 3004
3754 4015
3755 4724
3756 3920
3757 1002
3759 1199
3760 21
3761 1356
3762 4631
3763 204
3765 1072
3766 2766
3767 3420
3768 5546
3769 615
3770 62
3771 1795
3772 6083
3773 2996
3774 1327
3775 2737
3776 6459
3778 2875
3782 6741
3783 4934
3784 3428
3786 3005
3790 3978
3792 1325
3793 3954
3794 4866
3796 6238
3797 6663
3798 6244
3799 5359
3800 59
3801 6424
3802 6673
3805 3124
3806 1026
3808 2676
3809 716
3810 473
3811 6245
3812 4137
3814 5925
3815 882
3816 4679
3817 2499
3818 919
3819 3270
3820 2970
3821 4343
3822 2190
3823 6493
3824 940
3825 342
3826 5056
3827 3954
3829 1048
3830 407
3831 3606
3832 481
3833 449
3834 2666
3835 3686
3836 6002
3837 3440
3838 4569
3841 5126
3842 3330
3843 4180
3845 2635
3846 142
3847 4546
3848 2893
3851 4520
3852 2554
3853 4515
3854 3844
3855 6540
3856 4187
3857 6685
3858 6616
3859 2495
3860 458
3861 4400
3864 5937
3865 3712
3866 6140
3867 4558
3868 4944
3869 3375
3870 4421
3871 1483
3872 787
3873 5213
3874 6616
3876 5360
3879 3550
3883 3136
3885 4888
3886 597
3887 4576
3889 2377
3892 6679
3894 917
3895 1040
3897 5905
3898 6583
3899 1248
3900 3942
3901 487
3902 5335
3905 1109
3906 2364
3907 6507
3908 6346
3909 1233
3910 5410
3911 5217
3912 1802
3913 672
3914 2634
3915 5597
3916 5304
3917 2139
3918 1741
3919 2531
3922 1577
3925 2667
3926 4070
3927 66
3928 1133
3929 2162
3930 6514
3931 1844
3932 150
3933 6703
3934 2494
3935 3253
3936 780
3937 5564
3939 4462
3941 1683
3943 1548
3947 5876
3949 4541
3950 6718
3951 2599
3957 5458
3958 1076
3959 4166
3960 5047
3961 841
3962 219
3963 2676
3964 1217
3966 6250
3967 273
3969 6559
3970 1188
3971 3850
3973 4460
3974 277
3975 4100
3976 1956
3977 2112
3979 748
3984 1376
3985 4518
3986 394
3987 6252
3988 2431
3991 5611
3993 5577
3994 4366
3995 6504
3996 5410
3997 5953
3999 6621
4001 6095
4003 4454
4005 2396
4006 4791
4008 6533
4009 3200
4010 6611
4011 2851
4013 6295
4014 3141
4016 6553
4017 1227
4019 470
4022 3789
4023 4806
4024 4346
4025 4429
4026 5642
4027 521
4029 2472
4030 6292
4031 6670
4032 6396
4034 676
4035 1317
4036 1914
4037 593
4038 995
4040 3509
4041 1021
4042 4815
4044 4133
4046 6752
4048 1231
4049 6385
4050 1747
4051 4359
4052 3006
4054 6595
4057 1977
4058 791
4059 6052
4061 117
4062 2656
4064 3043
4066 1074
4067 5580
4068 2894
4069 1947
4071 2846
4072 5469
4073 1281
4074 6579
4075 2334
4077 6709
4079 668
4081 6557
4082 1141
4083 3136
4084 6695
4085 712
4086 4583
4087 3356
4088 6240
4089 3713
4090 6489
4091 5837
4093 6587
4094 6028
4095 1128
4096 5073
4098 400
4099 4531
4103 5365
4104 1744
4106 870
4107 355
4108 1951
4109 3998
4110 6356
4111 3348
4112 2872
4114 2370
4115 801
4116 833
4117 5863
4118 6047
4119 6483
4120 5596
4121 3751
4122 3667
4123 2801
4124 3701
4125 5437
4126 1727
4130 3839
4131 6701
4134 837
4136 1334
4138 6571
4139 5202
4140 2590
4141 15
4142 2781
4146 3758
4147 2622
4149 712
4150 6519
4151 5245
4152 3968
4153 3137
4154 2825
4156 6485
4157 2247
4158 1304
4159 1225
4160 2023
4162 186
4163 957
4164 5852
4165 659
4167 6505
4168 6559
4169 688
4170 3137
4174 4770
4175 5512
4177 5373
4178 6610
4181 6647
4182 421
4183 1009
4184 4179
4185 4056
4186 819
4189 2258
4190 3217
4191 1477
4192 5425
4193 4343
4194 6587
4195 6396
4196 2421
4197 6421
4198 6062
4199 6750
4200 3004
4201 5504
4203 5876
4206 4295
4207 6740
4209 6671
4210 6704
4211 5201
4213 6770
4214 4739
4216 1305
4218 6478
4219 6442
4220 1300
4221 3349
4223 1327
4224 2863
4227 5849
4228 5063
4229 2756
4231 2100
4232 2492
4233 6625
4235 5580
4236 5339
4241 73
4242 3556
4243 5975
4244 6776
4245 2169
4246 1461
4247 6400
4248 6198
4249 4620
4250 2724
4252 1349
4254 5447
4255 3497
4256 5384
4257 209
4258 6040
4260 1006
4262 5563
4263 648
4265 924
4266 6238
4267 6733
4268 620
4269 2581
4270 2109
4272 6429
4273 826
4274 800
4275 6765
4277 333
4278 3455
4279 3840
4281 459
4282 2495
4283 3795
4286 2449
4289 1229
4290 5556
4292 5485
4293 5837
4294 2497
4296 3680
4297 6771
4298 3646
4300 1040
4302 2289
4303 412
4304 4367
4306 5101
4307 2785
4308 1740
4310 2137
4311 1999
4312 1133
4313 6577
4315 3734
4317 3252
4318 5760
4319 2762
4320 4454
4321 1976
4322 2368
4324 4670
4326 2825
4327 1233
4330 4316
4334 3431
4337 5727
4338 1466
4339 2957
4341 4367
4344 3252
4345 3005
4350 5658
4351 4143
4352 6725
4353 6308
4354 3106
4355 6356
4356 3628
4357 2217
4358 6616
4360 1841
4361 1744
4362 967
4363 6547
4365 2038
4368 2431
4369 122
4370 2923
4371 4781
4373 2870
4374 769
4375 6593
4377 552
4379 1947
4380 1781
4381 6600
4385 3738
4390 6504
4393 1267
4394 6521
4396 3877
4397 649
4399 2024
4401 1624
4404 1051
4407 6499
4408 453
4409 940
4411 3923
4412 4155
4413 2393
4414 4333
4415 2277
4416 5359
4417 3788
4418 6702
4419 2767
4420 2123
4422 957
4423 6487
4424 3290
4425 2193
4426 6526
4431 1493
4434 5842
4435 6710
4436 3728
4437 858
4438 1645
4441 1422
4442 3141
4443 4682
4446 5718
4447 639
4448 6004
4449 198
4451 5094
4452 2515
4453 2037
4455 2840
4456 60
4457 3066
4463 5068
4464 6394
4465 4579
4466 6726
4467 4724
4468 3081
4469 6443
4470 4864
4472 4896
4473 413
4475 1683
4477 1051
4478 5028
4480 3571
4482 1757
4483 6001
4484 2630
4485 2567
4486 2551
4487 5215
4488 670
4490 6754
4491 6439
4492 6306
4493 5957
4495 4856
4498 294
4500 281
4501 2178
4502 1839
4504 6089
4506 3955
4507 5311
4508 4222
4512 82
4514 5126
4516 899
4519 2893
4521 5778
4522 44
4523 3081
4524 4938
4527 4829
4528 724
4529 6500
4530 4230
4532 6542
4534 3518
4535 3081
4537 1443
4538 7
4539 1925
4540 6190
4542 2618
4544 995
4545 3828
4547 679
4548 2195
4549 2362
4550 5724
4551 4102
4552 1115
4554 3804
4555 773
4556 2046
4557 2461
4559 1850
4560 6062
4561 6625
4562 4950
4563 1465
4565 3027
4566 3650
4570 5707
4571 4515
4573 1747
4575 3692
4577 6606
4578 6013
4580 1359
4581 5210
4582 1700
4584 6467
4586 1183
4589 1115
4590 3593
4591 342
4592 4007
4593 65
4594 3558
4598 5128
4599 5288
4600 101
4602 1493
4603 4734
4604 3720
4606 232
4607 5002
4608 1772
4609 6347
4610 6688
4611 6572
4612 2885
4613 4230
4614 6672
4615 2875
4616 3225
4617 6103
4618 2180
4619 4881
4621 1760
4622 1596
4623 6542
4624 4595
4625 6781
4626 1781
4627 6460
4628 3747
4630 3040
4632 5843
4633 4039
4634 936
4635 962
4636 131
4638 6481
4639 5778
4641 5174
4642 5182
4643 1474
4644 1048
4645 4949
4647 1461
4648 2258
4650 750
4651 3178
4652 6258
4653 698
4654 6273
4655 2536
4657 3382
4658 3849
4659 130
4660 5512
4661 4597
4662 3972
4665 1289
4666 1781
4671 1224
4673 6586
4676 1422
4680 5441
4681 2553
4683 4349
4685 4959
4687 6458
4689 53
4690 5192
4691 6560
4693 2914
4694 3882
4696 4496
4697 3946
4698 4692
4699 6118
4700 4726
4701 1104
4702 3356
4703 4461
4704 5943
4705 800
4706 5760
4707 1209
4708 6669
4710 1002
4711 2168
4712 6623
4713 6686
4714 4846
4715 1606
4718 6772
4719 6316
4720 2370
4721 1214
4722 1474
4723 3471
4725 3601
4727 1575
4728 6731
4729 4670
4730 2395
4731 1142
4732 4742
4733 4295
4735 103
4738 6484
4740 5056
4741 1774
4743 3177
4745 6457
4746 6568
4747 2846
4748 5994
4749 5904
4751 1774
4752 811
4753 2961
4754 1521
4756 3431
4757 4787
4759 6130
4761 1400
4762 4161
4763 2437
4765 150
4766 5335
4767 3263
4768 6496
4769 3401
4771 3238
4774 6646
4775 2364
4776 972
4777 418
4778 809
4784 2343
4785 1042
4788 4646
4793 797
4794 4780
4795 165
4796 6047
4797 2289
4798 3558
4799 358
4800 1128
4801 904
4802 6488
4803 6691
4804 5912
4805 6503
4807 1207
4808 1690
4809 3126
4810 6543
4812 6668
4813 6500
4814 4382
4816 3940
4817 1074
4818 1741
4819 621
4820 1362
4821 4509
4822 3630
4823 6621
4824 622
4825 1671
4826 3749
4827 1087
4828 2815
4830 6175
4831 3989
4832 3184
4835 569
4836 3347
4837 4569
4838 3863
4839 2434
4840 3734
4843 4063
4844 6383
4845 3649
4847 6629
4848 1923
4849 868
4851 6545
4853 6050
4854 6557
4855 809
4859 6534
4861 631
4863 79
4867 5863
4868 2383
4869 6611
4870 6732
4871 6622
4872 5403
4873 1041
4874 1473
4875 101
4876 6010
4877 2893
4878 6114
4879 558
4883 5378
4885 6607
4886 1889
4887 5512
4889 6163
4891 1151
4893 4143
4894 1104
4897 2537
4899 3115
4900 4382
4901 6646
4904 406
4905 208
4906 5840
4907 2827
4908 778
4909 5411
4910 4957
4912 936
4913 2166
4914 5887
4915 1015
4916 6650
4919 3364
4920 1142
4923 82
4924 6532
4925 4402
4927 6238
4928 970
4929 4717
4931 4105
4932 1158
4933 736
4935 2553
4936 6534
4937 5843
4939 3359
4940 328
4942 6282
4943 2283
4945 1625
4946 881
4947 5402
4954 1444
4955 956
4956 4171
4960 2632
4962 599
4963 449
4964 5943
4965 5595
4967 4406
4970 493
4972 6233
4973 3616
4978 3992
4983 1233
4987 6163
4988 2603
4989 6292
4990 2724
4991 4295
4992 6689
4993 586
4994 837
4996 4856
4997 6601
4998 1444
4999 3400
5000 1808
5001 4063
5003 2822
5005 4597
5007 2741
5008 4779
5009 4944
5010 214
5011 5590
5012 1011
5014 6645
5015 6321
5016 917
5017 1197
5018 4674
5020 5213
5021 530
5023 5177
5024 3236
5025 4395
5027 6444
5029 6245
5030 431
5033 2826
5036 6583
5037 6772
5038 3635
5039 5603
5040 2622
5042 1990
5043 971
5045 6702
5046 5564
5048 5403
5049 6551
5050 2208
5052 4391
5053 6007
5054 2471
5055 4382
5057 6316
5058 139
5060 5201
5065 4716
5066 463
5069 3447
5071 4226
5072 1188
5074 785
5075 3795
5076 1593
5079 558
5080 881
5081 6566
5082 2289
5083 5680
5084 6131
5085 2331
5086 1313
5087 4640
5088 4166
5089 4215
5091 5545
5092 1191
5093 2058
5096 1085
5097 2079
5098 2932
5102 5499
5104 5818
5105 3462
5106 5230
5107 3992
5108 5304
5109 4261
5112 5855
5113 3981
5114 6148
5115 2303
5116 2095
5119 4063
5120 4975
5121 2166
5122 224
5123 4092
5125 3177
5129 3646
5131 2043
5133 1780
5134 1158
5135 3428
5136 3072
5137 3692
5138 307
5139 4070
5140 3115
5144 4204
5146 5117
5147 5411
5148 6729
5149 1217
5152 6683
5155 962
5156 406
5157 3616
5158 6757
5159 6714
5160 2137
5162 3415
5163 5822
5165 1912
5167 2840
5168 3787
5169 5095
5170 6616
5171 796
5173 2206
5175 227
5178 2130
5179 6772
5180 666
5181 2492
5183 6212
5185 418
5186 2095
5188 2717
5189 1114
5190 2231
5191 1807
5194 3780
5195 23
5196 6455
5199 4347
5200 5261
5203 6400
5204 5244
5205 5792
5206 3005
5207 6131
5208 3290
5211 6463
5214 4427
5216 1956
5218 86
5219 5764
5220 2053
5221 6051
5222 4388
5223 2737
5224 2762
5226 1349
5227 5636
5229 2433
5231 4864
5232 2269
5234 6757
5237 6358
5240 2053
5241 577
5242 2383
5243 798
5246 3428
5247 1332
5249 6615
5251 5197
5252 1990
5253 3697
5254 2033
5255 773
5256 6167
5257 5384
5258 2652
5260 4291
5263 74
5264 5523
5265 3230
5267 1600
5269 3880
5270 2651
5273 1968
5274 6490
5277 1058
5278 1209
5279 1445
5280 2395
5281 1760
5282 831
5283 2539
5284 1107
5285 2190
5286 6626
5287 3021
5289 2676
5290 5580
5291 104
5292 6212
5293 193
5294 3178
5295 291
5296 525
5297 113
5298 3557
5299 5128
5300 6391
5301 3882
5305 1014
5306 5730
5307 6575
5308 6625
5309 5437
5310 5341
5312 191
5313 1402
5315 5215
5316 5829
5317 6246
5318 953
5320 3956
5322 2711
5324 5303
5325 1268
5327 3952
5328 5603
5330 6663
5331 2708
5333 1870
5334 716
5336 1036
5337 4926
5338 6392
5340 599
5342 1637
5343 6620
5344 889
5345 5780
5346 6224
5347 3728
5348 4860
5349 1774
5350 6528
5351 6657
5352 5275
5353 6645
5354 35
5356 2096
5358 3391
5362 1915
5364 6716
5366 1907
5368 6403
5369 4020
5371 2685
5372 1783
5374 101
5375 6480
5376 686
5379 69
5380 3455
5381 5068
5387 3139
5388 4372
5390 4288
5392 5658
5394 1174
5395 1361
5396 25
5397 1001
5398 5635
5399 323
5400 4930
5401 1176
5404 6580
5405 304
5406 3585
5407 740
5412 1378
5413 6714
5414 2031
5415 2178
5416 439
5418 1807
5419 3411
5420 6463
5421 3785
5422 5385
5423 130
5424 6711
5426 3158
5427 3702
5429 4525
5430 5439
5431 6429
5432 3140
5433 6561
5434 6174
5435 881
5436 6101
5438 1774
5440 62
5442 6004
5444 5425
5445 6585
5446 2755
5448 3008
5449 3384
5450 2653
5451 4012
5453 3954
5455 3177
5457 6388
5459 5977
5461 593
5462 6541
5463 1719
5464 5577
5465 6429
5466 6778
5467 1645
5468 1422
5470 1323
5471 4941
5472 2340
5473 778
5476 6718
5477 199
5478 4080
5480 4271
5483 1615
5484 3712
5487 354
5489 6316
5490 1716
5492 2934
5493 5359
5494 1876
5495 6519
5496 5904
5497 6125
5500 82
5501 6654
5502 6596
5503 1917
5505 967
5507 6262
5508 2309
5510 4172
5511 5600
5513 66
5516 6543
5519 2814
5520 2102
5521 3033
5522 5382
5524 6618
5525 2338
5526 586
5527 584
5529 5953
5531 4461
5532 6019
5533 3171
5534 5594
5535 4405
5536 3232
5537 6528
5538 23
5539 5597
5540 6476
5542 4471
5543 1345
5547 2123
5550 3788
5551 4865
5552 1136
5553 6143
5554 2518
5555 2084
5557 2741
5558 3863
5560 1085
5561 6166
5566 1489
5567 3330
5568 197
5570 459
5571 1714
5573 891
5575 1040
5576 676
5581 805
5582 407
5583 1147
5585 6692
5586 2915
5588 3593
5589 6490
5591 1523
5592 2983
5598 5840
5599 680
5601 3515
5602 3356
5604 5326
5605 4462
5606 5153
5607 3238
5608 2521
5609 336
5610 6549
5612 6648
5613 1607
5614 6611
5617 687
5618 3992
5620 1314
5622 3033
5623 2531
5624 6719
5625 623
5628 3184
5629 4028
5630 6420
5631 2631
5632 6130
5633 5619
5634 6472
5638 4176
5639 6483
5640 6748
5641 6775
5643 5128
5645 990
5646 3726
5647 6626
5649 3998
5650 3149
5651 6408
5652 3460
5653 629
5654 6122
5655 94
5656 3356
5657 6680
5659 851
5660 683
5662 6520
5663 3137
5664 2596
5665 6534
5667 2489
5668 1327
5670 6730
5671 4782
5673 3646
5674 689
5675 6644
5677 2403
5682 5172
5683 6679
5684 3215
5687 6032
5688 464
5689 3253
5691 193
5694 4569
5695 6772
5696 6502
5698 2695
5699 418
5701 3338
5702 4458
5706 2257
5708 1619
5709 6552
5713 5616
5715 1945
5716 5994
5717 2863
5719 1396
5721 1134
5722 2696
5728 5587
5729 4949
5731 102
5734 2205
5736 4806
5737 350
5738 4829
5739 3515
5741 744
5744 1943
5746 4984
5750 6723
5751 5130
5752 4833
5753 5090
5754 4450
5755 6053
5756 2193
5757 236
5759 1663
5761 4842
5762 1402
5763 711
5765 1128
5768 956
5769 6700
5771 1090
5773 4127
5774 644
5776 4336
5777 2403
5781 6486
5782 3462
5783 2590
5784 1741
5785 5808
5786 2358
5788 970
5789 2886
5790 4678
5791 2696
5793 4862
5794 2961
5795 6677
5796 2483
5797 5335
5798 3850
5799 2676
5800 3328
5801 1191
5802 4230
5803 1474
5805 2123
5806 6469
5807 4180
5809 5013
5810 4951
5811 3031
5812 5904
5813 2486
5814 2098
5815 6166
5816 3144
5817 3728
5819 1191
5821 4226
5823 852
5824 5013
5825 2914
5827 999
5828 5820
5830 5627
5831 300
5832 328
5833 4790
5835 4572
5838 2588
5841 4620
5844 3791
5845 1257
5846 2277
5851 6399
5853 3557
5854 6752
5856 3158
5857 2657
5858 3728
5860 4953
5861 4340
5862 4959
5865 6562
5866 4364
5867 6524
5868 6135
5869 3649
5870 1083
5872 693
5873 4276
5874 3785
5875 3359
5877 198
5878 5377
5879 3447
5880 3646
5881 1461
5882 1727
5884 3747
5885 5047
5886 6462
5888 2393
5889 5616
5890 6784
5891 339
5892 1199
5893 1715
5894 2801
5895 4113
5897 339
5898 6675
5899 6222
5900 2315
5901 3725
5903 5103
5906 4620
5907 4620
5909 3232
5910 3968
5911 2112
5913 5852
5917 256
5918 1001
5919 5128
5920 3085
5921 128
5922 1359
5923 1096
5926 5985
5929 1300
5930 1683
5931 2368
5932 6015
5933 1694
5934 2656
5935 4359
5936 4332
5938 4918
5940 317
5941 1990
5942 3304
5944 333
5946 1077
5948 359
5949 6707
5950 4129
5956 2722
5958 6627
5959 6303
5960 1229
5961 5792
5962 15
5963 567
5964 2098
5965 4895
5966 3734
5967 6562
5968 970
5969 6699
5970 2471
5972 4692
5973 2096
5974 635
5976 4427
5978 6461
5979 681
5981 3328
5982 1566
5983 5425
5984 3205
5986 2098
5988 2996
5989 916
5991 5705
5992 6423
5993 4238
5995 2982
5996 446
5997 589
5998 2279
5999 6250
6000 4342
6003 5063
6005 1227
6008 4503
6009 3236
6011 6706
6012 2785
6014 4982
6016 3584
6020 2813
6021 3777
6022 1349
6025 6619
6026 5820
6027 1169
6030 2728
6031 5792
6033 6438
6035 6644
6036 4144
6037 4406
6039 6403
6042 435
6043 1139
6044 6452
6045 5850
6046 1792
6048 2459
6049 5409
6054 6595
6055 1257
6056 6572
6057 2331
6058 4499
6061 3747
6064 2257
6065 146
6066 2846
6067 5095
6069 6645
6070 5235
6071 956
6073 5073
6074 358
6075 6140
6076 2814
6077 2306
6078 6326
6079 1105
6080 5775
6081 3441
6082 5150
6085 210
6086 3625
6087 4536
6090 1152
6091 5871
6092 2136
6094 5323
6096 6732
6098 3641
6099 4739
6100 6484
6102 4637
6104 6617
6106 6521
6109 4305
6112 6654
6113 5047
6115 6583
6117 4637
6119 468
6120 6739
6121 4284
6123 1615
6124 4333
6128 5166
6129 621
6132 6421
6133 6695
6134 1047
6136 2618
6137 1085
6138 6162
6139 3128
6141 1758
6142 2100
6144 4332
6145 1275
6146 1489
6149 1844
6150 211
6151 2590
6152 6227
6153 5059
6154 958
6155 4688
6156 6550
6157 6675
6158 1075
6160 4043
6161 6389
6164 5947
6165 6108
6168 5479
6169 615
6170 2190
6176 3039
6178 2696
6179 4367
6180 5635
6181 4842
6183 4884
6184 2839
6185 2023
6186 3924
6187 2037
6189 6743
6191 881
6192 5681
6195 6367
6201 328
6202 5411
6203 2727
6205 1320
6206 339
6209 6208
6210 5126
6211 4101
6214 1641
6215 496
6216 4880
6218 6518
6219 2215
6220 5154
6226 896
6228 6312
6229 4127
6230 5747
6231 5068
6232 567
6236 3347
6237 919
6239 6763
6241 5912
6242 4021
6247 3445
6248 5059
6249 1267
6251 5373
6254 2300
6255 4583
6257 5619
6259 3680
6260 964
6263 675
6264 2494
6265 2983
6266 4787
6267 378
6268 5685
6269 5245
6270 3040
6271 2996
6274 1856
6276 1494
6277 6483
6278 1012
6280 6749
6281 6367
6283 3948
6286 4779
6287 1112
6288 638
6290 3946
6291 3407
6293 676
6294 4462
6296 1683
6297 6474
6298 17
6299 6478
6300 6093
6301 6548
6302 5150
6304 597
6305 697
6307 1042
6310 334
6313 3535
6314 4509
6315 6737
6319 1535
6322 6196
6323 6370
6324 4427
6325 4531
6327 2054
6328 6542
6329 286
6330 2489
6331 6436
6332 5365
6333 819
6334 1076
6335 1751
6336 4770
6338 2104
6339 2778
6340 1114
6344 2903
6349 2764
6350 693
6351 5142
6352 5385
6353 5563
6354 4938
6355 6227
6360 929
6361 596
6362 6624
6364 1199
6366 6689
6368 4921
6369 1112
6372 1803
6373 2627
6374 2195
6375 6131
6376 3514
6377 3346
6378 6403
6379 5818
6380 4755
6381 4076
6382 4301
6386 6436
6398 3983
6402 6777
6404 1714
6405 2825
6406 2156
6407 6469
6409 6440
6410 6535
6412 2815
6413 3667
6414 5452
6417 6734
6419 4234
6422 6646
6425 3791
6427 4884
6428 1687
6432 4429
6433 2606
6434 6627
6435 3313
6785 6718
6786 3043
6787 4950
6788 4884
6789 796
6790 2555
6791 572
6792 4445
6793 1682
6794 1501
6795 3625
6796 6609
6797 1211
6798 3307
6799 6167
6800 4329
6801 273
6802 143
6803 2696
6804 2078
6805 3505
6806 5808
6807 139
6808 4677
6809 6190
6810 1332
6811 654
6812 5329
6813 459
6814 1412
6815 236
6816 6748
6817 3172
6818 6554
6819 6444
6820 2812
6821 1575
6822 1317
6823 398
6824 1136
6825 1583
6826 3749
6827 1109
6828 6728
6829 2919
6830 2747
6831 1268
6832 1497
6833 2772
6834 6710
6835 3270
6836 2961
6837 4684
6838 4546
6839 4376
6840 444
6841 3224
6842 4948
6843 6592
6844 5271
6845 615
6846 4348
6847 185
6848 2596
6849 6683
6850 4276
6851 6122
6852 6167
6853 6401
6854 3099
6855 4348
6856 5779
6857 6729
6858 2024
6859 6316
6860 1051
6861 6107
6862 635
6863 6013
6864 4316
6865 2024
6866 3614
6867 487
6868 6452
6869 4430
6870 2169
6871 1839
6872 1083
6873 4070
6874 6486
6875 3687
6876 5378
6877 3571
6878 4921
6879 3904
6880 61
6881 6495
6882 6581
6883 1583
6884 1009
6885 1523
6886 2596
6887 5711
6888 5546
6889 2237
6890 62
6891 999
6892 6508
6893 38
6894 6713
6895 1685
6896 2618
6897 4238
6898 378
6899 2340
6900 2031
6901 1979
6902 3954
6903 3033
6904 6175
6905 2635
6906 1735
6907 3232
6908 5026
6909 930
6910 3298
6911 5712
6912 6713
6913 55
6914 4230
6915 4205
6916 6371
6917 2370
6918 198
6919 4215
6920 3010
6921 4569
6922 3066
6923 2090
6924 2061
6925 388
6926 4679
6927 2609
6928 6698
6929 841
6930 5409
6931 4421
6932 1351
6933 1477
6934 5914
6935 2776
6936 1151
6937 6167
6938 5090
6939 6773
6940 1876
6941 6233
6942 4791
6943 1568
6944 5357
6945 2058
6946 2213
6947 6544
6948 1782
6949 4944
6950 6575
6951 5177
6952 1840
6953 1474
6954 1177
6955 1566
6956 3828
6957 724
6958 3701
6959 2053
6960 452
6961 1947
6962 6196
6963 4007
6964 909
6965 839
6966 1359
6967 3384
6968 4656
6969 3348
6970 6588
6971 6714
6972 6495
6973 824
6974 2507
6975 3585
6976 1072
6977 6719
6978 339
6979 1420
6980 6768
6981 5454
6982 779
6983 3550
6984 2216
6985 2357
6986 2378
6987 6431
6988 6040
6989 193
6990 1659
6991 1402
6992 2130
6993 3375
6994 5808
6995 3515
6996 3364
6997 6384
6998 2044
6999 6676
7000 4724
7001 678
7002 6657
7003 5128
7004 6669
7005 2102
7006 2352
7007 2482
7008 355
7009 6569
7010 6108
7011 4378
7012 5787
7013 1566
7014 2090
7015 6750
7016 5518
7017 4301
7018 580
7019 6580
7020 659
7021 2475
7022 4251
7023 2915
7024 6754
7025 615
7026 6643
7027 2968
7028 510
7029 1056
7030 1641
7031 76
7032 1011
7033 3090
7034 6708
7035 903
7036 3010
7037 2497
7038 2749
7039 6483
7040 6256
7041 5402
7042 6416
7043 683
7044 6563
7045 6306
7046 6487
