3575 4
3060 79
6965 13
5632 79
7009 0
4659 12
1554 89
6365 49
3140 46
6596 45
215 32
4053 82
2228 79
6963 66
734 2
6674 37
6521 27
6099 69
5488 54
2686 54
7027 66
6316 34
3880 62
6656 31
1948 43
4545 9
3277 82
12 21
2410 85
6114 41
6196 28
3013 31
3716 84
2839 67
1659 43
4168 8
6897 6
6659 22
6973 23
6919 34
6833 9
5256 21
3011 46
6246 36
1031 89
6460 27
3234 49
5742 92
6415 48
5615 24
3479 36
6444 88
6660 45
2907 42
7024 27
6840 21
5612 12
431 23
4228 79
2511 34
6192 32
4744 12
4787 79
5708 82
6291 19
2347 34
6434 7
5410 22
5095 36
1596 79
4315 16
6945 19
6982 19
5925 43
2004 5
5914 54
5171 0
6950 7
6627 16
7031 5
5628 59
3041 95
7037 5
1367 2
5831 69
6770 11
7020 1
540 82
6907 1
6839 15
7017 15
5452 5
6807 8
100 21
3870 13
2726 8
4270 49
5650 8
