6820 16
5764 43
2538 27
2421 3
6853 21
1809 29
6832 73
461 23
5515 84
2148 62
695 48
5528 21
317 88
3134 21
1128 56
5171 9
5443 53
3781 21
815 51
4705 78
638 84
4021 72
1356 63
6567 26
5692 79
205 72
6792 1
1388 43
6130 81
6934 21
339 58
1242 42
1389 30
7016 25
6783 28
5815 60
6800 20
606 89
4583 61
6501 52
5452 8
2334 23
6175 7
6046 39
540 23
3769 22
6063 33
1635 41
1641 84
5258 9
1870 57
2136 25
1107 79
6241 21
1389 30
6825 8
6883 54
957 23
7007 15
2063 38
6942 35
568 40
2078 63
5303 79
6615 54
929 21
2717 20
1507 66
6803 53
2818 36
1782 85
5339 41
3066 21
5759 30
6660 31
330 92
6946 47
588 63
108 37
4629 49
3300 25
6606 40
2923 74
3501 89
5669 37
4012 3
6983 13
6880 49
6859 51
6358 66
5518 46
797 79
1454 56
811 54
6326 44
3592 63
1706 20
575 94
2471 23
2243 70
3100 52
6682 52
2148 83
1361 71
6543 38
2668 36
1971 20
3441 76
3032 23
1507 46
6975 9
1809 83
2535 79
4215 54
6326 36
786 56
6906 17
316 23
468 57
1719 39
5041 76
4100 23
4445 54
1536 79
6562 54
3726 81
2535 78
5419 36
6363 42
2391 85
5864 54
2342 56
6821 7
5099 12
381 67
3512 67
3887 38
4655 5
1390 23
6365 39
2292 51
2623 44
6999 15
1717 39
6940 2
6477 41
5685 60
6814 19
6879 1
6252 22
6501 58
4663 51
6481 35
468 64
5791 12
3687 42
2454 54
1765 45
2781 43
296 86
6007 84
6358 56
4834 27
3675 26
5714 36
6365 41
1555 57
3697 63
5951 57
6544 24
2104 68
922 22
6363 44
1746 21
2410 57
2154 9
4934 24
4399 20
5041 88
1068 21
1079 85
1230 56
7008 1
2631 50
106 79
2923 8
5545 85
5834 36
2747 79
5271 45
5652 84
2990 53
3965 36
4742 65
722 40
52 63
3982 58
3313 7
3799 24
3158 44
1637 36
1229 23
1690 71
2024 96
4021 74
6918 38
572 72
6949 7
1663 23
5434 47
6292 57
2184 7
3719 86
6972 21
6864 14
5742 80
1294 57
5028 58
6885 32
360 23
5126 58
1368 84
6832 20
5937 21
6596 36
597 60
6773 17
1388 41
5263 51
1179 48
3516 45
3093 51
6252 29
1591 60
2594 52
2021 60
6572 8
5808 8
3383 57
106 79
3826 7
6442 25
108 54
5557 69
1427 36
7019 1
5705 56
3599 79
114 53
5869 21
3070 80
6786 17
1179 23
90 79
6345 22
6682 86
4733 21
4673 37
4629 38
889 53
1765 40
3027 79
1359 12
2907 38
6865 1
6942 9
2127 45
1271 63
3398 79
6422 9
3448 85
4454 64
4042 55
3628 63
5546 46
6974 3
649 20
6506 21
1390 53
6918 6
315 63
3852 69
991 63
6790 53
2888 69
4212 54
205 24
6446 36
1659 21
1630 12
1000 79
5250 37
3158 36
4603 53
5937 41
6751 31
5219 54
2138 30
969 96
5280 62
3008 44
2749 79
580 40
5142 57
569 42
3769 18
6900 1
4417 20
4417 63
5837 23
5285 70
418 63
6710 5
3540 28
1352 39
6972 17
1783 77
5859 64
6880 15
252 67
5676 20
6999 31
5177 21
3606 57
6013 21
2258 79
3134 42
1974 84
3261 48
2907 40
661 43
826 78
5914 54
5987 56
796 87
736 36
216 64
374 58
3758 21
6876 7
6869 4
3130 81
4918 21
6190 40
2050 60
5271 21
5237 38
1179 56
3438 83
2971 13
6310 12
712 53
3495 39
2066 36
6752 9
250 96
6506 23
6192 17
2127 44
143 43
6832 19
6180 23
6564 14
580 40
43 25
6295 52
1733 21
4982 72
805 68
6358 58
2672 56
2541 12
4752 38
3359 53
6784 4
5603 47
932 22
1329 70
5915 52
748 58
6942 39
2704 40
6782 5
6971 15
5676 46
6316 12
2063 7
4195 68
260 57
3468 60
824 92
6961 8
5780 44
740 51
4976 40
4284 23
3121 21
1222 61
2136 63
5791 46
3178 56
1175 21
5142 17
2521 56
1732 87
6358 63
5593 55
3826 53
2254 39
3411 21
4217 21
5461 5
5518 51
6934 8
403 20
912 46
4444 45
5560 84
6798 7
3047 60
1608 22
740 67
205 4
1183 96
1238 21
3719 36
5227 11
4849 0
2890 67
2766 63
6660 31
3931 46
6731 21
690 56
1209 79
5142 78
5579 0
6888 33
108 47
418 62
4387 85
3119 48
786 79
1020 56
1829 79
5676 37
4862 25
5325 54
6943 25
5708 82
677 47
2648 82
2334 4
1127 42
1550 45
3347 12
6326 31
5153 63
6758 22
2484 38
826 63
1877 56
6824 46
653 57
924 63
3261 84
232 56
2594 44
5280 66
5419 39
6285 45
5736 36
641 51
6660 34
3292 33
493 60
4497 53
5764 21
3359 22
2136 21
6389 14
76 40
2646 43
6907 3
3027 65
3999 79
2649 20
289 67
4976 64
4299 21
317 90
5099 54
6345 79
2623 38
4583 67
6821 1
4564 32
6258 30
6721 40
889 22
748 39
2634 60
2410 85
6832 44
6363 20
6823 5
2961 54
4752 53
1352 47
5325 41
5323 58
1916 83
4170 21
4060 42
5895 59
3731 23
920 64
3793 42
5647 40
1686 68
6954 13
6956 3
4496 95
6803 28
570 93
6749 63
1016 60
99 58
3513 67
6682 40
6984 3
2973 60
6930 40
4417 46
1475 21
543 40
1789 46
1035 51
1686 88
3793 79
6814 21
4649 56
2154 37
6501 67
574 80
659 2
4769 42
3581 86
574 39
6624 39
2066 40
2154 36
6135 40
4836 79
3701 53
6285 81
3290 84
3606 38
1135 58
2460 38
256 81
5432 85
1916 63
5704 72
2682 64
493 63
3468 62
1968 49
6790 7
659 77
269 80
5864 79
2531 51
957 57
3628 67
2309 46
3887 39
3599 54
3852 46
3402 27
5900 54
6803 46
1536 12
5628 57
5676 8
4769 62
3769 29
60 64
468 79
131 12
4583 21
4858 26
4323 7
31 83
1454 79
722 40
199 85
659 58
7011 3
577 39
99 85
4543 53
6903 4
1031 59
1051 23
4125 21
2617 11
2492 23
757 56
3730 81
4679 38
2617 38
2066 26
4733 54
6429 27
5166 9
7043 7
2598 96
5760 39
3845 33
3742 23
649 20
7044 2
1421 42
6358 62
950 21
2790 65
4430 39
580 21
4323 54
3270 57
6644 42
1634 9
2154 64
5090 66
1722 67
6415 38
3512 81
6914 5
205 89
6866 9
3574 37
3402 25
3505 87
1653 61
5545 84
3027 60
3121 20
10 50
6999 40
3349 51
3931 48
4536 54
6543 23
1308 35
403 43
6860 26
6282 54
3162 84
5725 51
5937 79
712 37
459 53
4367 57
5325 47
5035 67
5339 29
1889 38
1595 21
5204 59
3058 8
5952 57
6770 35
6414 33
5692 21
5690 36
3758 40
6799 81
6044 22
2840 86
5060 43
6946 17
505 60
1890 22
1079 57
6046 20
6873 38
5724 26
1968 36
3104 94
471 23
1079 84
2407 53
2973 60
64 87
5685 20
3497 84
6544 36
6824 79
6841 2
2980 38
2136 56
690 77
6751 8
6152 8
2193 73
649 33
6794 1
4222 56
2174 25
6363 55
889 24
826 63
2646 53
2890 60
41 36
6716 8
1714 23
3383 43
3999 56
1413 63
6822 22
4949 51
4553 84
786 58
4288 83
6026 53
6800 28
339 85
3359 21
2874 46
6682 53
4171 56
205 70
5924 38
4476 58
4515 60
4900 51
999 58
1727 82
2952 83
2334 57
4325 22
6960 15
4979 19
5808 23
3093 23
5724 57
4216 3
339 84
5417 14
6886 15
6475 5
6972 20
3965 21
4314 44
3522 42
4301 9
3506 57
5736 51
5587 65
465 39
1619 21
718 78
2049 23
7024 0
378 50
2243 94
6975 34
6345 79
644 3
1653 84
715 11
5831 25
3602 25
6446 21
2686 37
6345 79
5937 45
7003 6
4033 51
4042 45
843 56
201 38
3209 36
4949 41
2620 12
593 57
3513 58
459 35
6345 53
1095 56
2298 23
5925 51
6109 85
6285 61
2254 63
31 60
5061 37
3639 58
5212 84
1068 20
2618 49
2021 54
2219 23
2136 36
6416 36
843 10
2054 39
5432 79
3968 60
6036 9
1579 60
439 56
3823 57
6551 25
2934 59
455 58
2800 21
3354 43
5302 56
1889 37
6864 51
6873 21
5767 63
5548 4
3010 6
6986 8
1115 76
2005 58
3999 95
1641 57
2755 51
6880 40
6824 40
1908 5
1027 46
6595 25
4376 36
455 79
3960 20
6292 21
659 75
5263 21
5924 53
4459 25
842 57
6358 63
4679 46
5731 1
519 51
5025 60
4128 84
3205 54
4311 37
3791 71
1035 38
5124 40
6776 30
284 63
5637 21
4647 54
5285 51
6038 37
1524 64
5708 57
316 56
2050 78
114 84
6932 1
5220 58
2942 37
6809 58
2237 38
2471 47
5499 81
76 54
317 72
2154 63
1782 58
6884 3
2112 21
5432 49
2482 65
421 87
3497 58
3738 65
889 51
1630 25
6824 63
106 21
2005 68
3799 22
6387 58
6358 60
506 63
1051 67
6971 15
3719 71
6416 37
487 21
3965 37
6241 21
2766 84
14 37
5528 85
5635 40
1783 80
2137 78
267 38
6358 60
6958 2
2078 23
6982 7
1714 23
2655 54
2136 47
1974 85
1829 84
65 48
12 23
290 69
4663 54
4684 66
130 60
6685 7
2781 83
6814 5
5280 21
621 53
14 41
2529 51
4063 30
626 7
4407 50
6730 8
6884 3
6932 34
3167 8
2454 47
5652 85
2136 0
2482 60
2054 40
6013 54
6832 53
5006 33
6104 83
6682 39
4948 64
1151 91
4063 42
1027 38
1550 60
6052 21
6445 65
1158 21
1483 67
6784 5
3236 62
5100 67
630 60
661 36
157 82
5166 56
2705 7
5384 56
6535 4
1327 43
2618 56
931 60
4257 22
130 82
403 46
4742 68
5937 58
5303 72
2650 40
5989 27
1458 42
5094 56
6544 40
3134 53
4551 84
641 12
3667 79
5338 63
2800 58
3012 79
6104 78
5937 37
2959 79
7029 7
6726 4
2816 11
1686 91
1889 40
657 53
1968 40
5780 52
3070 51
6718 58
1802 23
620 84
4900 54
5127 21
1420 63
2993 80
6326 24
4596 39
6467 28
5006 54
1533 67
1595 21
2595 55
1074 59
3574 57
4884 21
2820 40
6135 46
4314 50
6580 42
1576 21
5580 53
6924 8
2492 47
1430 55
2555 56
5132 37
5837 23
315 94
6896 13
2454 41
6429 31
3769 28
2831 41
4195 55
4679 36
3972 0
6166 25
319 71
1245 12
5565 33
2737 39
6955 1
6999 87
433 23
69 21
2947 21
3614 38
6969 28
3570 57
6909 6
5006 36
32 53
3391 68
3090 79
2522 21
6487 37
199 70
106 79
3703 63
3134 44
2118 40
580 23
530 79
6887 7
702 39
4705 79
4881 84
935 54
6252 39
3852 76
6390 23
3271 20
570 70
1095 58
2292 21
513 21
2148 60
5153 61
2454 49
2993 41
543 5
5578 31
22 21
4325 21
5395 40
1518 58
3521 53
3745 46
3354 63
1421 63
5341 39
1074 40
6718 56
2433 74
6944 9
686 79
2737 39
5652 50
957 83
3188 28
6659 31
1352 85
1183 92
6977 9
3236 50
6613 57
2550 63
6687 39
3769 12
1727 64
3726 60
4742 85
4736 56
2058 64
6800 56
1142 70
3398 62
41 37
4191 11
6900 17
1251 57
1127 39
5652 64
1035 51
868 63
805 70
2650 25
2342 42
6837 17
1607 21
6832 26
139 21
415 85
593 61
6038 51
463 23
3121 40
4934 84
5250 36
6152 9
455 65
1180 60
6130 81
4027 21
23 38
5035 79
3731 79
680 21
6783 31
4666 36
339 55
2433 79
1245 39
5200 44
1916 67
3133 38
2737 39
4705 42
2454 55
3349 53
4128 56
4222 56
2005 72
6596 31
1300 49
1351 56
1691 7
2952 64
2618 65
1229 38
5115 36
5829 51
649 22
2768 40
4941 25
6317 4
3419 85
5669 36
2695 21
2533 79
3106 78
223 12
5998 58
1136 79
1990 65
3236 49
5360 54
6898 9
1566 65
520 58
712 54
5814 0
6814 53
3751 63
6326 52
1020 23
6721 9
4787 21
2127 51
5059 26
5198 68
2538 30
586 36
6889 53
3669 21
4391 45
881 38
1167 36
6572 0
2239 21
3134 20
6926 9
1137 67
5749 46
3359 51
5688 3
3106 63
4958 69
890 21
5153 39
940 39
649 43
6580 21
3277 63
4217 38
5494 51
1557 63
2434 83
5142 38
506 52
1638 21
5597 85
661 42
3236 80
4844 51
6238 39
597 60
5285 39
472 78
2100 80
6371 87
6367 58
3719 37
1550 13
7033 5
4633 54
5360 25
6880 11
6794 26
1083 21
468 67
6533 58
957 39
5546 54
4100 42
5692 53
1464 23
4332 58
2952 85
4862 70
3788 42
2923 59
2373 57
892 22
4934 46
4715 53
743 73
216 63
937 88
6837 9
681 12
1567 21
5602 85
5285 70
1278 47
6689 1
6842 2
5499 10
2764 45
3273 8
6572 8
2221 38
3713 51
918 85
6859 37
6234 21
6596 24
5742 56
852 53
1024 54
4458 4
6501 69
5025 79
6872 1
471 20
3315 65
2634 54
5736 39
1011 90
839 20
2454 37
3008 38
2631 36
3058 22
2788 51
1714 51
4224 43
6849 41
677 40
1009 63
6883 9
2756 51
5385 54
3042 49
6544 35
3521 54
574 57
1454 79
1722 58
2721 16
4742 56
5271 41
6104 60
4398 33
3960 21
6175 74
139 60
748 39
3252 47
284 88
1518 79
6888 3
4102 58
3143 51
757 74
4191 32
4314 40
593 65
3090 82
878 46
2104 8
1359 29
6813 4
5132 21
6310 40
1775 46
6915 59
1107 86
4898 25
3027 57
1454 58
6910 16
5662 21
1326 46
139 53
957 55
1916 69
5515 56
1714 2
3713 21
6783 38
6825 10
5596 56
2449 48
89 42
5006 38
5286 7
361 79
1183 88
165 70
1368 86
5937 56
2755 40
5437 61
4391 42
6824 35
6983 3
6907 18
4417 69
3468 56
2617 83
5760 40
5731 9
6344 84
1519 8
5847 23
1721 42
1312 82
2637 63
4733 37
5731 21
5732 38
6359 40
6477 79
6548 45
4836 79
132 66
22 48
316 39
504 23
1515 37
4742 67
6897 3
5365 15
3279 24
3315 13
2746 39
2746 38
1312 85
6292 28
668 25
1904 36
4975 53
6125 37
2755 54
3921 54
4332 57
6978 9
4410 0
903 20
2309 37
6946 49
1430 40
6504 28
2952 79
2781 86
6436 43
668 43
702 12
4705 79
5258 21
418 60
1719 54
3279 21
6501 3
1533 67
4040 3
3209 36
6942 29
1678 38
3581 23
2842 32
580 20
6316 30
6803 0
657 21
681 37
558 52
4647 57
3871 21
5013 72
2655 79
3785 64
6295 51
4734 27
7016 17
2156 76
3047 23
6870 1
76 39
1300 39
6975 37
5454 56
1158 81
2618 55
317 96
6914 3
1849 37
5245 60
6855 0
1420 70
1238 67
6803 14
2100 66
5338 62
4445 45
2943 62
6913 25
2391 85
1295 50
459 39
2090 56
6415 55
2973 58
3669 36
1619 21
705 67
6438 37
4679 21
4673 44
2001 56
5177 52
267 21
1229 49
1782 79
2609 42
4918 37
7030 2
797 67
3675 29
6992 1
2221 37
3089 23
3686 39
366 70
2790 69
261 21
6831 20
560 21
1016 79
3965 38
6849 9
5808 38
3261 60
1518 63
1194 21
3273 51
6842 8
3412 63
2014 39
935 53
6416 21
912 27
3438 67
668 42
409 39
6326 15
6930 52
6562 21
2893 84
2112 52
591 71
6326 45
6895 1
1908 22
2037 57
5764 41
6130 78
5061 55
1912 81
670 47
6503 6
7009 18
3175 51
6581 37
5494 54
6544 33
5848 63
3209 20
3204 51
6639 10
316 55
6831 12
6027 42
5724 20
6345 84
5915 52
6859 30
5365 23
868 86
1427 36
1356 60
3015 58
3599 91
316 37
1686 75
4063 21
1993 12
6422 28
6034 67
1411 23
2768 79
2306 60
3347 36
919 65
5548 8
6197 66
6885 54
212 23
957 58
659 42
3719 40
282 63
6501 40
92 70
2923 73
6554 33
2993 57
4125 41
4042 38
6359 32
635 57
1765 54
108 54
3989 58
1411 37
2631 47
3008 47
5546 23
1312 58
4311 48
2084 65
1315 21
6624 35
3162 3
6887 9
1517 89
60 79
2331 65
5864 85
5245 69
5614 39
2180 67
5676 42
1630 34
3252 41
670 20
4862 39
3342 82
4059 21
5006 21
5059 58
4311 42
1608 29
5650 11
3712 81
6477 85
3384 91
6420 30
3581 55
5523 81
3347 23
3557 37
3852 79
5431 81
649 45
2766 60
5479 51
690 75
1074 65
1136 63
2228 26
3225 75
3697 79
740 53
6975 39
14 40
2837 79
3610 42
1682 21
6474 26
2154 81
6832 7
3921 11
1653 58
6934 5
132 71
4551 60
5276 46
455 56
6929 27
6743 34
4314 21
3391 76
23 37
2561 26
2755 65
2492 37
1694 45
3047 36
3383 67
2154 8
79 89
3224 93
6436 64
5475 46
4328 65
428 21
1610 21
3290 54
1425 68
5132 38
108 21
4976 71
3823 11
2609 66
6749 0
2617 39
3011 38
6857 34
4205 84
866 35
6953 40
6550 82
403 44
5640 21
558 23
2788 40
6624 55
6365 3
3225 72
6821 3
5837 53
6929 3
3172 58
333 22
479 48
2309 53
4752 46
2531 47
5 20
3004 21
6105 20
4027 35
5904 72
2990 40
1430 44
1214 44
6948 3
3257 26
2818 39
3592 79
6860 14
6726 6
455 56
14 54
1882 3
1743 92
1249 91
3595 3
6501 50
106 42
5355 20
6389 14
6478 9
6932 26
4323 53
1686 72
2746 54
378 44
339 64
1756 56
1251 21
3602 26
5724 36
5731 21
5764 32
5560 12
289 62
4391 21
2014 38
5090 59
6577 21
79 88
74 67
2219 20
6615 59
5061 37
929 54
4900 49
2780 77
881 37
2454 66
3917 80
6292 58
6832 91
5263 21
1016 63
2433 71
4983 38
5676 58
2942 40
3188 42
3294 9
597 58
4417 9
6868 4
6774 37
6477 23
950 53
5399 47
6864 38
4673 60
5035 63
1424 47
3999 56
3766 37
6533 17
397 46
1455 8
3327 84
6581 55
4407 60
396 85
2066 54
4191 7
6517 23
6207 39
1051 62
4862 87
6326 37
2123 78
472 85
6968 0
889 54
2050 63
6857 21
661 24
6416 39
2612 41
2983 51
5006 21
5587 59
6564 6
5370 21
2531 49
6923 9
4284 22
2066 51
2154 38
2024 87
786 86
796 96
1517 79
3209 39
1914 21
6243 22
1186 32
1233 21
3887 38
6820 6
3414 79
2973 60
1278 34
826 70
2704 85
349 68
3398 84
1540 32
5261 39
3694 78
120 12
1127 11
330 68
5365 41
3270 56
1458 62
1882 79
4941 3
222 50
2298 22
6832 54
1678 21
1379 40
3678 39
5132 23
5725 63
6823 67
6874 36
1876 36
1533 80
4949 39
6927 8
6956 31
5652 44
6682 37
6644 43
4834 8
6725 6
635 60
7014 0
4063 33
2598 63
6903 5
4195 36
6907 61
3335 37
929 31
1550 28
1214 36
5059 63
455 79
6612 20
6790 36
673 72
6337 57
5475 44
4769 37
5642 7
677 46
5250 23
409 40
6728 25
1089 28
6889 51
6880 37
1976 42
5177 54
917 12
5506 84
3497 48
4384 67
1192 38
4949 51
1914 37
469 84
2005 88
2136 64
5280 94
3172 21
712 7
1971 46
1908 36
4836 43
6581 23
4553 53
1214 53
4501 24
6870 1
6501 79
3667 56
591 91
6345 39
5432 21
256 60
5736 45
5759 33
6838 7
5280 65
3398 60
3232 63
1610 49
3500 61
3027 84
2 66
702 84
2014 23
1706 38
1607 47
4918 23
2050 67
4647 42
1295 50
2888 79
64 63
3158 51
4062 57
2095 56
2788 22
4059 32
3070 86
999 79
2675 56
5564 38
5669 44
1686 75
543 42
4089 40
1035 21
3162 79
3004 40
4988 81
2781 22
4603 21
1869 44
1579 79
2781 88
6351 18
7009 8
1352 67
2460 37
5590 21
1313 40
2014 39
5590 36
800 79
2973 67
216 58
6972 30
6326 54
6130 79
1051 43
6029 85
580 36
2893 16
1471 39
1567 53
6824 34
836 23
6389 28
455 26
1083 23
924 57
1700 7
6887 3
6862 5
92 83
6038 40
5410 42
3004 21
232 82
6743 34
6824 6
6880 7
5310 43
2764 21
4251 58
4647 21
779 22
2066 46
418 65
92 90
826 60
455 64
6865 53
3588 56
2831 3
4579 91
649 38
2749 23
2631 36
2104 88
4976 86
932 51
2239 21
58 12
2454 61
4946 42
316 21
1517 72
5285 85
311 23
374 61
2529 59
5511 28
2460 40
5025 58
4977 51
4004 57
23 41
319 87
1341 79
6946 45
2618 38
4459 23
2407 53
3193 21
2894 85
6292 26
2014 55
3132 58
677 25
1067 41
3606 50
6934 54
1285 84
2942 24
2805 21
4583 12
1187 79
6800 64
7031 3
1516 21
815 79
575 70
6900 13
3348 84
1619 21
2219 81
1167 40
2078 57
731 87
649 36
5215 79
574 40
5443 21
6358 60
5847 49
7018 21
5864 59
3027 81
4458 4
852 39
4543 56
5247 41
6029 83
232 58
6847 19
5724 50
6974 64
4478 61
5013 96
132 88
4934 83
3599 53
7002 27
5060 2
5548 45
5262 60
2421 3
328 95
6501 39
6968 7
6979 9
3412 66
2014 50
2598 56
5593 48
6855 3
6359 30
339 69
852 46
1690 91
6968 2
1016 58
6326 32
6977 18
626 35
6889 7
6358 61
1517 96
5325 48
2095 81
5914 21
6477 58
5564 54
3852 71
1180 57
5013 22
4515 67
5669 21
3592 82
4407 12
5764 40
1744 12
6326 23
3495 23
90 64
5924 50
6316 24
428 38
4224 72
4167 21
2594 23
2433 79
5676 43
6687 12
5443 40
1748 56
4128 96
1775 37
6952 79
6152 6
3232 67
4918 21
586 41
5310 60
5952 57
3599 81
3090 83
3383 58
1916 79
5863 52
6420 32
3402 36
6478 55
5652 29
6434 22
2050 82
5355 47
1506 12
3359 45
3687 21
7004 13
146 7
2609 39
4893 23
1285 68
1876 47
508 52
1558 20
6811 85
1916 39
5006 40
3960 37
4161 64
5725 58
6849 7
6769 38
5729 8
580 20
4102 60
3093 7
1678 38
1179 57
5563 40
4040 35
4367 63
6616 21
1579 64
6207 44
1870 57
3178 91
6875 4
2112 19
232 64
1779 38
653 58
2168 23
6644 42
3188 30
3628 67
4102 72
712 20
4325 40
6900 3
2620 44
3960 54
2482 61
3646 40
2858 82
4391 23
7012 22
2154 57
2755 58
4976 83
428 37
2014 54
5872 8
5989 3
2282 34
6814 36
4979 36
1188 84
1521 58
673 70
3115 55
4222 58
1083 21
6503 29
970 21
22 21
5 39
6743 27
284 64
6844 18
6358 69
1257 53
5437 62
6564 84
3060 53
6832 38
4454 79
2820 44
1229 42
6966 7
6506 42
5013 74
3121 9
649 24
4417 51
6624 55
146 21
5361 63
4726 21
2460 50
6825 3
6811 70
3832 58
5431 67
6824 34
5245 69
43 30
5 53
3639 62
2855 8
5142 40
5177 48
6682 31
6659 28
6478 20
2704 21
6285 81
1388 47
540 39
6147 85
6800 19
929 25
2908 36
3516 53
4715 22
5644 20
1327 38
6883 3
2066 9
1421 42
6864 53
2947 23
6682 24
6751 29
878 39
6363 57
4257 9
811 53
2168 21
3616 47
4949 38
1733 37
1329 87
2888 79
5545 70
4166 21
4284 28
120 30
3852 89
1411 38
4417 45
6883 21
6790 57
5310 45
506 63
6995 9
5025 65
1567 21
2368 72
3803 10
520 12
5548 18
847 51
3855 1
185 51
1079 60
6501 37
5461 19
5280 68
6749 51
6861 5
4855 67
580 47
2410 56
6865 41
3750 21
192 58
1914 51
1454 79
1214 51
2494 36
43 27
5227 30
1945 75
6624 40
659 76
826 69
2148 66
2858 60
622 76
5937 38
4364 51
5341 44
2706 8
6543 22
6544 19
3354 58
6190 49
1789 21
638 61
1312 84
5276 23
1608 33
5365 55
3512 86
1714 42
1052 21
137 85
4944 38
6898 9
2820 38
4312 51
313 56
3132 57
7025 8
6879 17
807 23
748 49
455 50
2617 45
6644 54
1294 63
4893 84
2282 21
4059 46
2492 23
5285 84
4742 56
1737 86
722 46
5688 3
1608 18
3639 23
639 21
2646 48
6109 21
6669 76
2778 86
2650 54
1183 91
2993 54
2041 81
1610 40
6383 47
1517 60
2594 39
23 40
2136 60
1558 23
6687 36
6832 76
1487 84
842 84
2050 78
1074 41
6669 71
6854 6
5335 71
5100 81
52 56
286 85
6580 12
6354 59
6824 34
6749 7
3863 80
1722 60
5758 26
1271 57
6811 21
2084 60
2243 87
7014 19
5061 38
6278 60
6507 7
6383 16
1893 20
222 60
1914 46
2550 95
4333 68
6964 26
621 28
3137 56
6544 41
2934 57
3461 23
3628 67
1610 53
64 85
3869 84
3802 85
828 79
639 36
950 50
6836 57
177 65
6935 5
2990 21
6692 47
2840 86
2180 65
6928 7
1553 23
6807 2
201 72
5808 40
2054 20
6448 79
1327 38
5831 26
5640 54
7012 84
1095 62
880 67
6326 12
639 24
3871 50
147 37
4726 53
3010 45
5937 60
2888 59
3383 65
668 27
6930 7
3402 45
6506 21
3015 65
3004 40
6692 27
4230 8
6994 7
2781 96
1733 20
922 36
3175 37
1645 66
2136 31
6763 65
6303 41
2137 67
4583 22
3608 21
5957 70
6038 52
6648 22
6858 6
5040 11
2747 56
1792 95
2134 22
2349 51
2668 67
2154 79
238 51
5557 41
6244 24
3584 37
6644 22
6367 37
786 81
6367 85
2054 36
3644 10
4367 78
76 51
284 56
2989 8
76 58
4501 54
3844 24
530 23
5357 39
6818 1
5315 14
130 79
6581 1
1557 82
361 64
2425 36
2454 60
4769 39
1968 37
2595 54
6501 52
4673 83
4673 79
2368 58
6814 41
4002 57
6964 28
6414 5
2454 58
165 95
92 91
5338 79
1424 66
6105 81
339 23
1558 54
261 42
994 55
410 90
6506 52
2148 60
5276 48
6358 69
2603 91
4705 85
5315 9
6972 30
4081 20
4372 85
5708 85
1415 39
5669 38
4198 54
1634 60
1420 60
6414 7
684 68
3106 57
6571 5
1036 76
2365 42
2275 61
6478 52
670 53
3042 39
4673 40
1238 21
5580 54
2334 65
6415 39
2777 66
1376 53
472 79
1916 36
975 87
6560 14
1638 45
5338 65
2078 40
2756 38
2041 63
296 57
4834 26
3198 39
710 3
6440 12
5325 47
3132 64
1471 54
6521 5
2620 37
6880 43
3667 63
1849 46
836 26
1389 30
5629 79
4314 21
6285 37
6842 9
381 56
3140 37
6682 58
552 39
580 52
2951 71
4789 53
2781 88
4975 54
1968 7
2228 51
6624 24
593 78
967 54
4785 41
23 51
574 40
3187 47
6689 7
2420 22
7019 3
1517 23
5685 67
1060 41
4543 21
3438 57
6446 5
5724 75
1582 9
622 68
5325 76
303 54
3104 68
368 21
994 44
2174 42
6776 9
23 21
3008 39
6241 57
4102 76
5724 56
2282 11
6687 34
922 21
2454 79
3027 83
6367 57
185 53
4102 87
4032 20
5864 42
641 21
1245 36
2058 64
5286 0
6172 86
586 38
4407 57
459 38
6337 67
5652 58
6805 3
805 74
4834 7
4021 77
2282 21
2410 40
3261 85
260 79
6477 64
3008 48
2609 37
357 62
6192 26
73 84
109 57
2788 11
5954 23
3209 39
4195 21
372 80
27 80
3008 21
212 38
6501 63
6849 36
3048 36
722 21
3140 36
1221 33
5361 67
99 65
5433 24
3441 88
4789 37
1329 71
1420 79
3616 38
957 21
1971 40
5325 77
574 39
284 79
5764 48
6823 4
6278 63
5870 84
3134 54
1521 60
2504 40
4004 53
137 84
6855 1
3257 25
2233 80
6824 33
3497 38
2755 61
1001 56
6285 59
6685 9
2805 51
1179 58
2342 63
2190 81
1889 23
6826 6
1315 54
3158 54
6982 4
3745 55
588 52
1031 84
2766 63
2454 60
2820 38
1207 68
6024 36
4647 58
3070 55
232 56
6824 33
3616 21
2494 39
4332 60
6172 65
6241 14
3506 51
2737 49
4444 51
5584 0
1068 12
7007 3
2531 12
2292 21
6400 24
6709 5
6506 46
5499 84
4261 38
3745 52
6554 32
6359 37
5276 20
4148 30
3588 58
1083 12
6581 40
6982 0
3387 59
229 23
4430 56
1722 96
90 84
4195 33
7021 4
1691 56
3931 40
6477 21
5647 39
4227 57
1940 59
6278 80
4125 25
6814 27
889 45
3719 53
55 43
3661 71
394 25
630 55
5189 51
2454 27
4332 57
5565 30
1242 33
6882 33
1445 76
6810 4
2749 62
428 60
2254 37
6572 18
294 44
64 81
1356 63
3677 23
1079 82
4230 31
5742 63
1736 12
1067 12
6109 85
4976 39
4076 23
501 79
4646 79
1300 48
6830 53
2434 63
6682 69
2179 12
6544 45
6445 47
4969 26
3379 21
403 43
3667 56
6241 14
6326 21
6564 28
4476 21
99 82
3954 58
1533 78
2819 61
2594 38
316 59
626 27
4367 39
4838 63
5499 10
3862 56
3438 56
2820 20
5437 58
878 37
1775 22
6687 56
3581 50
540 42
4444 21
6326 52
6830 24
201 65
3468 6
316 49
5724 78
3261 67
852 41
279 80
5335 91
4982 76
3501 88
216 83
1068 21
2269 16
3348 79
6416 23
137 21
2005 67
1179 23
6866 30
2454 38
3252 51
25 81
6278 20
2454 5
736 41
3516 21
2541 27
1727 64
6029 79
6898 9
3072 57
3697 57
5132 54
2315 21
4986 10
3703 21
1051 47
41 53
317 77
3655 43
6207 38
6854 14
5791 39
4975 40
50 12
6571 17
5780 50
6135 37
3521 7
2051 64
303 53
6415 55
3814 10
5676 31
3008 51
3279 53
3134 24
403 39
279 56
3359 21
335 79
5341 4
5989 0
5285 90
6501 38
2454 54
52 86
6847 30
6337 67
6443 51
2858 62
3965 21
2309 54
6272 65
5365 20
5258 21
108 49
3599 43
6907 1
3890 53
1765 41
6041 21
4311 35
4752 21
1147 8
2756 21
6243 54
5025 37
5590 21
4399 81
6849 24
459 37
918 58
1413 63
6326 87
673 76
5165 25
3931 21
3989 79
5914 53
6009 21
6682 3
1421 61
5475 47
1074 79
4211 3
2063 38
852 7
5142 37
6975 45
3570 79
3236 55
4021 72
5780 50
6888 28
1135 23
41 53
1016 58
7000 4
232 81
5100 85
5686 79
1744 22
4217 21
2482 85
935 57
731 90
1596 67
2567 53
850 59
681 36
6919 30
5870 79
508 39
1782 84
143 53
2368 87
6390 53
1579 61
6978 9
4284 53
52 37
6775 71
5361 39
4027 45
1016 82
1297 51
3121 23
5360 82
1595 12
929 21
1990 74
2454 28
6966 0
1179 47
3468 60
6855 9
368 41
6972 42
6478 20
5360 53
2618 51
6354 61
4222 82
1612 60
303 79
5335 73
216 67
2755 21
6046 23
6809 20
4367 63
1483 62
6814 25
348 75
1700 1
3960 45
5741 8
6448 82
6859 5
1313 50
201 21
4027 28
2050 23
6580 48
6613 54
2983 21
488 88
2433 81
5035 76
5437 57
5339 45
339 39
513 62
5245 58
3134 49
2292 21
80 51
4347 42
6682 39
459 41
568 23
5560 21
957 20
4663 32
5502 55
722 21
1095 66
1214 39
5998 60
328 94
4198 21
4323 54
5548 20
6363 50
4228 21
282 79
6533 86
6968 9
5808 54
6849 24
4791 39
3143 38
3333 67
5261 41
2942 23
4104 41
4673 38
2983 37
5580 7
2618 63
4053 58
317 95
5460 54
2358 73
5261 24
1109 25
584 63
1574 41
4684 60
5258 21
2434 86
3779 21
1238 57
786 58
3497 58
3008 39
2138 49
6767 14
5563 40
1517 76
6883 8
2315 21
22 23
1911 56
4039 56
2737 39
6864 21
6817 1
4422 8
4407 82
1483 40
296 39
1715 40
6972 21
6756 79
1890 21
6956 25
41 53
6821 1
4726 51
4399 21
850 23
1869 53
2066 54
3785 84
754 63
3290 56
5285 96
1483 40
922 50
1439 79
3512 85
6998 5
4898 33
1717 21
6615 53
470 91
4667 36
441 93
3143 39
3721 37
4417 40
3624 40
4325 37
6824 34
2890 66
5951 67
1211 12
5099 21
2973 49
118 84
1207 76
6580 40
229 51
3043 79
3982 79
232 60
2620 35
6974 4
5365 40
2914 95
2831 20
222 21
2819 86
6975 11
4737 21
2852 58
5548 40
3419 57
3515 21
6790 5
6414 38
5804 61
3257 25
5760 53
6063 34
521 65
6859 21
5676 79
1458 57
6318 21
1554 60
3121 48
4948 79
2489 57
5669 0
2529 62
111 50
4567 46
6624 23
5869 53
3864 29
1686 75
1209 9
6832 76
3089 21
238 21
3383 42
6243 21
3713 53
6837 28
6752 14
999 83
1690 95
5280 87
4033 36
1722 76
4852 44
2778 56
3630 54
1068 21
6648 7
6859 39
132 69
6799 50
4705 83
5836 20
2923 72
6415 39
4948 63
6104 67
3968 58
5303 85
4679 36
3143 20
6234 21
2888 63
540 39
2021 58
3592 20
1371 21
6994 1
5987 56
6832 75
2594 37
6989 15
464 57
6868 27
3513 38
775 3
2788 11
6820 9
6937 5
950 55
3130 64
2893 12
3668 1
459 38
702 12
6896 4
1521 54
462 59
203 79
3134 67
1876 53
5142 23
6934 1
3121 20
4921 54
1000 60
6801 16
1717 21
712 21
668 42
5652 52
6947 66
2973 36
3569 36
3852 91
4458 4
3113 79
811 38
4633 83
3569 9
1465 47
4501 42
5280 71
5028 8
378 46
229 67
2037 60
1031 74
2562 63
1678 43
863 59
1550 23
740 82
6954 15
1782 67
1612 57
2598 85
4679 48
866 42
999 60
3982 60
6784 5
1327 46
6390 56
5855 54
4399 47
6952 79
6879 27
6916 3
5099 53
1916 78
3175 36
1608 41
493 69
1409 36
1377 85
4881 79
1533 69
6466 2
6687 37
6873 21
120 53
5557 59
2254 79
2156 76
673 96
552 42
3572 83
1520 12
6580 21
4982 60
5365 16
1222 69
1380 87
3010 62
6660 27
4785 40
2908 54
2137 63
6910 5
2136 56
5025 51
1186 38
4333 58
3574 58
2768 30
2780 94
80 24
3172 42
3678 21
6824 65
1175 57
1971 43
2410 79
6934 40
5271 54
1420 66
6923 8
6506 43
5276 42
3697 58
4406 48
1271 64
1968 38
6929 0
6241 21
6799 4
479 79
3008 45
2899 85
6837 14
33 47
3515 54
6982 8
2934 42
357 84
5548 48
702 84
3415 53
1736 43
6875 2
360 44
6972 26
597 23
2349 39
4979 26
3693 67
2014 20
1471 23
786 63
3738 56
1516 8
4969 26
1233 78
1968 36
6790 36
2695 54
4898 12
6824 56
2926 3
6613 21
2005 68
2717 20
659 60
6841 2
4869 23
4730 84
1554 59
5742 83
5652 59
7003 6
3738 61
6478 38
626 33
5142 28
2737 54
4399 41
5040 34
391 2
2292 21
4323 43
6891 28
1184 74
5587 60
3703 62
2 79
6763 82
286 58
2695 43
6857 30
5142 38
1183 44
4102 96
1389 34
5127 39
6873 41
2755 63
3719 21
2066 40
1914 38
6800 41
2123 57
3333 85
7013 13
4018 22
4838 57
4667 37
2623 41
4862 44
52 79
4407 38
4334 63
2721 6
2747 71
918 60
493 66
165 88
2193 71
1607 51
5127 50
3198 52
2066 42
201 60
3379 30
3581 51
695 37
6742 33
705 85
3119 51
1242 32
2431 54
6026 53
2704 85
2014 20
2136 21
6401 79
7015 4
6800 13
3703 63
6685 5
3008 45
6682 54
3661 56
4367 64
4323 37
2874 54
1090 53
2066 38
4934 57
743 96
31 82
1721 21
6932 26
5325 69
4261 37
1179 11
3701 21
2634 79
2174 25
6917 4
5475 42
1285 84
2695 21
5685 62
950 38
3572 51
6568 23
2682 66
1835 23
394 60
684 76
276 56
4328 85
2494 22
3505 73
1612 69
3738 70
597 61
5365 25
5006 21
935 79
3279 59
165 71
3599 53
6774 36
3628 64
2093 21
6359 12
368 21
3145 21
6544 35
2112 38
3871 23
2618 62
6868 29
70 40
1700 75
2239 39
3990 42
1971 47
6278 44
3178 68
2820 64
1997 30
1222 60
6839 10
418 60
6572 25
639 54
6059 8
1889 39
3595 21
3505 70
284 56
2973 61
6052 51
3972 12
581 21
1893 20
3461 84
6966 26
374 58
3236 63
2008 56
3686 38
6868 28
2650 39
1249 90
1405 51
1913 23
3727 51
3899 21
455 25
3823 21
6393 32
3990 53
7041 3
1411 23
1629 8
597 56
2138 33
957 39
1107 58
439 21
6794 1
2618 47
3730 58
3639 83
5059 76
6135 45
1344 51
4895 28
1515 47
6337 82
1588 84
673 88
5859 58
139 85
4715 21
1889 38
6968 4
6478 38
5330 26
6873 14
3257 19
2100 81
6682 30
4769 67
6811 25
695 44
3624 54
1281 21
7024 25
3206 41
6867 9
418 64
2154 67
929 11
3015 12
296 79
3965 53
147 93
4551 58
6519 40
2 84
5486 12
6793 6
4128 79
2391 52
1379 37
5276 40
6899 15
5228 21
6935 16
952 51
6882 4
677 21
2737 23
5545 63
6109 21
3012 69
3119 48
2990 86
2292 48
1682 59
2309 44
6430 30
5006 3
261 22
6880 9
6868 7
2553 3
6758 36
3732 17
3679 21
6162 46
4976 38
4430 58
2247 64
3738 85
4741 42
6812 7
715 36
1515 39
4459 53
6613 54
2095 84
1327 46
1634 84
786 59
5236 74
3972 21
2460 83
6742 63
6172 64
5250 23
3327 23
1492 36
1389 36
3869 64
1415 5
2749 21
1849 46
2148 88
3072 51
1425 74
2054 40
6898 4
6506 42
3450 59
1238 60
2482 23
6944 17
3072 54
2595 47
267 54
3779 21
418 57
5006 37
937 60
2492 45
2373 56
108 67
999 42
5730 18
6820 1
3468 5
3516 51
684 56
1405 23
488 58
5676 30
4060 51
1297 23
1990 61
3419 57
3581 38
6860 2
5495 44
842 58
5587 58
828 64
41 52
4042 52
3965 21
6833 14
70 23
3719 78
5759 38
6774 54
6258 25
1849 46
5791 40
1533 63
1714 21
2959 85
6692 38
5200 21
5461 27
3205 51
397 57
2243 91
4737 21
4844 41
4205 85
950 53
6624 47
7043 1
6533 67
1179 23
5383 6
6802 4
805 70
5171 4
3387 79
3678 21
1011 56
805 72
2021 48
5271 57
1756 63
4492 23
5115 21
4934 42
6390 43
5006 55
622 70
4496 40
1142 79
2292 23
6888 6
5285 67
1127 23
5285 20
4166 45
3198 79
229 11
5101 68
3745 52
3869 82
5864 59
32 37
5494 51
4730 54
394 65
296 49
3100 38
3450 57
5153 65
7015 1
1536 85
6478 39
6130 60
3058 21
5777 18
4305 88
6809 9
5534 21
1031 37
1802 54
2358 75
3158 53
2820 20
6510 29
493 63
2174 27
23 33
510 78
5385 23
3719 21
1281 12
250 88
4769 61
1683 56
3661 84
889 54
86 8
1893 20
378 47
2623 0
4291 28
296 44
6961 14
6907 36
5395 37
3209 37
2993 47
5724 79
1051 51
702 38
3072 42
6923 3
2041 72
1033 54
6866 9
3236 36
5132 53
1315 21
1710 84
2932 51
1083 8
3780 22
1136 79
2066 42
4769 38
4673 37
3899 21
4284 21
4603 44
6860 9
580 39
1415 21
6860 5
1579 63
1107 79
3719 73
2837 85
6814 32
60 64
3200 25
2 58
1402 96
1849 38
4672 56
1179 82
588 44
1612 66
5548 38
2247 75
4332 63
2078 60
6927 5
5374 12
483 79
597 64
6838 7
2460 84
2818 49
5059 88
1180 58
811 38
4672 56
3384 22
3121 44
3175 54
588 58
3383 61
5637 38
5669 21
1691 85
6478 54
1789 34
4257 5
6682 54
2341 37
1068 40
2136 33
5685 20
718 84
5915 21
3121 48
6595 41
2282 54
6880 27
6577 21
6238 46
316 23
1727 79
3687 50
1052 21
4445 21
3779 53
3315 62
5869 51
3592 65
1540 33
6896 3
4081 51
6285 63
6261 91
3750 54
5976 51
6930 37
1083 21
5245 56
2433 85
2118 21
3982 78
6414 9
6844 9
6841 3
1558 45
6908 14
4982 62
5924 40
6052 53
6208 39
6885 9
2258 60
6326 39
4063 21
5061 38
2923 60
4056 36
3888 1
5395 43
2850 79
4198 79
6192 8
7010 14
1424 40
1179 21
842 58
441 54
6326 8
199 95
3349 54
6962 4
1893 12
6292 7
1487 23
6434 21
6581 46
5732 23
5365 43
3891 21
1727 64
6761 4
5563 21
120 25
6506 40
5059 4
6993 2
187 67
1853 58
3158 43
1107 85
2 69
4002 63
6371 91
3100 38
2407 43
5545 70
4444 39
3667 58
1238 85
852 39
5518 40
6544 23
3694 85
3745 57
5060 38
4542 53
6107 5
4551 79
3198 37
5177 21
4228 51
520 78
889 21
6130 2
2737 63
1889 21
5479 39
2358 75
4314 40
6893 3
580 42
2054 7
6624 26
3655 69
137 9
6225 12
3058 57
7031 4
2078 79
1904 20
1214 54
5640 79
604 23
6767 9
4673 57
6948 1
3731 85
4081 79
1415 21
3398 58
3968 57
5546 21
2063 23
1829 82
1175 51
4865 51
3008 41
279 85
2800 67
6238 47
1555 56
6974 60
339 58
3140 23
296 60
5758 25
2100 83
6371 56
3209 21
5759 79
3493 79
4921 21
922 38
2990 48
6824 13
5360 54
6824 56
5951 66
5637 38
23 26
3505 94
6879 9
3402 30
403 46
641 21
2617 41
1420 79
1371 54
6252 58
3880 62
2156 93
7020 1
1326 54
3359 11
6682 29
577 21
1849 37
7016 9
6823 40
3864 27
3175 50
5013 88
6811 46
6503 3
3270 39
681 36
632 12
6571 25
5495 40
223 21
3415 46
1783 72
773 40
3719 2
588 38
6975 14
6477 63
6749 38
1682 23
6824 38
4898 11
5341 21
3703 58
2306 60
2118 42
1352 57
6544 40
2888 23
4567 35
6390 21
2595 39
1637 63
5870 56
7027 1
1694 42
6477 39
3529 23
3745 55
2552 20
1465 21
2609 22
6977 1
5895 60
27 62
6544 5
4166 37
7016 9
6786 8
638 60
2127 39
1579 57
6825 1
1540 29
1971 38
3061 82
1550 20
6906 1
2180 56
6964 3
4327 51
2154 79
4948 56
81 57
543 38
3917 85
5035 83
3687 57
513 53
2671 82
5061 40
5280 79
5808 21
6059 3
5310 48
3758 21
2623 45
1186 41
328 72
6197 51
3592 79
1352 79
5458 51
3779 53
1378 76
6414 5
6389 17
2923 68
773 40
1882 3
2480 62
3070 38
3327 79
3290 21
5025 61
1567 51
7018 38
3027 78
6580 21
4946 23
6882 16
6986 13
372 60
5546 49
4948 86
2686 50
2309 38
109 64
1368 79
3187 21
5139 54
4760 49
4976 38
3824 34
3012 62
6581 57
3398 85
6864 30
2768 40
1142 96
7010 26
6887 1
263 26
2721 5
1167 53
3588 23
6868 3
64 94
1207 74
4647 56
3990 42
2682 79
6487 37
681 56
757 70
2021 57
6510 12
540 23
1221 28
1492 56
4758 60
92 90
2292 37
4986 72
3315 81
950 20
5127 21
2818 36
2993 23
1492 23
6291 8
5325 21
5847 51
4285 22
143 82
1483 60
1312 80
2618 37
668 33
6823 64
3687 83
3072 21
880 65
1550 48
2341 23
4881 79
4501 38
2227 37
3497 63
339 51
5997 23
6863 1
397 44
3225 70
4501 21
2695 79
5924 43
5563 21
3522 82
415 60
5564 51
889 20
1722 69
3004 49
437 40
2857 23
842 57
6956 29
5714 21
2376 20
4410 9
567 21
5743 57
1971 20
3572 36
3864 26
3015 63
967 22
5100 63
6898 6
6038 39
3992 91
7007 5
3515 25
6669 75
5937 21
1137 67
1737 65
2746 39
5502 51
2118 39
649 54
2820 38
3047 51
6171 60
1971 51
1424 58
305 43
5939 43
1430 55
552 42
1375 41
1222 57
1184 70
3008 50
5900 43
677 52
5072 8
3070 43
6600 84
999 21
3661 85
6932 1
3687 40
904 75
5676 34
5246 3
5523 63
786 61
3982 79
6544 10
6837 8
3678 46
2907 41
3012 79
6613 36
6244 33
2041 84
2239 44
1035 21
4543 59
69 12
4387 56
488 44
3497 58
3703 75
867 51
1068 21
1653 85
6596 19
5652 66
3130 79
1327 23
6718 42
368 47
6972 21
52 52
6041 38
3731 64
2376 51
4372 85
6533 84
1877 82
6478 23
2721 4
695 21
1083 23
4496 39
728 56
4080 10
4311 13
6876 31
222 57
2818 51
2014 44
425 42
5546 23
3639 61
6799 1
269 67
1833 26
1413 82
697 63
1180 65
876 79
2228 84
807 52
6443 21
3221 58
1379 36
2746 38
3921 22
472 8
5791 39
2315 81
6478 37
4862 76
937 90
687 56
3402 44
5976 21
1127 42
4445 51
4415 41
506 85
5035 88
1295 52
622 96
3438 23
5731 21
316 38
3134 47
3162 58
1175 63
7036 51
6879 25
4391 79
6478 21
6506 57
311 85
4561 51
6831 32
6826 47
6660 9
6359 33
394 42
394 64
2180 85
6692 57
2553 56
1775 12
479 37
2858 60
3667 56
6823 3
6612 57
5597 84
4257 4
455 40
468 58
6880 29
6326 53
2347 67
5579 41
1209 22
3285 21
2358 88
4549 12
433 11
6882 38
6013 21
2050 59
3130 56
5594 51
468 84
1609 1
6743 12
4983 21
649 43
6190 20
541 58
994 39
1515 80
501 42
4501 23
6883 1
3686 21
6009 57
4399 42
5126 57
3648 28
1971 37
1914 39
3606 58
6849 42
267 39
5459 36
881 20
3004 21
6310 56
2781 61
222 21
5100 79
4280 9
3803 2
5013 76
6422 18
6682 25
4946 54
4334 60
6794 29
1588 84
339 61
14 51
3624 21
5013 84
1783 38
496 82
5419 46
3391 92
1278 36
1078 60
2764 23
5395 79
3072 21
1430 55
4284 26
1722 81
5268 36
5100 83
3852 73
2492 46
6367 47
6692 19
3027 79
6400 7
4063 4
5095 12
695 49
673 77
5060 5
5142 82
6749 13
3193 38
6985 8
4525 36
2473 72
3630 56
1341 53
6832 63
6950 19
5759 80
6344 21
6832 45
1869 54
3875 59
1341 21
1413 79
3570 57
1698 37
7008 3
2394 12
530 63
1492 51
2668 56
4647 23
5834 78
2104 90
6026 53
339 78
5101 90
6175 7
2521 24
1691 84
6953 24
890 39
1271 83
1405 51
6135 47
2352 82
4459 23
919 63
630 58
6888 30
1258 8
2531 21
3290 20
92 65
1727 62
863 67
1876 46
4692 54
2746 46
2298 22
6674 22
6800 57
2550 96
4053 63
5780 51
1849 37
4301 59
880 84
1074 61
3412 69
7029 1
459 38
3960 3
3310 21
3200 26
3497 67
2358 70
6446 51
108 54
2221 36
3495 23
6225 36
3687 64
6888 7
1115 72
1251 54
1579 56
586 21
1573 23
6834 1
7014 9
5686 58
4314 54
1074 67
6790 63
1175 21
4417 47
6758 48
6935 1
5228 45
2063 51
6682 67
2376 37
3745 59
868 67
2407 21
1114 39
4666 23
5059 36
4181 12
201 96
5385 56
252 79
3862 91
530 63
2749 51
5213 79
92 56
6310 36
5987 63
5246 13
137 53
252 65
6241 79
60 24
3119 45
577 20
574 40
3595 20
3745 58
5204 58
6791 3
3106 38
192 81
1619 21
6932 1
2923 85
1870 58
3257 27
6448 79
6823 42
5635 58
2454 67
316 55
5870 84
5560 53
3484 59
6017 28
4059 54
3661 67
3384 51
1948 21
3574 37
657 40
5355 21
1430 39
1031 73
3012 83
6448 81
2038 30
3595 54
6162 51
2127 25
2358 75
4021 74
1517 61
3921 37
2618 38
4647 39
6799 60
6162 48
4059 79
6572 30
2704 85
281 79
3198 60
5937 84
22 79
919 83
3719 76
55 42
1536 56
6358 59
2136 22
5711 59
4056 38
2 79
5035 56
4191 12
2014 40
3113 91
1157 21
2365 58
3134 57
3887 46
2766 60
1083 51
6976 7
5546 20
3588 81
4742 58
6282 53
6961 8
3115 53
4862 70
1186 37
2026 21
5506 68
1844 79
2021 23
3706 21
3290 67
100 33
2489 21
2352 85
2778 65
6036 9
6981 30
807 50
2521 68
6316 30
7045 1
2433 82
109 80
5569 30
6682 65
2050 64
5743 61
6823 63
4742 85
5403 39
256 58
4334 79
1710 23
6838 6
3513 64
6436 28
1916 86
5399 39
14 37
5989 26
223 21
4332 56
3322 51
2980 51
1258 27
5385 84
999 42
4323 7
284 68
3572 49
6674 37
4734 5
6581 23
2407 21
6857 21
1914 20
852 12
1567 53
6337 36
4334 86
2631 37
2050 62
4476 21
6383 53
4325 38
722 39
2993 56
5357 37
4692 39
3209 40
185 21
952 59
5548 37
4742 84
2746 40
52 81
5563 21
3965 21
1229 49
1361 6
4951 58
510 64
521 84
1829 63
5545 71
3411 39
6499 27
6847 14
1242 21
1411 50
5399 51
2407 21
31 79
1127 41
1748 63
5285 56
6477 46
5395 86
5280 60
5764 37
6171 58
773 23
4949 20
2190 81
6882 25
678 42
1727 63
3661 23
3187 21
1051 9
6436 86
5355 38
5569 28
6832 51
1413 85
3989 57
6975 38
261 54
1352 60
462 55
6751 32
3313 0
111 40
1971 39
5685 85
999 56
6820 36
1031 62
4774 57
6814 53
1517 71
1214 57
3716 10
572 56
1035 37
5614 40
4063 38
6610 21
2454 40
2275 61
4102 87
510 79
6836 8
22 36
6974 28
6832 88
1135 23
2410 44
1455 84
1207 79
6503 6
118 81
4583 21
4836 9
570 38
488 87
1772 79
315 88
1368 59
635 58
2358 73
552 51
4673 21
1890 21
139 67
6478 21
3813 88
4125 14
212 54
575 88
1645 79
5650 22
6858 8
2781 70
201 37
6850 1
1036 68
2334 58
6533 63
6832 28
3419 64
4376 23
6832 34
4949 46
649 52
677 3
6506 42
6908 3
3261 42
5035 57
339 67
3703 72
6718 25
6517 39
712 46
1278 36
6234 21
3438 58
540 23
7014 17
6832 36
6831 27
3521 21
2454 20
1359 12
6946 23
5228 39
4976 80
6874 33
4862 84
3187 51
6544 20
86 8
5213 23
4726 21
2219 45
4983 51
3335 23
4870 60
5580 51
5579 54
1683 87
2454 39
4417 57
4892 40
5724 72
757 64
1645 56
775 51
100 54
55 53
3719 95
3468 66
757 68
4224 93
2066 38
957 7
1242 21
2136 52
5652 10
394 25
2127 43
3008 38
31 75
1074 85
6606 39
6811 70
4222 85
1491 21
4251 58
826 57
1789 39
6550 79
5271 54
5895 64
6140 22
1576 11
4739 22
2781 37
1492 79
279 63
3697 85
428 62
6390 62
1536 56
2165 5
3333 66
301 41
6773 8
315 33
4332 63
92 85
1591 59
4658 8
2914 87
6383 51
2990 21
2014 22
6689 21
3134 58
1746 7
5271 62
6964 30
695 21
3012 58
2603 89
2118 47
688 42
1158 81
2755 54
681 37
1294 65
4224 58
2907 36
3295 21
177 35
64 70
6503 19
6811 75
6971 8
394 25
1375 12
2908 21
6782 9
2983 21
455 63
1686 95
3434 51
366 74
1375 41
6544 27
3532 51
2136 63
6172 64
1735 91
2494 44
3121 45
165 68
840 56
6983 2
7024 9
6978 30
3931 47
6682 39
4040 6
5303 70
3866 25
6924 8
4312 11
2066 21
222 55
1492 22
6685 14
5127 36
575 56
836 37
3290 51
1430 39
6467 30
1078 64
425 54
6974 1
2818 45
1074 53
1782 69
5560 21
5006 38
6782 15
935 39
6749 58
2239 44
3630 79
4301 9
635 58
3731 56
606 73
6873 46
3667 64
2394 49
586 51
6685 5
506 82
5837 22
6824 7
4033 54
5714 44
811 43
462 44
3799 85
670 21
6422 16
6880 11
6503 3
4314 42
508 55
1610 38
863 81
1574 84
543 63
6970 1
3614 54
6645 8
3008 38
6790 6
5563 54
2781 91
5273 56
5383 16
1376 17
1746 79
6716 33
4305 83
5924 38
4323 54
2454 62
6487 23
4785 40
3960 21
137 81
6359 22
2983 37
4171 56
6799 56
4634 9
1517 86
2650 21
950 42
1783 0
5171 1
2134 22
4844 12
5502 52
1889 36
6934 40
4596 46
2365 21
3751 23
5499 10
4458 68
2623 55
5061 47
6749 21
6953 25
3441 68
3769 26
5895 62
407 38
255 22
1471 49
5614 12
880 84
1971 23
670 23
4492 23
2100 79
6876 30
1935 21
3803 69
455 42
4325 44
6285 36
1876 41
2138 39
3569 12
540 11
1608 46
1990 66
2541 7
2973 67
6477 65
2928 64
684 82
6351 7
3703 21
3989 79
488 91
2618 37
4212 48
5280 75
6600 76
6832 41
5688 0
5315 14
3649 60
1083 20
459 48
6423 57
681 53
1947 63
6920 13
339 33
108 57
5280 27
3121 4
935 46
2650 41
4042 21
5365 36
4272 41
2188 16
1579 82
282 87
828 81
5714 40
4682 51
815 84
5059 58
1726 5
5565 33
1368 66
2494 30
6790 26
5271 38
4125 49
6897 3
1439 84
1833 8
3072 43
2550 60
5443 54
5494 44
6942 27
1361 18
222 39
4430 58
5285 39
5395 20
1359 25
4081 79
6006 75
2037 69
5261 51
5676 54
2756 23
5357 23
6344 23
3070 57
6799 28
957 21
5365 44
702 42
5228 23
3121 51
2942 36
372 65
1031 87
5361 57
5937 79
4145 21
6436 51
409 40
1027 52
5100 79
3989 60
455 64
6862 17
6838 16
5724 74
4323 20
4334 57
5625 28
5360 18
4102 72
2942 79
6999 66
3335 23
6927 7
5842 20
2154 52
1557 70
2410 67
2617 12
1079 23
4063 21
6974 9
1356 64
4503 12
4145 79
630 37
4541 23
649 33
7014 4
5177 23
464 58
2631 41
1567 36
6811 7
106 12
6969 53
922 21
2407 23
6991 5
3440 84
6478 23
2247 79
2546 57
1727 65
786 79
2492 37
3869 63
6544 38
5204 56
5035 58
6408 22
1074 38
4551 3
233 25
455 36
6689 21
3070 21
6891 14
4323 21
3411 51
4862 52
5777 6
1127 52
1550 64
368 37
4983 46
4102 71
6999 35
2594 52
2686 37
5637 23
1691 79
5725 23
2595 7
6689 21
750 70
3866 33
5410 23
5736 20
952 54
2428 22
4525 37
3296 84
5859 60
1107 65
5635 24
1471 39
5759 83
2608 88
1027 23
418 58
300 17
1095 57
2168 54
1968 45
6582 81
6953 5
4866 56
4551 39
6038 44
459 47
6241 36
2420 21
854 56
5198 95
100 12
1483 58
3521 21
3661 58
712 21
2005 37
4669 12
4583 12
2923 65
6992 29
6478 43
6954 3
6588 3
4458 4
2148 63
2309 54
2634 64
6824 3
6918 40
418 86
2737 59
4081 21
397 39
79 76
3584 39
750 56
2788 42
5760 45
1359 30
4666 20
81 64
748 47
3506 59
3793 51
2156 88
7016 18
6758 22
3298 85
6763 63
223 21
1214 20
2078 13
2433 81
3921 21
2800 53
3917 57
6823 81
1137 37
6359 34
5764 38
6824 40
863 8
6326 21
4286 28
3516 25
4417 2
6743 8
281 60
1686 70
2620 36
6383 54
2066 36
208 21
5325 49
4314 38
4684 69
300 33
2874 21
455 57
1512 45
5285 57
5220 82
317 96
5286 8
3628 58
4705 21
1714 54
5395 78
418 60
2817 36
839 53
2298 22
6562 54
693 72
1947 64
3411 20
6416 51
1721 51
6292 67
6899 1
6936 7
2603 87
570 3
630 84
4018 22
4496 48
4916 23
2695 53
1554 72
60 64
2292 23
2874 23
3070 78
76 37
6477 37
659 95
3513 23
3727 23
6860 17
1095 67
6952 21
6914 19
5280 22
108 56
889 21
4870 8
1558 40
6823 9
44 23
479 21
6813 13
2352 66
2058 56
2550 40
300 17
6477 84
6040 30
1341 54
6868 30
5499 81
5280 96
4760 38
2066 40
6967 1
5385 21
824 71
2078 3
6823 54
6038 41
540 23
5025 62
1083 21
7039 0
4752 23
3522 23
381 66
6822 29
2177 51
5499 85
6166 63
4682 21
5370 20
743 72
5280 41
1483 40
339 44
4525 51
446 20
4145 54
5563 39
6819 8
3719 38
922 38
6099 12
540 40
267 48
1516 53
558 53
267 21
2971 21
3412 56
5557 57
2760 26
5262 83
3027 81
3130 70
4285 32
2818 21
5685 42
269 63
1890 9
6416 42
519 43
4004 23
6964 9
4285 37
4476 42
6560 44
1074 60
1518 86
5495 23
4417 21
3738 79
3005 21
246 21
120 21
3694 59
3655 64
5360 38
4257 25
540 21
1402 56
6879 19
5647 39
6824 17
5523 84
5669 54
867 21
195 29
786 78
6773 5
6776 17
4682 41
1219 41
166 54
6883 42
1789 50
316 23
1005 86
2635 40
3015 57
1284 53
130 53
2014 39
4332 60
3419 79
1914 50
899 84
3899 20
3871 59
6859 21
6162 54
3058 59
4780 22
2993 62
1492 85
6944 8
1520 36
1047 51
5417 27
677 38
2066 20
2156 89
1405 8
5732 38
6543 41
6616 21
3694 79
2840 67
6855 4
6721 37
4949 39
722 21
5494 20
6581 50
3225 70
1445 87
3669 38
686 84
4327 51
3134 60
6363 80
5384 76
1916 62
6975 50
6551 27
6799 47
6860 25
842 60
5263 53
3618 37
428 42
4742 60
1990 72
269 56
4836 43
6596 22
3614 37
661 43
3448 84
2292 38
5587 83
1809 58
597 79
6918 1
1329 10
508 54
6613 57
6893 9
214 7
1682 79
27 82
6887 14
695 39
4002 58
4496 12
5154 85
6477 56
4730 50
6736 5
5193 82
2396 96
3661 59
1242 39
6460 7
6874 7
1127 20
1219 21
2104 92
111 48
521 61
1027 48
3522 21
147 38
3871 60
468 84
5248 25
4042 8
4270 36
6780 16
4492 49
626 36
5360 38
2066 24
513 36
994 57
89 21
962 37
3402 44
2980 40
3989 8
2531 12
3999 75
1249 68
6947 67
3298 84
1001 80
1359 25
1524 79
5127 52
1186 41
2737 39
6358 86
5528 56
459 16
6725 9
552 21
6371 95
852 42
3276 7
4359 23
6923 4
4741 51
468 62
3719 63
6282 23
922 21
109 64
6337 56
4417 27
3616 43
166 56
2609 61
3719 63
1726 9
6824 79
3606 50
932 53
659 11
3402 18
3863 57
1908 21
2358 72
2123 2
6595 28
1421 53
4145 79
2005 72
232 79
455 30
2756 54
1744 22
1242 26
6420 81
6824 29
3982 57
1396 48
6478 55
3227 45
6624 44
479 21
2609 86
1095 57
4923 42
2764 54
2137 60
3669 36
5213 21
6519 54
5142 36
1031 82
6544 36
5662 23
6887 17
3295 79
638 84
6171 79
2100 68
6756 53
6279 19
387 84
199 84
3070 57
5271 37
4227 64
1257 79
3106 80
316 23
1127 1
6910 1
2768 79
2134 53
3667 85
6799 24
5432 38
3236 56
1517 90
4692 21
5280 62
4224 57
6974 37
2254 36
2780 74
6731 20
6282 54
5261 9
3209 20
2454 31
468 65
4553 84
5357 4
3047 79
2993 42
6903 16
2831 79
441 70
5056 28
3466 36
842 58
6927 7
5271 84
5383 18
5546 21
1997 33
3843 6
5800 20
3585 56
3758 51
1316 79
6600 70
3687 57
6389 25
2858 67
510 80
1971 39
6946 51
5669 4
4417 33
2947 21
680 53
6811 45
5637 28
361 8
6912 3
5557 62
6799 67
6252 64
530 58
5502 21
212 55
697 57
3731 58
3713 53
2178 12
2282 21
6721 33
6533 83
6318 21
3505 88
5528 82
4862 56
5597 62
3616 36
5685 69
577 46
4430 60
924 65
2820 60
3383 59
2014 40
673 72
3758 42
60 67
688 82
6758 8
6859 9
4492 20
2088 56
3468 73
1474 79
4752 21
868 56
588 56
3624 58
1954 57
1914 51
1719 21
1378 72
4128 76
6858 17
4726 51
5869 14
3952 63
649 36
1916 48
286 57
4372 67
3070 21
2942 42
5271 38
4211 63
4911 57
3172 51
6940 3
4428 32
7016 1
2858 64
3296 79
1035 51
6447 82
5142 58
2298 79
6809 57
212 51
90 84
6564 9
4391 21
4285 36
4986 71
649 46
5954 58
469 85
3188 11
6443 54
506 79
4715 21
5560 51
394 42
2571 7
31 79
5672 5
6986 4
5669 15
1180 57
5692 79
2781 21
7036 10
2269 3
5650 32
2746 21
5355 57
1464 57
6710 10
3844 51
470 84
1103 25
378 79
6999 30
2749 20
676 23
1379 44
6936 3
3495 84
3731 58
209 23
5546 21
5506 68
5025 54
5600 76
6946 35
2358 87
6689 55
4305 77
2550 80
1638 21
4984 23
5676 42
108 51
6197 85
4314 36
2942 9
333 79
6859 2
2617 21
791 53
3327 51
3891 50
3209 51
5357 44
6811 79
267 21
6832 61
5250 45
847 21
5060 51
702 20
899 85
5325 38
2942 57
3799 11
6953 43
5325 85
2788 40
4979 45
6414 26
1067 12
1619 23
3697 56
3193 23
4334 67
552 51
5997 78
205 76
3881 38
4407 58
2156 70
6836 24
3799 82
1691 54
580 40
4673 66
6534 7
4311 0
120 20
4734 17
6600 21
1849 8
7036 84
1722 73
5914 51
3523 69
2618 41
6983 3
5548 18
2063 48
3628 67
3209 42
750 84
1298 23
957 66
5632 79
4387 85
1721 21
3871 44
2535 81
4583 57
543 79
64 75
137 21
1748 57
4081 20
866 32
552 44
6726 16
5355 54
4862 95
1869 50
4785 45
6278 12
468 57
6860 26
2410 78
2772 56
6959 8
3178 72
6951 75
1249 93
6544 30
2951 51
5708 82
3175 45
1179 21
6017 12
6590 23
2993 56
718 58
5280 76
3844 53
3730 57
115 57
3644 10
2021 79
661 54
76 60
6838 17
6882 15
786 61
2460 84
6358 66
1229 49
6130 79
6430 42
488 77
3793 82
6758 20
3581 37
3661 82
649 36
4032 23
5142 37
2368 25
3799 84
6770 8
4836 57
4224 94
4406 54
6801 18
300 2
4948 85
1471 48
1368 61
397 53
6810 26
2352 85
6972 21
1413 79
6824 84
1079 64
2837 83
5395 79
1326 49
722 39
6581 37
2755 79
3484 65
957 52
6544 15
1908 16
3232 58
7012 15
5780 55
300 16
6799 15
4027 37
5321 85
5714 55
3172 57
3989 79
2358 95
975 79
5764 23
3575 4
64 56
6644 22
2751 64
14 37
3599 17
6882 17
1558 48
4080 63
6831 58
6258 30
3066 38
2631 38
3359 46
3005 21
2454 63
381 57
2908 41
1515 68
41 55
638 85
611 49
847 11
1179 51
1175 60
6344 15
2737 43
6582 56
4398 36
2368 66
6946 17
4224 63
2637 79
4444 39
394 37
2407 51
2926 47
1427 37
2749 54
5258 21
6109 21
3140 38
2672 56
2494 23
1233 58
6756 42
3779 53
2138 30
60 9
5708 84
6776 26
2565 63
6628 19
232 57
730 51
7030 19
4551 79
4836 21
6416 51
6906 17
4579 89
3070 58
1035 21
6862 5
4724 37
2292 37
5101 71
3354 79
3310 32
6624 37
5800 64
2454 17
3523 54
2788 38
2778 57
688 42
6436 30
6790 17
2054 51
1026 81
1990 76
540 42
1376 17
1221 30
132 96
2777 64
2066 38
2686 54
506 63
3616 38
543 47
2434 63
2352 56
6859 63
5263 79
5410 21
1540 24
4366 51
4359 21
3497 69
6880 21
2705 9
4492 20
2037 64
4332 68
1199 79
3412 58
4730 78
2156 72
6682 43
5759 17
4542 84
2383 68
5560 54
2306 60
3699 56
2376 45
3899 37
6292 28
937 82
6880 12
6987 1
2766 65
5764 11
5518 23
4760 51
2800 64
1889 21
99 63
2431 23
1027 40
3592 50
2983 44
1465 54
5511 9
6337 60
6882 16
574 55
1835 20
644 51
2631 20
3106 3
6692 7
4934 39
2598 95
3134 51
41 38
2855 21
881 51
1474 64
2618 22
1558 45
5928 75
6687 49
1051 8
441 81
3261 40
4836 54
4102 70
2606 12
2421 3
1083 21
6044 45
3588 82
3965 54
1128 64
4212 10
2058 57
2717 86
2837 58
2341 37
2571 56
2990 22
3070 46
2365 59
5142 37
2772 60
3852 79
6832 46
6879 9
6906 3
591 70
1242 54
670 51
5987 79
3572 40
6920 2
697 83
661 37
1743 88
1430 39
4376 53
1607 49
715 53
1356 84
6337 79
670 23
6725 5
137 21
6833 17
5864 63
2365 54
260 60
2810 57
99 79
6241 21
668 39
3547 54
374 13
2515 84
6285 65
6687 59
2292 23
4900 39
6390 5
4923 57
76 85
5546 21
506 20
488 57
1052 42
5220 64
493 67
357 57
4515 58
7005 87
6519 21
4195 49
1001 79
6581 51
6198 13
3592 86
1948 51
31 64
6756 21
6929 8
4367 86
2118 37
148 12
5341 60
1051 60
5976 54
4666 8
5580 21
6805 14
132 56
3572 40
2810 67
6857 59
4900 40
455 60
5928 73
1344 53
6875 3
493 67
1916 39
1558 55
4496 38
3505 94
6879 19
824 70
109 59
5661 56
574 80
2454 56
5285 88
807 21
3871 22
6416 9
5676 22
1188 79
2855 21
6448 84
740 81
2755 51
1974 84
1445 8
6436 83
4211 57
5437 83
4312 21
4391 53
520 86
232 82
3574 5
3119 36
2066 37
2973 67
5708 85
5635 26
6243 24
1361 23
2760 28
6946 27
2049 39
3468 79
2066 24
330 90
5640 8
580 36
5764 21
6935 3
3639 59
3982 85
1893 51
2772 84
6783 5
4976 62
5461 14
5560 54
4102 66
3493 79
89 43
1853 56
935 57
493 71
3721 36
2858 69
409 40
6822 5
1183 40
3306 47
6166 82
1415 7
2100 63
4741 39
4922 14
731 71
4515 85
4561 53
4021 73
6989 3
6774 53
4004 23
779 54
4222 58
5937 44
3484 56
5546 36
1142 79
2923 8
3706 21
5579 21
4900 40
6109 8
2174 21
1341 53
1809 80
1127 49
5212 30
952 58
5705 9
1326 47
5499 9
6749 37
2704 39
6550 56
32 40
4195 11
2190 82
6278 37
6840 21
3172 42
6790 22
5132 8
5597 81
1175 42
1052 21
3048 21
6809 11
5780 38
5325 76
6879 1
4496 43
1710 85
5006 55
6874 28
994 55
5361 38
2521 72
2546 57
3221 58
3840 51
1167 52
6446 21
6446 39
148 11
4102 73
1222 36
6041 37
2137 84
6596 17
5708 82
1700 8
2334 54
3668 25
3008 45
3788 37
2595 54
2454 58
2682 79
7012 3
1516 21
4881 57
5764 38
2066 45
3261 65
6544 35
3187 36
201 63
1300 59
1421 21
5310 47
4567 35
3628 61
811 23
881 50
2819 60
2066 52
4198 79
3745 85
606 71
6853 21
1782 63
3614 38
479 38
3803 58
3291 60
6751 26
5263 82
2118 49
5685 84
5325 58
2058 66
1792 71
27 56
1001 62
397 52
1612 82
1743 70
2923 56
397 54
5285 38
4059 21
5515 64
5486 53
4040 37
6827 1
4102 64
644 68
4257 36
6864 10
1914 21
3204 51
31 23
585 57
3070 60
2755 79
3713 25
6510 27
7007 13
5724 85
5035 63
6943 32
481 56
6040 35
6794 15
5062 79
4305 88
6763 22
1714 23
3090 60
876 65
5100 57
157 82
6430 51
459 51
41 21
606 81
2292 21
5090 59
3178 88
4865 23
6383 47
3295 53
64 96
1238 21
3954 64
1501 79
6481 63
2431 54
5220 58
1990 84
5325 91
4895 31
6999 26
4417 36
4958 47
881 21
3719 7
455 37
2460 66
6615 42
6109 79
929 21
5724 68
205 68
6823 60
1115 56
488 70
6278 63
700 57
6580 23
6774 53
6749 33
866 32
3989 57
3505 70
6846 7
6017 67
6291 18
5385 54
6918 9
2973 63
4102 94
6811 54
588 50
1389 38
6041 50
572 56
5285 64
4191 21
2993 44
4311 40
1690 96
5258 43
4224 72
5276 40
6367 80
6934 37
425 54
6718 56
5325 68
3952 62
2051 58
2066 52
5341 55
1877 81
6961 17
3686 44
730 21
455 4
1107 85
4323 21
6326 53
6790 67
6367 38
2433 58
4515 63
513 56
5198 96
166 21
5951 60
5688 57
3515 53
540 20
403 39
5360 25
5580 21
7037 3
580 54
5791 47
1327 41
677 36
1421 7
5515 62
824 88
92 85
552 39
3843 17
6029 60
471 20
1327 36
349 56
3175 42
5518 44
4399 82
348 88
3099 57
1521 67
6914 13
6800 66
2251 32
2063 21
6241 79
567 43
6162 21
2790 63
5101 23
4312 38
3501 75
6416 21
1316 56
1914 44
999 38
6993 13
4288 67
2136 79
649 37
2618 21
1361 5
3592 40
1409 56
52 58
686 79
433 40
3599 53
4639 51
843 61
1691 21
6314 12
5863 38
6416 23
6929 3
5511 33
2282 59
2655 48
3630 58
2315 57
6429 5
4603 40
4579 72
6029 85
4364 38
2827 85
3335 21
567 21
3307 64
1390 42
2482 67
5215 85
2492 23
6944 26
1067 40
1833 30
2239 51
5262 79
2934 21
1765 42
6856 40
6383 39
6628 25
3072 78
1103 29
403 22
5855 38
381 62
335 60
5603 47
4553 79
1492 51
368 37
6830 21
3931 53
3630 54
31 80
5310 51
1316 56
1352 58
6197 21
5321 79
1737 58
3694 85
4982 60
3769 28
6948 10
3785 57
5937 40
192 67
108 66
2254 63
2990 21
2492 48
4912 59
4217 45
597 64
2598 60
2793 4
6506 63
6637 7
6811 79
5434 65
6883 36
223 23
3793 79
1682 79
5357 54
6811 38
142 68
6443 21
3205 26
4737 21
4042 50
229 38
786 58
1211 36
506 45
3295 79
6794 3
5395 63
5417 25
4056 41
6780 8
4388 56
5611 79
2594 38
4976 39
2721 8
3010 36
5395 39
4742 85
2112 31
6857 39
6197 61
5250 47
2041 56
3870 2
552 21
3099 80
3570 69
2365 45
4986 91
7027 4
6279 8
1312 83
5357 30
1016 21
2562 61
1582 23
4417 39
6718 8
543 63
5258 21
889 51
6807 0
4081 58
229 53
60 79
668 23
3354 79
5499 84
2888 58
2358 68
2874 48
6800 49
2026 54
1471 46
6877 4
2051 61
5725 37
2058 62
4673 21
108 64
5060 51
381 62
4752 47
2078 63
5989 29
513 37
4679 42
4470 7
92 79
7018 21
1686 94
3263 51
3505 68
2993 61
330 70
1160 21
2494 30
6932 25
6243 28
1308 3
2695 23
1430 37
1421 42
6942 8
839 21
3270 63
4450 34
2973 37
543 60
2751 63
3252 21
6743 25
3728 70
6383 40
5724 58
4948 82
4125 37
2768 26
6832 79
2635 23
4261 42
4658 4
1356 79
3972 20
2041 70
5578 19
4725 11
5939 9
5132 54
6823 13
5951 85
5280 58
6721 26
5132 51
6785 3
4311 4
6587 3
223 36
4305 72
3134 55
4257 24
3592 63
2942 54
653 58
811 21
264 82
2737 57
1765 22
1722 71
6501 64
79 68
4376 20
2228 33
3802 84
6799 47
3188 20
198 85
3209 38
4858 9
5808 48
5315 2
3236 85
5766 79
2705 7
6807 7
3606 15
4658 17
2298 21
1378 72
4791 41
394 55
4388 51
3206 36
1179 51
49 79
2433 63
1312 82
6596 9
2747 71
2990 83
1641 84
1271 64
6790 22
3570 67
3661 21
6982 1
3121 38
2454 60
1612 56
702 36
4445 21
3225 91
5361 69
5548 20
4634 40
41 55
4417 85
4004 63
3599 40
5564 4
2766 64
4040 36
3354 79
222 40
2376 53
826 68
1379 55
3313 14
3206 44
1608 37
2888 58
69 53
132 63
4033 21
4921 23
6387 60
6870 13
3493 79
6867 1
5280 86
1083 82
317 73
5432 39
5325 67
1219 9
5951 58
6974 63
4946 21
3968 56
6337 80
5564 46
2494 40
5303 84
3863 56
108 61
3719 73
260 80
472 57
6895 3
3198 45
3965 39
1591 69
267 53
1653 79
4332 67
4982 72
1411 37
2079 45
969 77
5632 21
6252 62
6600 21
1849 38
6046 36
3271 45
3209 21
4328 42
4417 63
3785 85
630 82
3158 28
4834 27
2066 39
904 77
5040 12
1245 38
6612 58
381 84
2494 12
3616 42
4742 56
6838 15
90 84
6135 51
455 84
521 63
394 36
415 57
3669 53
3412 65
1517 76
64 96
6838 17
2768 88
6477 63
187 79
6430 51
374 57
2154 79
649 21
1558 55
4672 21
4918 21
6824 15
1027 53
3735 8
4834 25
1518 88
5360 21
6799 39
4217 21
6896 5
5360 46
2850 72
2704 23
5672 51
3349 40
5635 9
2651 19
3917 69
6917 3
3263 34
510 85
2239 21
543 61
693 68
5434 42
3972 20
303 53
2668 84
2618 61
5013 69
5859 79
4951 57
6580 39
488 83
6105 3
6390 60
6544 1
4407 57
1329 77
3162 62
3694 59
6855 3
3741 43
1388 54
3015 68
1557 81
3168 20
3089 23
735 68
6063 30
4922 9
1802 42
397 39
462 23
4070 1
3866 37
5759 18
565 34
2546 85
6880 21
6783 7
868 78
3004 23
3706 16
5280 64
6501 49
6873 51
863 60
962 12
5692 85
2548 61
4021 74
4407 58
693 72
3581 56
6929 32
2705 79
5165 35
6710 8
5518 50
5325 47
6682 66
5250 50
5 37
2973 85
5767 62
1916 37
6934 32
1573 42
880 53
4089 21
6580 23
6478 12
3655 23
6883 53
5764 46
1167 38
284 94
3011 37
6371 88
6501 52
1876 53
868 83
6978 25
5395 58
5090 47
5339 36
5597 56
5736 36
3522 50
3581 42
6924 1
6326 24
2168 52
6600 12
540 41
6371 70
2820 50
6944 28
2358 77
462 52
2538 26
277 51
2781 8
3015 68
3010 3
994 36
2041 80
6109 21
3121 21
5035 79
1114 48
5280 79
6506 51
2594 63
4855 84
5330 8
3383 57
1158 8
2951 84
2993 61
5041 91
2066 23
3989 69
5417 19
1792 73
866 48
3188 37
1727 85
7029 5
6501 51
2282 31
1971 49
5200 40
1421 69
3134 84
1137 56
1378 74
3398 61
5528 72
5685 58
3779 21
1714 17
397 45
513 20
5219 40
6830 7
4838 79
1557 58
4406 43
3680 65
3419 58
2471 20
5637 12
558 42
459 5
1074 53
2671 79
1742 36
736 3
6841 8
626 33
1128 64
630 84
14 37
2292 51
3061 56
6790 60
3921 39
479 40
1971 46
3391 56
4301 6
2161 21
1027 40
5837 23
552 40
89 51
3414 63
4170 53
2112 42
3875 8
4063 54
5937 14
1313 53
1558 21
3954 84
1588 67
5760 46
115 60
6830 9
192 22
147 94
932 54
132 91
5310 20
6687 38
3383 63
2148 82
109 62
4679 54
3468 84
3521 22
6805 14
6864 37
2136 62
880 85
3516 51
5676 53
1368 57
3866 23
192 8
3871 40
2609 39
2054 22
5937 85
3669 38
4941 26
2041 76
2820 57
1557 60
2550 57
1074 63
6821 35
5237 43
300 28
3270 50
5142 43
2623 40
659 76
4742 57
2686 39
4040 16
3864 30
1380 88
1294 58
4161 58
5200 44
4633 65
630 84
5370 36
3216 38
6863 19
1179 57
2219 4
6337 84
718 57
279 60
1508 22
4982 84
1717 25
3917 62
5842 40
740 64
3899 54
1935 40
3989 59
5998 78
2631 21
797 82
335 69
139 21
4459 21
543 61
1779 39
1877 9
5094 68
5652 50
6238 35
4080 58
2655 21
6832 22
6909 82
6038 45
702 67
6109 21
1278 24
2768 40
1248 56
6197 59
1157 43
5403 40
695 50
4305 39
3522 20
5749 62
5060 28
5914 21
6774 7
700 40
3402 44
5061 39
3630 84
2104 72
6479 70
6689 20
6828 10
889 48
3008 38
1849 46
580 23
681 42
2095 85
5198 79
3198 21
6854 17
3599 21
1295 36
6769 3
3060 42
397 41
3572 8
6814 39
3433 2
3273 22
4407 79
471 21
6853 53
3449 51
3852 57
6758 33
378 37
6971 5
5432 79
4865 46
2190 79
1242 54
5557 39
5280 42
1413 79
4892 40
4445 41
5035 84
1619 21
1214 53
4501 51
6970 15
867 38
74 63
4862 84
4836 42
1492 60
3678 54
5669 52
4949 38
6790 10
6880 48
2819 58
3449 5
6887 4
1737 61
2778 22
2814 33
1278 35
6241 59
5100 57
4769 20
2908 46
6957 28
6794 20
4458 4
5025 57
6906 6
1726 27
2778 80
2254 45
5584 7
1893 11
4579 56
1233 24
3298 56
5325 54
3965 46
4417 41
969 75
1789 40
649 9
1211 21
3852 84
4212 21
3719 67
6830 14
296 23
403 12
4769 40
6728 34
2482 58
6831 66
1085 57
3099 56
6786 8
2959 79
775 54
4663 8
2857 41
328 56
90 58
6972 54
2460 60
6624 20
7018 23
5325 88
5662 45
6872 2
6909 5
1809 65
1717 21
6711 5
6934 3
1009 79
5341 78
6416 21
303 40
6303 35
5976 90
5704 12
89 54
6022 8
2672 56
3119 11
621 30
6600 88
6447 70
4986 68
3200 16
3998 45
2008 79
4100 53
5285 79
5193 22
461 36
90 85
2968 22
4673 79
681 20
505 58
5319 81
4666 40
2768 40
6478 38
6551 68
904 76
2737 62
1889 56
5848 63
6862 18
4884 21
6811 72
501 81
5502 55
1006 68
4100 38
1465 51
5822 22
2239 55
1006 87
269 84
2781 58
4855 63
5764 45
3751 86
2275 56
6477 51
33 29
2460 60
6295 20
3224 8
2136 50
6595 34
1554 76
593 60
5325 96
957 11
811 37
2558 79
1558 23
2054 40
2298 22
1536 11
681 41
3354 60
4949 17
1179 42
2646 48
1914 39
120 24
2434 60
4934 56
6044 37
2637 79
6613 20
2772 84
570 58
6911 16
6017 85
428 62
5758 25
6804 9
3015 12
3719 42
1036 70
1378 72
5035 85
3977 36
2434 78
2634 21
6501 79
1465 38
6857 34
6894 1
6436 40
488 38
483 81
6986 5
6389 25
1341 21
6966 0
6758 11
6197 79
2620 38
3333 79
4515 64
3315 57
1765 21
2550 0
632 36
4311 59
410 96
4018 30
6448 64
6682 38
688 23
2646 0
3047 21
505 57
6544 48
23 43
2454 39
1114 46
6220 22
373 84
6949 7
2254 67
3186 53
6029 85
2066 79
2492 21
3813 73
4081 23
1595 21
2620 22
4979 38
1175 62
4725 22
5094 68
455 45
4782 8
2021 56
4949 40
7012 8
2546 56
3575 26
1295 40
3592 69
2112 51
4672 56
5154 82
6801 5
3953 25
6856 61
2919 24
6811 88
1214 34
2518 76
2148 70
1612 85
3569 42
2014 21
1158 8
6824 21
6246 33
41 39
6687 38
1327 37
1782 56
5325 21
807 52
3290 46
5280 88
3047 44
5580 22
5280 21
1359 27
715 23
27 65
6477 83
2154 20
1359 12
2634 84
5006 36
6978 9
2637 83
6197 21
6587 16
4543 39
630 21
3719 66
1011 70
5724 49
2368 81
3134 56
3599 39
4125 21
3781 53
2618 39
2180 79
1180 65
5759 49
279 58
3719 50
4900 21
4444 51
6261 56
4836 49
575 91
5162 36
1500 26
5759 73
5443 55
1214 51
4862 37
3931 45
4741 21
3921 55
49 21
740 53
5640 61
488 84
472 58
5669 14
3646 47
5443 21
6799 45
4257 15
5236 68
4217 23
3952 58
4934 37
4125 40
6314 26
5339 32
2777 79
6876 13
250 91
2112 45
2533 67
4633 60
6776 19
1517 85
6811 9
6824 36
147 88
4542 79
5759 52
863 63
5261 23
5587 84
3252 20
1849 45
2282 49
5441 79
4100 39
4301 7
348 91
462 85
5341 17
2550 55
483 57
1772 7
1325 22
4311 82
6986 3
2533 63
5976 37
6821 4
5325 76
1067 48
2550 88
5475 46
3121 53
1558 37
5724 46
1454 86
2489 51
5006 48
3574 38
695 41
4042 54
1242 27
3130 81
3751 60
6140 37
2617 84
6503 19
360 23
1968 39
3042 39
3027 79
3602 29
5142 37
2617 39
1251 80
6038 21
6790 1
6344 4
6959 15
718 83
5711 64
3121 17
6991 9
3140 23
5676 82
4666 36
360 51
6383 5
2136 39
5475 21
2768 63
3290 38
5127 36
4673 86
55 54
6434 7
6799 16
5759 79
6256 56
4391 42
1229 21
6828 3
6477 58
1634 84
229 53
670 37
415 64
591 74
4224 79
407 36
6596 35
4977 23
4224 76
3209 40
5847 49
4679 38
3089 51
2971 85
673 72
1388 56
2044 31
6927 8
1533 64
1079 79
3270 44
4647 23
4760 38
630 44
588 60
203 84
2449 46
6445 84
3687 65
111 23
1645 79
2550 70
3134 21
5676 69
1714 21
3824 11
4076 53
6826 33
5417 18
5848 56
1344 21
4986 75
7046 3
3965 47
1465 51
4027 38
6478 23
5528 21
6610 21
1242 25
470 84
5132 21
6610 54
2421 56
1678 54
2482 60
146 22
1415 20
2907 45
4205 79
2704 39
6628 25
4081 84
5708 65
3261 79
2136 62
301 12
1876 21
5976 54
4949 39
6887 1
5669 51
1914 75
4726 39
4717 79
3616 38
3060 12
697 60
5895 58
5743 58
5357 5
6367 85
2908 43
3745 69
4558 36
641 53
3402 39
1424 58
2603 75
428 42
4574 79
6631 0
6972 21
76 22
5475 58
4311 15
1612 64
15 68
25 21
4430 21
6613 21
6446 21
6868 13
1103 27
1312 84
1325 79
6436 21
5528 82
409 36
653 58
4040 13
6478 38
1356 65
4647 81
1694 42
2239 42
6718 60
4525 37
5280 85
2178 53
2154 21
6682 64
139 67
360 23
5280 77
1074 42
6517 38
4864 58
4476 21
4391 54
2454 38
1128 21
3515 45
3438 63
2136 44
4021 76
5724 71
6841 1
1783 83
6973 38
6258 25
6099 11
1912 56
668 28
3333 80
2818 20
2855 51
6776 34
6965 2
5635 9
5325 73
5280 23
2550 64
521 64
2227 36
1388 40
3852 49
4224 67
1211 21
5325 73
2717 79
6969 53
5227 34
1275 79
1471 51
1743 93
397 44
5548 38
6947 73
2394 42
2706 30
1114 21
2315 85
6517 60
5518 38
5808 53
6824 35
6506 33
6783 11
6822 37
1454 85
681 37
3954 79
4895 8
3843 19
368 23
6445 63
410 96
76 79
6544 41
935 40
2219 33
3569 11
6799 79
6864 4
6855 3
6446 54
4039 56
6446 28
4325 40
2049 40
1721 53
60 9
6831 30
2598 64
2594 57
4391 21
4195 22
2365 54
2368 7
120 37
4021 1
4284 26
6952 45
3221 49
6930 52
2552 38
2781 79
5742 67
1690 68
6401 84
686 61
574 39
3225 73
3719 52
6821 16
4314 43
394 85
6862 4
2650 39
4948 60
120 44
6857 54
4584 36
649 23
4445 46
4672 79
2894 56
702 54
6543 12
1582 20
2655 51
2635 51
6784 16
1926 84
468 79
3687 46
6865 9
5025 79
2874 79
3104 76
403 41
1722 60
2562 58
4968 12
1031 88
4080 56
5389 37
5056 26
3100 36
3686 20
5899 28
1517 64
2 64
1284 54
441 80
2154 84
6800 64
6749 8
1183 39
2021 57
5767 56
1721 23
1192 37
4230 7
5013 70
2368 48
5441 54
1782 60
3678 12
1221 32
597 84
5731 51
3270 82
335 84
6858 9
3205 52
6811 21
5976 40
5569 31
3162 21
1458 23
5397 9
5731 2
3891 38
3965 48
5686 63
5669 21
1558 50
76 42
1993 24
6929 14
1645 62
6272 2
1735 73
6887 4
6823 9
4040 22
4752 54
1001 60
1278 53
1421 53
6420 25
472 63
3592 84
4433 8
2460 85
677 33
2154 60
120 50
14 23
5731 0
1188 79
5365 23
5227 12
999 53
2990 58
5443 23
1183 39
1413 57
811 39
488 94
2668 84
2595 38
4445 21
5650 2
2112 51
3871 21
3204 21
6436 44
6363 39
4785 36
3702 67
3391 93
4976 55
6359 33
3592 18
360 37
139 36
6190 22
1507 64
5288 12
4834 9
5976 54
2889 45
397 45
1316 67
317 76
5976 49
2746 67
4305 63
3655 86
4295 56
577 20
5365 53
2058 21
2704 40
1278 33
824 91
1380 90
957 36
2243 73
3694 65
3890 54
3461 85
6980 57
6876 13
441 86
3917 63
455 63
6949 4
5193 79
1682 56
6930 54
670 49
6272 64
6857 34
3257 8
252 79
108 49
368 45
89 21
797 56
2134 22
5736 53
3703 67
296 60
378 21
868 83
6742 22
552 37
6116 25
645 51
952 60
5976 23
4717 23
4525 36
5644 23
1747 23
2943 64
6942 26
5669 22
3766 38
6544 10
5 36
76 24
1619 53
6660 33
6207 12
4212 37
3875 15
2567 56
5271 81
1743 56
5321 60
297 30
1835 47
2112 36
4545 9
1242 54
6978 22
1167 20
4647 63
722 37
2704 23
315 94
4501 21
6682 57
2818 37
839 21
6224 30
6992 3
1379 37
2990 51
1637 67
5273 61
6689 51
5518 50
6436 54
1388 61
2148 96
3398 57
6945 4
4705 80
530 56
146 51
1608 35
6934 2
2971 51
1557 76
2433 60
6849 7
3375 58
3008 11
2609 21
2063 41
4551 56
3706 5
296 42
574 37
2396 96
2820 36
6190 46
3232 60
1229 48
6999 48
5273 58
6446 18
5013 96
1233 54
6600 79
1588 81
2631 21
6946 24
3745 40
1281 33
6241 42
2021 58
2737 21
1789 40
2100 79
3581 63
5502 54
4388 36
4430 54
6883 59
1550 56
6501 23
6785 3
284 96
7032 5
1137 56
6880 38
3513 87
2980 60
3200 8
6803 23
6648 23
4884 53
6820 16
5132 21
6824 69
621 12
1849 38
4791 47
2747 73
6936 1
5395 58
6506 53
2136 22
6882 38
1916 51
232 60
1041 87
4270 38
5245 63
1430 53
574 39
6774 51
6544 9
4730 44
6478 23
1229 38
1211 41
7004 9
3010 45
6041 53
6880 0
3628 69
6725 5
3968 78
588 78
6822 34
2492 49
2907 21
1471 20
4286 30
6383 39
5859 51
2818 38
1517 68
2394 21
2368 37
2781 0
6363 84
5676 37
6367 36
3333 79
5399 11
3137 79
4060 51
5262 86
6344 21
1997 8
5395 80
3267 21
3261 64
3680 84
6840 1
775 21
5006 45
4299 8
6880 38
1726 16
3290 48
2737 39
2790 67
2923 79
2207 38
6815 3
5132 21
3628 65
6501 8
5637 21
5395 86
2973 86
2352 64
5025 44
6590 41
6790 53
247 51
6430 21
2805 95
3270 23
5443 37
1483 40
3133 12
296 38
950 44
1238 64
2368 22
3745 5
2760 26
918 63
6046 40
3669 44
4574 84
5924 23
4478 65
4551 60
3513 60
27 83
6876 4
3440 84
397 79
6687 56
5315 10
6823 79
3383 59
3687 83
4501 40
5339 49
5443 53
6414 36
3012 78
1557 76
6130 79
6798 25
6914 14
6952 53
3070 39
5276 55
6234 51
3732 9
5013 89
4726 60
6826 17
2983 20
3119 49
92 89
6857 13
4148 25
6718 81
5760 38
2497 40
1783 72
6285 81
232 78
639 12
1533 84
3668 19
3505 93
3513 81
2358 72
6946 39
6749 51
4224 70
1390 39
1275 79
3209 40
1005 63
1389 27
4191 21
6660 30
1554 57
55 21
6436 5
6820 5
5736 21
6823 59
3354 42
5736 42
6786 4
5741 4
6995 8
2112 46
5749 23
6947 20
5101 73
5261 11
7006 42
5565 24
6171 80
1079 79
4331 70
2041 91
5780 46
580 21
3134 28
4791 36
4949 55
2138 61
2567 69
1167 44
670 37
5685 23
403 41
2649 36
5285 72
1507 21
6716 6
290 79
4583 21
1653 84
5678 69
2837 85
904 70
381 79
957 25
5215 81
2973 54
2595 53
1717 40
1376 21
3121 55
6872 43
6624 38
1035 21
4869 57
146 22
1135 23
396 62
2935 26
6901 15
2136 59
630 79
6832 7
6326 13
6926 33
3290 21
3716 79
6572 17
3430 71
3824 24
999 80
6954 6
461 21
6803 54
246 21
4427 56
5829 51
4567 38
1742 46
4892 13
2737 61
3547 20
3047 21
5365 2
4545 9
4895 31
6363 22
1409 82
3402 25
4707 63
1035 20
1312 60
2136 21
838 48
2368 45
2341 42
1251 23
3999 56
6246 12
2410 78
2298 84
5644 58
3584 37
3354 79
6190 36
5154 81
6114 22
2983 54
3852 60
3430 68
3694 80
6519 21
957 54
3686 38
1829 68
826 68
1352 37
2 59
3349 21
5758 28
1183 20
5276 37
6775 8
3931 41
238 23
570 33
305 43
3015 12
3832 84
177 21
6554 35
929 53
2275 60
889 11
6709 3
1608 33
3298 79
2156 88
4553 64
3732 9
1916 12
2058 66
1717 21
92 79
2571 48
1619 21
4222 67
866 21
3738 91
1882 59
5743 61
6799 57
5268 51
3628 58
2434 21
5321 57
1251 54
366 90
560 41
659 70
4982 96
201 21
2515 86
7036 54
130 59
6794 25
4673 21
1242 21
866 54
1968 48
5258 53
1326 55
425 22
316 36
6803 12
6790 12
4328 60
6099 79
5127 20
839 21
6721 16
5200 21
6893 5
360 44
4892 3
2755 54
2391 82
6299 9
6820 5
6503 7
1380 96
1916 64
5460 21
3252 45
4042 54
3221 67
5976 45
6710 6
843 2
3505 73
4911 42
508 55
1792 68
52 78
5989 14
4682 43
6983 3
4257 30
1968 42
5013 88
1744 22
1507 47
246 21
649 38
6999 63
3719 69
1783 76
6749 67
1379 46
6822 47
2066 37
6749 49
3574 40
6834 7
1035 51
2623 50
6344 7
5514 85
3686 9
4388 63
192 58
4760 40
2968 0
3606 63
3931 38
6261 68
6682 27
1550 17
2609 21
3198 36
1714 12
2529 61
4603 39
1371 21
6358 60
2315 79
3066 41
1638 21
3952 46
3719 68
6412 42
5 38
1380 88
5220 57
4391 45
3010 29
994 50
252 63
6930 39
6292 42
6810 30
3844 21
6824 7
7023 3
4583 63
6506 20
4450 33
4284 54
611 60
866 40
5154 79
6873 39
2454 55
43 33
3793 22
6934 21
1089 26
229 38
702 22
3402 39
5708 64
4862 55
76 4
3844 21
6826 30
6613 36
5361 25
1588 85
79 94
4769 47
3989 83
1765 34
838 47
1238 60
2239 6
4496 54
3295 82
2894 56
6868 25
521 58
6506 53
394 26
5764 11
540 21
6874 38
3012 61
4314 45
1802 23
4741 47
6749 23
6906 17
5237 42
1971 45
6847 3
2778 83
1327 39
2686 53
6560 36
748 39
1074 83
648 85
1783 44
5514 79
92 79
5916 36
5142 40
622 72
1911 71
6880 37
1733 22
5518 55
6041 55
1877 79
284 79
3010 80
2888 79
3624 23
6429 32
1180 78
2358 71
2620 38
3639 60
1411 37
639 53
6443 21
6763 14
4982 89
462 36
6613 21
3532 54
6445 47
6910 5
6581 36
6861 8
2603 76
2550 44
5764 42
6855 19
2837 57
5395 57
5357 40
2233 57
3779 21
5271 21
2494 36
649 53
6999 88
6443 21
5690 41
4934 67
1405 25
2562 61
7019 9
4417 45
5899 26
639 23
5611 67
6799 68
2123 80
1086 21
2623 40
2653 54
1579 82
935 21
6344 9
4862 60
3206 54
3844 51
1700 75
1483 60
2695 85
889 46
3758 51
3921 37
1516 25
1712 56
1501 21
2489 37
2522 53
222 63
3512 58
3799 82
4291 56
4333 58
6027 54
5250 23
5564 4
4833 79
201 91
5904 74
146 7
513 42
300 67
4752 53
6038 40
5355 53
3581 21
3383 23
3769 81
574 48
4734 17
1186 50
7009 19
5864 57
4257 32
6363 54
1914 52
4496 46
4909 51
1388 12
2598 84
2858 64
824 76
92 79
6533 57
4102 30
1914 23
3419 60
1634 66
1006 95
6948 15
1238 53
2365 54
6477 58
2060 58
6774 37
2598 56
5013 79
10 46
229 48
3420 79
6192 25
3008 44
2606 79
5225 23
2161 23
5177 40
4148 27
6918 26
6562 21
4125 38
1409 40
4102 19
2489 22
7040 7
890 21
4444 37
912 27
200 42
2434 42
4911 43
620 42
3529 58
6857 35
108 39
3419 79
1415 32
3279 24
4742 67
5280 61
5564 43
2760 12
6955 3
5637 33
185 54
2148 60
2521 56
3133 45
5905 56
5180 39
5502 40
1789 49
922 23
165 72
3047 63
293 79
2148 86
1559 91
513 85
4579 89
6478 38
852 20
3669 40
3186 22
5261 9
2650 12
1251 57
3745 6
3570 64
6692 15
5593 38
681 41
574 44
2138 25
2154 11
2058 58
2358 95
5632 21
2014 42
281 63
681 39
6934 10
488 79
4934 54
2623 41
6883 40
880 64
1294 49
3257 17
6906 6
6831 63
6076 79
824 87
481 84
4921 54
950 55
2650 47
3779 21
6544 29
3732 14
6029 71
1192 36
2755 59
3008 38
4100 21
5714 41
950 20
2037 81
4501 21
501 23
697 67
6837 16
1877 81
1011 70
4629 51
922 54
2051 84
5361 57
3398 57
5 44
4501 53
4692 21
3411 39
3100 21
33 26
3415 54
1304 56
6316 30
2434 59
6956 14
5357 53
6959 18
957 86
6483 34
52 28
3296 85
4301 81
3864 25
2923 67
3252 55
1833 22
6345 82
1295 20
1971 49
2227 36
3618 36
5219 37
425 21
367 23
950 44
1487 63
852 21
4774 65
5997 57
6864 51
5749 60
1536 79
1376 53
1047 42
3646 21
3750 54
1060 37
2136 64
5250 21
1175 23
5262 79
6477 67
4977 7
89 42
3205 30
1378 92
108 21
6345 21
5434 62
1325 84
6763 86
6822 26
520 82
5759 64
4387 60
3106 79
2818 41
1425 77
165 88
1521 80
33 49
3803 67
3383 63
1085 79
4224 43
2768 39
394 21
4741 37
3280 13
748 21
6910 3
1127 53
6243 30
6252 59
5546 21
4222 23
6853 32
5557 23
5593 55
852 20
3606 64
2635 53
6718 4
1914 28
2243 74
2943 58
649 21
2618 39
6692 34
89 21
455 40
867 36
3687 55
14 44
2594 23
5637 45
6866 0
828 59
3952 69
5285 21
5780 52
3881 43
3468 17
581 51
3115 54
632 22
5759 74
2454 40
6838 18
357 67
6865 0
7029 17
6152 4
1128 64
1645 71
5280 21
2538 27
2855 79
1268 79
6867 9
23 22
4849 52
6224 27
6645 17
1114 42
6891 0
952 58
912 33
2494 54
2793 3
922 43
185 21
4682 39
611 20
6832 21
5563 21
2717 60
6172 57
4892 54
147 76
6153 8
2148 94
3661 42
722 40
2531 21
5836 39
6900 13
621 33
5100 57
6775 16
5523 58
3581 21
6800 59
6831 33
5518 50
3236 79
811 39
4501 48
300 88
3678 42
3614 36
994 21
3158 15
3359 41
1710 67
880 63
330 70
644 57
5998 85
3187 36
4076 21
5395 57
513 61
4663 43
4478 58
6811 89
4280 18
3188 25
957 44
5475 45
130 21
3200 12
3569 51
6864 41
130 66
903 21
1948 51
5914 21
4918 23
5357 37
843 56
1848 68
4705 58
6859 54
6800 69
3745 48
2148 80
2066 38
649 21
2306 7
3785 86
2646 51
6873 37
27 63
5434 47
1242 21
957 37
4227 67
3686 37
6889 21
757 24
5339 37
3569 51
2433 73
165 92
3270 71
260 67
2535 81
5742 79
4002 64
6949 15
4705 21
6639 5
3844 51
4325 33
418 58
1074 21
5258 21
4911 59
2 79
2764 37
2454 41
3788 7
6162 23
6946 22
510 57
2049 23
5245 56
1192 37
1916 80
2051 63
540 23
5237 54
2054 11
673 68
1359 31
2136 79
1257 51
4053 84
6799 34
702 44
3438 60
4603 37
5258 9
3954 67
1608 33
5662 47
6208 38
668 48
1558 51
6839 1
4715 21
2078 48
2749 79
6975 30
394 12
3285 53
5261 21
6162 49
1454 79
1483 58
5060 44
2433 64
5976 49
6041 52
4726 86
5061 51
6999 33
1186 53
6076 56
4666 21
6946 33
6860 37
4459 21
208 53
1916 67
6951 21
6782 18
1183 83
1848 68
3221 32
4672 79
2139 80
6879 1
4496 23
1916 43
5515 86
1515 57
3042 20
4224 56
6832 35
4898 38
1465 21
2567 79
3027 63
3719 64
2831 67
3298 84
6899 88
2858 62
4040 32
6478 20
630 84
843 67
1285 56
3614 44
3402 21
722 39
4445 21
4089 58
5090 65
6824 67
6927 7
1638 47
368 23
3168 21
2066 37
6809 6
7013 4
1074 44
3954 56
3414 66
64 57
3391 88
1095 62
6947 64
2275 63
479 55
2942 85
1079 80
6252 62
6682 36
2454 79
3694 84
6992 7
558 23
5600 89
6823 9
1558 52
4217 54
4125 43
7016 8
6880 21
1379 45
1421 46
403 50
1971 47
139 95
6823 24
6865 21
5842 58
3140 41
2766 58
851 79
6517 20
540 23
1678 48
6220 23
2548 78
6692 16
201 79
3921 12
6689 1
5760 39
4089 20
437 42
3004 36
2768 38
1916 47
6197 51
2635 54
4100 41
1083 81
5831 17
3719 33
3614 1
5454 70
5325 79
1079 79
3093 21
6367 69
3572 55
6957 38
6171 23
368 38
65 38
3793 79
6800 18
1507 60
2407 23
4476 21
5518 39
2695 21
2005 20
3270 37
5101 2
3719 66
6809 33
4730 39
2618 69
5787 19
5736 23
5285 76
5749 61
1722 63
2434 66
1027 59
269 64
1792 87
5685 37
1518 79
649 28
348 71
5714 49
6773 9
2334 20
1160 23
5273 79
6832 96
5395 79
5403 21
5273 59
5895 65
1295 49
510 57
6946 39
3702 61
3680 86
2243 72
570 40
693 88
6832 77
5644 23
3572 59
3965 41
4501 21
6956 18
4934 60
1694 36
6946 36
4459 21
5731 23
6063 26
1051 49
415 85
339 31
1024 54
922 44
2154 9
5759 81
5215 84
6477 37
2134 53
5268 48
1848 56
1783 39
5325 20
3599 54
232 38
4305 71
284 76
6792 4
1765 53
2154 23
2137 58
2084 66
3205 43
4862 80
60 81
5708 67
6130 9
2254 61
3188 4
2174 26
5937 83
165 93
1209 56
5804 48
1420 79
5760 48
5676 56
3460 58
7007 9
6436 51
4551 20
1233 25
1031 48
6856 61
5025 23
2084 34
5714 23
6544 42
6782 16
403 40
1782 64
6692 9
6889 36
6616 5
7030 2
2595 48
5724 23
6314 34
3395 14
6926 22
2154 78
215 22
10 38
681 20
3099 60
5432 40
2907 43
1275 58
3989 65
212 20
4102 70
5 54
3728 70
4021 71
2078 66
3099 58
6466 10
4458 4
1315 51
922 39
7 72
2492 47
6751 26
668 23
479 40
2037 58
397 57
108 35
5560 21
4496 75
731 68
5637 16
5395 79
580 55
2952 65
2239 18
543 55
246 53
4692 37
999 21
4217 39
3070 63
2254 40
214 85
2014 44
1375 36
2594 38
1445 8
5578 29
6918 4
4551 51
3461 23
6544 40
935 21
6544 48
6896 5
2550 67
1282 91
2598 58
6613 61
2168 39
4949 52
4284 54
5593 38
4789 41
6682 27
148 36
6241 21
4663 53
1167 51
4982 88
333 12
4407 44
3750 54
2631 51
957 36
3702 65
3989 79
7041 3
14 45
5688 2
6519 21
4127 58
4125 21
60 60
3832 84
2410 37
137 23
3449 16
4261 53
2269 43
1016 67
361 82
6844 17
2179 36
3803 56
1719 7
1464 64
4399 36
6363 59
6477 42
2646 53
1005 67
1990 63
775 53
508 43
7001 58
2090 21
2515 85
6501 60
2820 57
4782 8
232 60
6791 3
6907 59
5515 60
6882 4
2819 61
6947 68
3569 9
994 39
1645 61
2492 11
2606 51
680 54
6956 0
2219 28
4849 44
688 56
2078 42
999 81
1870 57
2014 39
6415 50
3862 56
199 70
3891 42
5461 16
677 39
2668 63
3899 51
4280 17
1829 65
5640 60
4102 72
6891 25
588 57
76 85
2894 79
6718 8
205 72
3333 60
4682 36
2275 61
6105 68
5764 54
5475 39
4862 68
479 38
621 34
4983 39
3735 3
630 38
296 79
5864 21
1507 9
2989 12
5855 38
2139 58
2561 28
4081 56
4417 1
2521 72
6718 26
4415 53
649 42
5041 96
6660 30
139 21
5060 41
3592 35
6946 11
1722 83
3004 54
339 39
880 7
743 77
5006 36
1035 21
6811 30
1591 85
1889 60
6946 8
1381 25
2454 48
6429 16
6936 7
7015 3
4934 50
3532 53
5688 17
6109 9
5724 39
5548 21
1137 56
3572 57
6581 39
786 53
510 79
3070 40
165 56
3175 44
6974 22
4387 79
2334 80
6613 51
2778 82
6931 3
2631 12
5760 39
2037 67
912 36
5506 81
4334 83
4864 56
2136 37
4325 55
2565 84
593 84
1637 56
513 56
1619 23
1052 43
2780 70
4251 57
1068 4
4583 84
256 64
2550 72
215 79
5546 21
3990 43
6998 4
1501 21
5676 43
6412 0
3175 36
4679 21
580 40
5237 40
1142 95
1313 52
5596 56
6855 4
3921 33
339 59
1765 46
937 91
6448 79
1455 84
1743 73
2373 82
3758 51
6858 8
6692 7
147 68
3099 57
6606 46
6920 3
5637 38
6922 4
5177 51
6964 28
300 39
3630 36
3270 57
6838 6
303 53
722 38
969 75
2567 63
261 54
4742 58
6147 84
6942 25
5271 40
381 66
6952 21
2923 85
880 21
1214 52
969 75
5705 81
6687 65
3572 57
2618 39
3415 40
6506 55
232 60
6865 9
2460 40
3592 37
5704 68
889 22
6832 39
842 85
5758 30
1610 36
5686 84
2805 21
6435 5
2227 41
2058 66
4430 56
6059 8
2942 3
815 21
5637 27
6624 39
1848 79
2521 70
3750 79
630 49
505 57
1187 82
6073 39
2342 60
3921 52
2154 57
796 70
3225 76
4496 21
6838 16
881 37
3871 43
2118 54
1454 56
649 7
3187 45
6104 61
5620 9
317 76
6197 40
2078 62
4574 68
6952 84
3252 37
3497 49
6774 28
1430 22
3359 54
5676 61
5895 8
65 40
1371 21
3411 48
3441 71
3769 4
757 56
574 63
3972 36
6506 38
6345 63
1036 73
4785 46
2454 21
1016 54
89 36
2482 69
6412 23
513 84
2746 22
2837 79
6292 30
109 58
2394 38
3880 58
1147 25
3005 21
4102 96
7001 1
1060 37
3574 60
6436 39
1779 36
5271 54
394 51
6728 29
6749 64
6038 38
3042 50
3832 64
1491 45
1378 96
2482 62
824 56
4579 88
807 49
3595 57
5515 65
5878 12
5339 47
1809 60
5268 39
2749 60
6017 58
6130 83
468 79
1517 79
2737 58
1582 42
1187 82
1608 56
4909 53
5976 23
2407 21
6799 33
5593 48
957 71
3348 79
2609 42
1721 42
632 32
4459 34
4407 57
3395 51
2852 67
686 84
199 79
5804 58
3134 41
1377 84
1352 64
2100 85
1031 68
6506 55
1518 64
2874 58
6006 66
2347 25
1772 5
2228 26
5142 44
1275 79
2154 42
1051 20
2746 40
5759 15
316 40
1187 23
3493 65
5714 23
300 37
743 71
4673 52
6470 54
1557 67
1645 79
5708 64
5061 38
2410 6
2365 23
2227 48
1411 54
132 95
2831 57
3595 51
2148 70
3070 64
621 54
4633 80
469 54
3354 21
5714 44
6805 4
4148 21
2050 81
5957 73
300 36
3438 56
6837 3
3234 40
965 57
1835 40
4862 50
644 43
269 82
3175 47
6363 58
139 38
2118 21
6436 37
2595 50
2219 46
1574 37
5280 72
6946 25
2148 58
315 21
2421 4
5600 72
6440 30
5410 54
1717 47
836 43
4858 29
4975 21
2148 23
2154 56
1326 21
6811 79
6969 33
2837 58
3493 84
5506 64
3398 84
5339 54
4852 37
680 21
3588 56
6918 4
3359 21
1375 36
1641 79
3113 43
6857 51
1727 63
5593 30
520 64
4949 52
5815 64
6718 57
6830 12
99 67
1325 85
64 64
4325 54
2617 24
4102 39
6166 79
4042 48
1558 21
4730 83
586 40
659 68
5395 67
6831 1
4739 30
6359 37
455 5
5285 79
6864 21
1742 37
5724 55
455 65
649 30
5162 12
5584 9
2531 51
462 63
120 21
5502 39
1352 45
6866 3
3115 55
836 42
1411 20
6914 9
3270 52
5475 40
552 21
5937 22
1690 56
7037 5
1420 66
3106 60
2233 60
3335 21
4102 17
659 68
4898 27
