6919 16
1340 176
463 172
7407 954
199 19
8199 5470
8200 4490
8201 4769
8206 5271
8207 3112
8211 5850
25 7688
8233 8044
8238 1879
8243 2104
8246 7226
8252 3869
8255 5838
8256 8162
8262 224
8263 3319
8264 5251
8273 349
8277 3962
86 2793
8283 2719
8284 5564
8289 411
8292 6158
8307 73
8316 3019
8317 6639
8321 6358
8324 7784
8328 8106
8330 6197
8336 6266
8338 2342
8342 145
8346 2987
8347 5313
8350 4058
8365 3683
8370 1289
8378 4222
8391 3885
8392 6109
8397 3005
8403 5090
8405 3844
8406 973
8407 6784
8410 5678
8411 7533
8412 2024
8413 7410
8414 841
8415 3544
8416 5752
8417 6457
8418 7712
8419 3499
8420 991
8421 5341
8422 6251
8423 8123
8424 402
8425 3363
8426 830
8427 728
8428 6887
8429 3916
8430 239
8431 3421
8432 2389
8433 2103
8434 5402
8435 839
8436 949
8437 6056
8438 837
8439 3734
8440 7361
8441 5218
8442 4847
8443 528
8444 7669
8445 1221
8446 5374
8447 3578
8448 6915
8449 3663
8450 8106
8451 716
8452 2664
8453 3527
8454 7740
8455 7221
8456 2696
8457 250
8458 5550
8459 4639
8460 5631
8461 7752
8462 812
8463 2497
8464 6044
8465 4076
8466 1995
8467 6904
8468 6704
8469 4759
8470 1120
8471 7178
8472 8038
8473 2594
8474 6669
8475 1276
8476 6334
8477 981
8478 504
8479 4612
8480 5531
8481 2531
8482 3926
8483 3718
8484 3487
8485 1980
8486 1156
8487 3929
8488 656
8489 4807
8490 2023
8491 4185
8492 6119
8493 3629
8494 4547
8495 6956
8496 3936
8497 6399
8498 497
8499 7368
8500 909
8501 7681
8502 2766
8503 3967
8504 622
8505 1424
8506 2558
8507 6066
8508 7841
8509 614
8510 5700
8511 495
8512 6863
8513 1841
8514 2848
8515 3657
8516 7064
8517 611
8518 3783
8519 4722
8520 1868
8521 1777
8522 7495
8523 2261
8524 1757
8525 5222
8526 1896
8527 1659
8528 4529
8529 1780
8530 7004
8531 3687
8532 4150
8533 1518
8534 3358
8535 4978
8536 6770
8537 6033
8538 3267
8539 4943
8540 4857
8541 280
8542 4537
8543 517
8544 5974
8545 2527
8546 7623
8547 23
8548 408
8549 1892
8550 3509
8551 5759
8552 2615
8553 5041
8554 4100
8555 5645
8556 7943
8557 768
8558 8121
8559 5447
8560 5000
8561 1238
8562 3755
8563 5221
8564 680
8565 3042
8566 7977
8567 1756
8568 7668
8569 7973
8570 2090
8571 5533
8572 1692
8573 2947
8574 7899
8575 1540
8576 7692
8577 2316
8578 2912
8579 7143
8580 5552
8581 1816
8582 8146
8583 78
8584 6944
8585 5562
8586 110
8587 581
8588 5698
8589 7967
8590 6213
8591 2329
8592 4679
8593 4284
8594 2867
8595 952
8596 6474
8597 6783
8598 1992
8599 6450
8600 1125
8601 7474
8602 2907
8603 4270
8604 1509
8605 5646
8606 6245
8607 3983
8608 7828
8609 5582
8610 519
8611 5332
8612 7564
8613 2941
8614 4956
8615 4804
8616 7268
8617 3233
8618 8102
8619 7566
8620 7652
8621 1079
8622 7249
8623 1810
8624 5568
8625 2145
8626 4507
8627 5785
8628 6959
8629 3945
8630 2402
8631 3124
8632 3793
8633 7123
8634 4821
8635 1997
8636 2271
8637 3030
8638 5770
8639 6065
8640 6510
8641 6612
8642 2679
8643 327
8644 3859
8645 3373
8646 1062
8647 6355
8648 7767
8649 3177
8650 3236
8651 8367
8652 1569
8653 3810
8654 2760
8655 6131
8656 1074
8657 6802
8658 6119
8659 4009
8660 5636
8661 3225
8662 5528
8663 7931
8664 3530
8665 4249
8666 2865
8667 2500
8668 7412
8669 2482
8670 6209
8671 3136
8672 3422
8673 2860
8674 2493
8675 6138
8676 1325
8677 4826
8678 6191
8679 5759
8680 1582
8681 61
8682 738
8683 7104
8684 7126
8685 2013
8686 6243
8687 5952
8688 2056
8689 3666
8690 326
8691 1191
8692 5760
8693 8119
8694 6689
8695 7033
8696 813
8697 4760
8698 7220
8699 6857
8700 96
8701 469
8702 3274
8703 2940
8704 3439
8705 5527
8706 7303
8707 80
8708 4312
8709 8257
8710 3921
8711 5852
8712 3375
8713 6947
8714 1656
8715 3457
8716 3537
8717 8177
8718 6799
8719 5730
8720 6831
8721 2388
8722 1299
8723 1939
8724 6719
8725 46
8726 1835
8727 7299
8728 8361
8729 7384
8730 1233
8731 2055
8732 5066
8733 4494
8734 3167
8735 1252
8736 1951
8737 5665
8738 8154
547 3043
8739 7278
8740 3886
8741 7698
8742 4560
8743 8128
8744 5014
8745 3612
8746 8118
8747 4028
8748 3258
8749 3721
8750 2899
8751 4635
8753 2646
8752 4263
8755 2793
8756 4838
8757 831
8758 5157
8759 3212
8754 5674
8761 528
8762 5981
8763 4418
8764 4074
8765 6647
8760 564
8767 2436
8768 2067
8769 3571
8770 3400
8771 593
8772 2203
8773 4857
8774 5650
8775 4188
8776 1444
8777 1689
8778 3605
8779 4695
8780 7487
8781 7409
8782 4933
8783 3054
8784 6198
8785 1756
8786 15
8787 6850
8788 5116
8789 465
8790 398
8791 7924
8792 7171
8793 3792
8794 3834
8795 1569
8796 4794
8797 3216
8798 7365
8799 2226
8800 5775
8801 3691
8802 1818
8803 7883
8804 3074
8805 3792
8806 7455
8807 5195
8808 8213
8809 7328
8810 7239
8811 2779
8812 3238
8813 1653
8814 7316
8815 3181
8816 3179
8817 1888
8818 1709
8819 2119
8820 5598
8821 3519
8822 2579
8823 6723
8824 4742
8825 5203
8826 5040
8827 7675
8828 56
8829 435
8830 1828
8831 6962
8832 5766
8833 8145
8834 817
8835 3231
8836 2734
8837 5772
8838 4051
8839 3408
8840 778
8841 3455
8842 2281
8843 635
8844 2945
8845 5367
8846 7403
8847 179
8848 1185
8849 1454
8850 5070
8851 1550
8852 1240
8853 2568
8854 908
8855 7621
8856 6708
8857 584
8858 5943
8859 1673
8860 1499
8861 4400
8862 7640
8863 5692
8864 2742
8865 4010
8866 1723
8867 1794
8868 2695
8869 7066
8870 1253
8871 5229
8872 6387
8873 4257
8874 4483
8875 5534
8876 770
8877 8408
8878 8266
8879 5339
8880 4849
8881 3837
8882 7994
8883 4417
8884 1029
8885 953
8886 4172
8887 7645
8888 5831
8889 1327
8890 2245
8891 2453
8892 3801
8893 407
8894 2133
8895 5147
8896 4910
8897 3644
8898 4927
8899 8226
8900 4420
8901 7343
8902 7594
8903 7186
8904 3274
8905 4870
8906 3
8907 8011
8908 7894
8909 3738
8910 723
8911 5774
8912 1698
8913 1378
8914 1607
8915 5038
8916 986
8917 7891
8918 8135
8919 5815
8920 2352
8921 5495
8922 3440
8923 3512
8924 5479
8925 984
8926 6814
8927 235
8928 2001
8929 5195
8930 1181
8931 5013
8932 5430
8933 2992
8934 4624
743 3976
8935 7759
8936 3774
8937 5415
8938 1845
8939 6514
8941 4195
8942 7759
8943 1989
8944 4962
8945 7528
8946 7394
8940 4092
756 5303
8949 832
8950 1196
8951 4619
8952 6758
8953 3802
8954 5666
8955 1870
8956 3984
8957 5887
8958 236
8959 7094
8960 6123
8961 5651
8962 4052
8963 6382
8964 3103
8965 6619
8966 6841
8967 3745
8968 4579
8969 1496
8970 1414
8971 7024
8972 1052
8973 76
8974 7631
8975 7056
8976 4370
8977 6395
8978 2740
8979 4238
8980 4873
8981 3478
8982 7473
8983 336
8984 1505
8985 8092
8986 2553
8987 2639
8988 1793
8989 7341
8990 5541
8991 4490
8992 7934
8993 4465
8994 3535
8995 289
8996 2214
8997 5601
8998 6709
8999 5265
9000 3076
9001 4497
9002 2099
9003 1806
9004 2356
9005 3963
9006 2021
9007 2885
9008 1949
9009 6515
9010 6263
9011 8401
9012 1485
9013 5107
9014 11
9015 1170
9016 7245
9017 42
9018 3713
9019 6962
9020 5795
9021 8061
9022 3554
9023 5998
9024 1817
9025 660
9026 3754
9027 7581
9028 7147
9029 3287
9030 509
9031 7875
9032 7481
9033 4300
9034 7423
9035 8202
9036 8309
9037 1488
9038 7815
9039 4350
9040 7057
9041 6239
9042 1031
9043 225
9044 2606
9045 2970
9046 961
9047 3251
9048 41
9049 3445
9050 915
9051 2155
9052 2057
9053 5974
9054 5207
9055 7549
9056 7513
9057 7069
9058 7900
9059 7799
9060 5969
9061 5732
9062 4312
9063 2163
9064 999
9065 7314
9066 2440
9067 952
9068 8353
9069 1334
9070 4147
9071 2255
9072 3849
9073 6733
9074 2633
9075 6987
9076 5735
9077 5422
9078 5030
9079 2900
9080 3367
9081 4605
890 1702
9082 788
9083 7022
9084 6906
9085 5255
9086 5110
9087 1378
9088 4032
9089 1260
9090 5728
9091 6610
9092 6722
9093 1445
9094 689
9095 395
9096 3938
9097 5357
9099 1530
9100 7968
9101 6692
9102 6429
9103 4556
9104 3627
9105 1096
9098 6352
9107 5117
9108 590
9106 6316
9110 6965
9109 1326
9112 2972
9113 7916
9114 2920
9115 3791
9116 8110
9117 5652
9118 2152
9119 6823
9120 5747
9121 8239
9122 8062
9123 2387
9124 8072
9125 7627
9126 8382
9127 728
9128 6581
9129 4316
9130 2275
9131 971
9132 5210
9133 5801
9134 186
9135 5694
9136 2495
9137 5402
9138 7302
9139 2317
9140 2923
9141 698
9142 6198
9143 232
9144 7409
9145 5048
9146 629
9147 7232
9148 7731
9149 2000
9150 5933
9151 5658
9152 7105
9153 6811
9154 3439
9155 4530
9156 3604
9157 6319
9158 3383
9159 810
9160 7481
9161 2441
9162 703
9163 5825
9164 3032
9165 5185
9166 2081
9167 4455
9168 4610
9169 69
9170 1657
9171 8229
9172 6507
9173 5128
9174 5473
9175 164
9176 6882
9177 2396
9178 7846
9179 2648
9180 3506
9181 6113
9182 121
9183 4235
9184 2201
9185 4935
9186 3522
9187 1409
9188 7175
9189 6080
9190 1749
9191 1585
9192 3857
9193 6246
9194 3042
9195 2345
9196 2157
9197 1393
1006 6179
9198 1234
9199 7411
9200 7316
9201 8173
9202 4537
9203 255
9204 6261
9206 132
9207 2505
9208 2008
9205 7650
9210 4045
9211 7782
9212 395
9213 6276
9209 3589
9215 3088
9216 2901
9217 1179
9214 4646
9218 8197
9219 1514
9220 2307
9221 1165
9223 3540
9224 1091
9225 5039
9226 7197
9227 3066
9228 2669
9229 6282
9230 5608
9231 8070
9232 6934
9233 3712
9234 3027
9235 3723
9236 7847
9237 157
9238 3479
9239 4842
9240 3364
9241 5589
9242 2413
9243 1844
9244 4854
9245 2697
9246 1744
9247 7653
9248 5622
9249 5888
9250 339
9251 4599
9252 7545
9253 7187
9254 7673
9255 2131
9256 1146
9257 5162
9258 7480
9259 834
9260 4612
9261 3436
9262 2003
9263 8183
9264 3356
9265 8027
9266 4985
9267 2918
9268 4221
9269 1857
9270 8181
9271 7463
1080 8251
9272 4656
9273 2337
9275 3496
9276 790
9277 7175
9278 344
9274 2528
9280 82
9279 1992
9281 5354
9282 7236
9284 6054
9285 3216
9286 1385
9287 3408
9288 2581
9283 6637
1098 4254
9290 1729
9291 6092
9292 4181
9293 4062
9294 5303
9295 7390
9296 7216
9297 5300
9298 6120
9299 6768
9300 2073
9301 4652
9303 617
9304 7552
9305 1355
9306 2340
9307 5956
9308 3466
9302 1121
9309 24
9311 1050
9312 3900
9313 8149
9314 5827
9315 2060
9316 2151
9317 885
9318 6836
9319 2388
9320 4428
9321 1444
9322 3516
9323 1184
9324 7423
9325 6764
9326 6818
9327 527
9328 6811
9329 7318
9330 3248
1139 8219
9331 6375
9332 4383
9333 3381
9334 1702
9335 2529
9336 7694
9337 5259
9338 4540
9339 3995
9340 4709
9341 1593
9342 1502
9343 1010
9344 6389
9345 4758
9346 2071
9347 4108
9348 1645
9349 5128
9351 7086
9350 2448
9352 4484
9353 4918
9354 6516
9355 308
9356 2307
9357 5339
9358 2119
9359 7438
9360 7971
9361 451
9362 5951
9363 4073
9364 6787
9365 6699
9366 2868
9367 5503
9368 3238
9369 5679
9370 4381
9371 5558
9372 3737
9373 6502
9374 3522
9375 5538
9376 2254
9377 625
9378 3032
9379 4197
9380 3260
9381 3329
9382 8084
9383 4445
9384 7355
9385 1949
9386 6604
9387 6827
9388 6842
9389 6608
9390 2925
9391 328
9392 6060
9393 5919
9394 6428
9395 5483
9396 920
9397 7692
9398 7409
9399 3275
9400 2059
9401 1690
9402 5377
9403 1640
9404 2113
9405 235
9406 4003
9407 7033
9408 2256
9409 867
9410 6821
9411 527
9412 2295
9413 699
9414 10
9415 4078
9416 6149
9417 554
9418 5179
9419 4975
9420 1588
9421 1442
9422 2364
9423 8175
9424 4490
9425 6708
9426 6003
9427 3036
9428 5218
9429 2644
9430 2784
9431 1925
9432 6111
9433 5522
9434 4149
9435 7450
9436 2195
9437 5687
9438 17
9439 5794
9440 4054
9441 477
9442 5830
9443 7887
9444 4220
9445 5476
9446 2935
9447 4465
9448 6527
9449 296
9450 8064
9451 5578
9452 6158
9453 6345
9454 2120
9455 3205
9456 6416
9457 8232
9458 4195
9459 342
9460 6473
9461 7907
9462 692
9463 1319
9464 2729
9465 5346
9466 7314
9467 6674
9468 7494
9469 6333
9470 310
9471 1938
9472 2982
9473 5832
9474 2578
9475 2534
9476 6030
9477 669
9478 685
9479 1313
9480 2672
9481 7173
9482 3158
1292 7601
9483 855
9484 7789
9485 2227
9486 554
9487 5309
9488 5911
9489 1472
9490 1721
9491 4054
9492 4769
9493 2996
9494 7934
9495 1780
9496 8254
9497 7740
9498 900
9499 6466
9500 6303
9501 4759
9502 4303
9503 1405
9504 3574
9505 6220
9506 7469
9507 3968
9508 5005
9509 45
9510 7792
9511 3964
9512 2763
9513 3657
9514 325
9515 2504
9516 6954
9517 2857
9518 933
9519 1449
9520 270
1331 1589
9521 2745
9522 5325
9523 5483
9524 7902
9525 1575
9526 7466
9527 4287
9528 861
9529 4617
9530 4644
9531 3850
9532 1560
9533 7394
9534 4868
9535 4545
9536 7164
9537 7721
9538 6997
9539 3871
9540 4615
9541 2706
9542 708
9543 8327
9544 3271
9545 4047
9546 7974
9547 1520
9548 5369
9549 588
9550 7930
9551 5008
9552 2236
9553 2014
9554 4824
9555 5959
9556 2734
9557 1302
9558 2455
9559 4729
9560 7436
9561 7571
9562 285
9563 2714
9564 2725
9565 1109
9566 1010
9567 3191
9568 6396
9569 8257
9570 1199
9571 6431
9572 3197
9573 2814
9574 5322
9575 4671
9576 283
9577 1990
9578 1529
9579 6964
9580 2510
9581 7757
9582 5513
9583 759
9584 1759
9585 3126
9586 3503
9587 3390
9588 8166
9589 5022
9590 7632
9591 5211
9592 1338
9593 6172
9594 3138
9595 7467
9596 8111
9597 6259
9598 8164
9599 6878
9600 2023
9601 5800
9602 1794
9603 1575
9604 948
9605 7791
9606 6069
9607 7288
9608 1911
9609 4927
9610 3655
9611 6554
9612 1668
9613 5440
9614 2347
9615 4922
9616 6222
9617 3966
9618 6850
9619 1614
9620 2689
9621 7880
9622 4490
9623 2149
9624 8280
9625 6846
9626 5830
9627 306
9628 6988
9629 7731
9630 330
9631 531
9632 3963
9633 5138
9634 534
9635 5432
9636 4667
9637 6031
9638 5073
9639 2650
9640 6277
9641 2482
9642 5260
9643 460
9644 1690
9645 696
9646 3305
9647 6652
9648 8060
9649 3921
9650 6582
9651 951
9652 49
9653 4689
9654 8398
9655 1778
9656 3198
9657 6862
9658 5279
9659 1293
9660 3755
9661 1515
9662 7051
9663 7440
9664 2232
9665 1447
9666 6442
9667 3415
9668 7094
9669 2298
9670 7338
9671 3036
9672 1491
9673 8349
9674 7351
9675 2210
9676 5111
9677 9
9678 799
9679 5564
9680 7198
9681 1458
9682 7318
9683 3807
9684 5192
9685 3460
9686 5839
9687 2756
9688 5970
9689 3625
9690 7249
9691 7905
1503 6217
9692 7280
9693 5810
9694 3874
9695 6254
9696 4266
9697 6941
9698 3054
9699 6885
9700 604
9701 5276
9702 563
9703 4485
9704 6924
9705 3909
9706 3070
9707 1678
9708 221
9709 5614
9710 2917
9711 4456
9712 7452
9713 8124
9714 1616
9715 3009
9716 246
9717 3983
9718 293
9719 2652
9720 1218
9721 4594
9722 4005
9723 4296
9724 2426
9725 2748
9726 344
9727 3472
9728 3984
9729 7279
9730 1956
9731 2776
9732 4253
9733 4310
9734 214
9735 7594
9736 5558
9737 3225
9738 5598
9739 3787
9740 1899
1553 6355
9741 4700
9742 157
9743 1876
9744 6426
9745 2872
9746 8173
9747 6499
9748 3759
9749 4250
9750 5725
9751 4073
9752 4049
9753 8235
9754 2838
9755 5971
9756 5526
9757 6709
9758 5785
9759 6101
9760 1643
9761 2264
9762 7226
9763 912
9764 6744
9765 4537
9766 1401
9767 4905
9768 5344
9769 5208
9770 2072
9771 2028
9772 5099
9773 5622
9774 2902
9775 5211
9776 5625
9777 457
9778 4739
9779 3011
9780 2373
9781 8143
9782 8339
9783 29
9784 7114
9785 1077
9786 8236
9787 6834
9788 537
9789 3635
9790 3498
9791 3707
9792 2177
9793 1584
9794 2262
9795 2946
9796 1107
9797 7055
9798 174
1612 7704
9799 3684
9800 2747
9801 6371
9802 5114
9803 5890
9804 386
9805 210
9806 2049
9807 6678
9808 788
9809 3461
9810 2930
9811 6580
9812 8024
9813 8042
9814 3375
9815 2942
9816 2063
9817 3867
9818 5723
9819 1607
9820 576
9821 3586
9822 8096
9823 4838
9824 783
9825 4683
9826 1992
9827 5697
9828 7402
9829 4646
9830 1687
9831 2174
9832 6928
9833 431
9834 5322
9835 4076
9836 2975
9837 5556
1652 1781
9838 3234
9839 8231
9840 1577
9841 3619
9842 3277
9843 1243
9844 6865
9845 6678
9846 2044
9847 3852
9848 7017
9849 7781
9850 3714
9851 5787
9852 6006
9853 7892
9854 6731
9855 3028
1671 5123
9856 5782
9857 2598
1674 4713
9858 4254
9859 1132
9860 7056
9861 4619
9862 5110
1680 6547
9864 7235
9865 977
9866 3294
9867 4230
9868 1925
9869 1274
9870 4990
9871 5656
9872 3530
9873 102
9874 6683
9875 2841
9876 4477
9877 1495
9878 5097
9879 2367
9880 6482
9881 356
9882 4687
9883 5613
9884 4670
9885 7727
9886 1665
9887 7673
9888 631
9889 2828
9890 2064
9891 6964
9892 649
9893 8266
9894 505
9895 1018
9896 1251
9897 191
9898 3284
9899 4158
9900 2609
9901 2171
9902 1457
9903 6660
9904 7965
9905 4738
9906 7836
9907 5592
9908 5973
9909 4509
9910 1229
9911 4302
9912 5727
9913 170
9914 2356
9915 509
9916 7108
9917 178
9918 2471
9919 333
9920 1481
9921 5099
9922 2798
9923 2057
9924 3345
9925 5340
9926 6405
9927 8210
9928 7838
9929 4596
9930 3925
9931 5242
9932 6901
9933 1513
9934 5829
9935 5545
9936 1885
9937 6447
9938 7553
9939 847
9940 2884
9941 1220
9942 4075
9943 4747
9944 2411
9945 3323
9946 2900
9947 3196
9948 8033
9949 6603
9950 7229
9951 3122
9952 6324
9953 7177
9954 5840
9955 6382
9956 335
9957 1120
9958 3562
9959 6643
9960 8311
9961 2685
9962 7482
9963 5852
9964 2282
9965 5583
9966 3039
9967 7697
9968 3772
9969 6756
9970 144
9971 323
9972 3943
9973 643
9974 7380
1792 8276
9976 4102
9977 3531
9978 175
9979 4293
9980 3072
9981 3911
9982 3345
9983 941
9984 7405
9985 1422
9986 6975
9987 5716
9988 6368
9989 366
9990 373
9991 5901
9992 6825
9993 6208
9994 973
9995 652
9996 555
9997 3345
1815 4728
9999 2807
2035 8152
2058 4271
2158 4562
2198 7710
2212 6560
9863 4992
2382 5408
2454 640
2469 8183
2472 3562
2601 625
2617 2657
2783 1687
2785 8066
2799 5673
2804 7830
2881 2394
2894 562
2983 3793
3044 7184
3105 243
3135 4387
8766 7557
3175 7594
3257 4918
3301 3193
3335 3053
3352 8037
3417 3311
3547 2629
3557 915
3590 3364
3637 7305
3652 955
3672 894
3679 4092
3724 2945
3980 7430
4012 2526
4016 2328
4024 3636
4029 2252
8947 6855
8948 1211
4087 369
4134 6336
4154 4617
4186 6278
4205 5989
4245 5390
4309 4085
4353 1248
4380 6037
4382 1872
4384 100
4499 6005
4628 1592
4673 3236
4754 5575
4763 3750
4815 6055
4836 4279
4860 1228
9111 2200
4942 4482
4950 7267
4953 4627
4987 5896
5032 761
5131 1078
9975 4486
5335 6687
5365 3887
5383 2127
5392 5059
9222 876
5444 2560
5499 2083
5507 2366
5548 4624
5569 4054
5597 2225
5660 8261
9998 6604
9289 3458
5844 8131
5855 6365
9310 431
5889 6858
5895 4070
5916 5664
5944 1188
5962 4939
5963 4825
5975 5706
5984 5676
6011 4407
6075 6036
6091 847
6163 3642
6166 5440
6192 427
6204 8282
6267 7178
6302 1011
6313 7163
6328 2737
6350 2280
6436 550
6444 6752
6469 7806
6478 6910
6484 1670
6498 8219
6517 3400
6545 7182
6573 5697
6606 2725
6628 445
6651 336
6654 2962
6677 1882
6695 7953
6715 887
6727 1403
6741 7949
6762 2184
6767 4674
6792 7476
6806 2936
6810 4896
6849 4661
6866 7669
6908 8062
6950 5763
6984 2447
7015 504
7067 2180
7072 3343
7121 304
7122 2636
7129 7696
7133 2490
7166 2283
7181 8299
7183 4439
7193 988
7212 5540
7243 2571
7244 4084
7250 7489
7263 5215
7319 6527
7327 1057
7360 7741
7375 4485
7422 5021
7427 7293
7465 2262
7484 165
7501 5391
7519 7805
7522 2583
7523 7843
7537 1774
7560 6977
7565 8103
7570 6855
7579 5655
7591 4135
7599 3907
7605 410
7611 4865
7612 1547
7613 2363
7622 3371
7633 7307
7644 6818
7671 2227
7674 4738
7680 8299
7701 3159
7707 6174
7722 2354
7730 7116
7733 2109
7737 2827
7738 6829
7747 5033
7751 7405
7765 4125
7768 5526
7771 3999
7831 7790
7869 6981
7885 4376
7898 1308
7909 2808
7915 5337
7918 8295
7920 7832
7929 5568
7933 7286
7936 2996
7945 4595
7947 4650
7957 4805
7961 2860
7987 2908
7991 5417
7999 5581
8009 1111
8010 4317
8019 1962
8031 3265
8053 4151
8055 5997
8077 134
8082 4904
8086 5484
8087 966
8097 871
8127 2916
8140 6376
8141 124
8151 301
8167 2428
8171 4232
8174 1772
8185 3379
8187 1727
