2647 118
7717 195
1100 88
277 32
1291 31
1308 53
4902 186
1441 33
6764 19
7759 32
1371 31
3287 176
3883 31
724 72
7223 32
5587 6
7782 211
8192 2145
5 3436
8200 7298
8209 7078
8214 2096
8215 2829
8219 3295
8223 1760
34 3177
8237 4206
55 7974
57 3404
8250 4207
8252 8582
8258 7755
8259 5893
8263 4381
8282 4723
8284 1868
8303 5250
8312 6608
124 2818
125 6843
8320 1345
8346 260
159 2243
8351 5648
168 3003
8364 3873
177 5280
183 1093
188 4680
8387 5969
8388 5216
199 6982
208 8702
8444 5409
256 3472
261 1510
265 6897
8466 5866
304 7133
8509 1764
330 4991
341 2207
8551 7668
8576 244
392 6103
8586 1244
406 3560
445 2961
452 2405
463 813
464 3985
469 864
8662 4047
8674 6997
8678 4550
492 3093
8687 6521
8710 2429
8746 6879
8757 7924
572 5460
8770 4026
583 4774
8781 1401
596 4895
607 3832
8799 7699
8806 1974
631 2743
639 4054
8834 4202
644 776
8841 658
8854 4833
667 6927
684 7899
701 1683
706 4557
708 645
8942 6292
8943 1382
8945 5030
760 7200
8994 6535
807 4764
809 9018
9002 4756
9006 4950
817 1399
9014 1208
9934 4725
9033 5490
846 5324
848 3691
851 1602
9046 8083
855 8049
9049 2501
9050 7059
9062 8898
871 5742
9063 565
9944 1736
9080 964
9081 3690
9083 8996
9948 3139
9093 4938
905 2754
9098 710
9102 8605
9109 247
9110 7296
9112 8525
9952 7384
9115 1299
9118 60
9123 8587
9127 9026
9132 5639
9139 8932
9142 4489
9145 7345
9149 5363
9150 4792
9151 5512
9960 9010
961 336
9153 3203
9161 7025
9164 1263
973 8305
9167 3001
9168 6240
9170 757
9172 3574
9173 2085
9174 6622
9175 7495
9964 5439
9181 687
9183 4458
9184 5314
995 35
9189 6626
9192 1046
9193 7057
9194 6095
9195 7440
9196 6303
9197 2881
9198 110
9199 5411
9200 6696
9201 4105
9202 3005
9203 6883
9204 4595
9205 1509
9206 5701
1015 6405
9207 3472
1017 8283
9208 308
9209 4693
9210 3622
9211 4497
9212 4518
9213 5968
9214 4389
9215 8794
9216 1121
9217 952
9218 3207
9219 2006
9220 8530
9221 50
9222 5626
9223 4
9224 286
9225 4737
9226 673
9227 4762
9228 6266
9229 7201
9231 7873
9230 5837
9232 852
9235 4249
9236 517
9237 3032
9238 6782
9239 5174
9240 274
9241 6658
1050 2202
9242 5051
9243 4401
9245 2826
9244 5314
9246 5223
9247 5069
9249 3374
9250 3198
9251 6458
9252 3912
9253 4008
9254 4279
9255 1161
9248 2333
9257 4053
9258 7564
9256 3803
9259 6489
9261 1674
9260 4840
9263 1558
9264 488
9262 8414
9266 1559
9267 4358
9268 7746
9265 4738
9270 3499
1079 1617
9271 7483
9273 8342
9269 3309
9275 8542
9276 3798
9277 90
1086 2028
9278 7084
9280 8245
9281 257
9282 2819
9274 6922
9284 5536
9285 6111
9286 434
9287 4139
9288 279
9283 8984
9290 478
9289 3842
9292 4475
9293 2111
9294 365
9291 7198
9296 1423
9295 4095
9298 2259
9297 3246
9299 241
9301 5413
9302 5974
9303 8267
9304 7416
9305 4850
9306 3320
9307 7746
1116 42
9308 4766
9309 7238
9310 5623
9311 1888
9312 4855
9313 5453
9314 3499
9315 3332
9316 9012
9318 6383
9319 8714
9320 5338
9321 7013
9322 3134
9323 9067
9324 174
9325 13
9317 7156
9327 270
9328 7815
9329 2748
9330 3143
9331 7225
9332 8927
9333 4044
9334 5771
9335 2103
9336 8915
9337 5457
9338 1710
9339 3998
9340 2385
9341 503
9342 7943
9343 6874
9344 3894
9345 160
9346 6890
9347 2857
9348 7810
9349 2517
9350 2316
9351 1076
9352 8062
9353 7166
9354 5798
9355 7920
9356 5890
9357 3743
9358 2469
9359 3576
9360 2785
9361 6965
9362 3757
9363 7351
9364 2809
9365 1390
9366 1290
9367 1211
9368 4117
9369 9041
9370 4056
9371 4775
9372 1892
9373 5712
9374 317
9375 5278
9376 1943
9377 363
9378 1577
9379 271
9380 7075
9381 1978
9382 6639
9383 709
9384 8403
9385 4268
9386 7025
9387 2478
9388 7345
9389 786
1195 4683
1198 4305
9390 3378
1201 9052
1202 219
9395 4436
9391 2570
9392 4451
9398 176
9399 1915
9400 6008
9401 5617
9402 3208
9394 2440
9396 5517
9397 8724
9406 5763
9407 8278
1216 3704
9403 2313
9410 1305
9404 3158
9405 5320
9408 1166
9409 4330
9411 6983
1224 1733
9412 4011
9413 3876
9414 4793
9415 7977
9416 3769
9422 2935
9417 4285
9418 4113
9419 1175
9420 1749
9421 4109
9423 1915
9424 4651
9425 1159
9426 5047
9427 3404
9428 9182
9429 8719
9430 8597
9431 4267
9437 7159
9432 295
9433 1532
9434 1882
9435 2210
9436 7012
9438 8036
9444 6561
9439 6426
9446 6283
9447 4745
1254 8123
9440 5205
9441 8517
9442 3264
9443 3394
9445 8859
9448 3361
9449 4729
9450 7300
9451 1100
9452 2219
9453 2581
9454 369
9455 6448
9462 5803
9456 98
9464 8471
9457 1764
9458 7718
9459 4556
9460 4600
9461 4890
9470 4141
9471 2238
9463 4772
9465 4415
9466 8335
9467 6326
9476 6295
9468 4042
9469 8729
1287 207
9480 2038
9472 4906
9482 2269
9474 8692
9475 1744
9477 5104
9478 6762
9479 5564
9481 2477
9483 8704
9484 2998
9485 6033
9486 680
9493 3355
9494 528
9487 5956
9488 1167
9489 2927
9490 632
9491 6961
9492 2699
9501 6469
9495 1674
9496 8683
9497 5963
9498 3686
9506 6409
9499 190
9500 8704
9502 4313
9503 6855
9504 1675
9512 6152
9505 7288
9514 2084
9515 3288
1323 3554
9508 5907
9509 4913
9510 5427
9511 597
9513 8240
9522 3467
9523 86
1332 3009
9516 2902
9517 3013
9518 1583
9519 678
9520 3390
9530 7084
9531 2832
1339 9067
9533 8701
1340 7892
9526 3595
9527 8508
9528 6856
9538 4719
1347 798
9532 8190
9534 3953
9542 482
1350 4335
9535 6190
9545 4175
9537 2282
9539 4117
9540 5981
9541 402
9550 5530
9543 5572
9544 6283
9553 4088
9546 5959
9547 1636
9548 1551
9549 2168
9551 6518
9559 7014
9552 4848
9554 2324
9562 4832
9563 3097
9555 33
9556 4495
9557 6403
9558 6091
9560 8006
9561 1458
9564 6453
9565 772
9568 6729
9569 918
9570 2576
9571 202
9576 5783
9572 8493
9573 7119
9574 3598
9575 5226
9577 3262
9578 836
9579 6179
9580 1839
9581 462
9582 602
9583 4568
9584 1145
1397 2005
9590 4712
9591 2598
9592 662
9593 8472
1402 768
9595 79
9596 2135
9597 7449
9598 7221
9594 8135
9600 1911
9601 453
9599 258
9603 5737
9604 8186
9605 2267
9606 5099
9607 5453
9608 8815
9609 7421
9610 4408
9611 6194
9612 5952
9613 1726
9614 6379
9615 4944
9616 6872
9617 8779
9618 9047
9619 3932
1424 6328
9620 6870
9622 1954
9623 6827
9624 3940
9621 4519
9626 1798
9627 3561
1434 4175
9625 6596
9628 4241
9629 6911
1440 9178
9630 54
9631 1979
9632 3425
9636 4599
9633 1581
9638 1608
9634 1957
9640 8810
9635 7297
9637 8138
9639 7292
9641 7620
9642 7061
9646 2113
9643 2955
9644 1724
9645 2342
9650 5008
9648 6163
9649 7737
9653 2638
9654 7083
9655 1984
9656 5225
9657 7820
9658 7904
9659 2869
9660 7669
9661 2058
9662 1667
9663 1942
9664 8246
9665 1203
9666 4114
9667 277
1476 6061
9669 4746
9668 2415
9670 5278
9671 2298
9673 3376
9674 7831
9672 172
9675 7345
1485 6008
9676 3883
9679 8749
1488 5571
1489 6181
9680 3990
9682 4683
9677 7022
9685 8047
9678 7048
9681 5145
9688 1591
9689 2394
9683 2442
9691 1134
9684 8787
9693 4187
9686 2525
9687 3412
9690 3834
9692 7695
9698 6387
9699 504
9700 8940
9701 1596
9694 8785
9695 1391
9696 2774
1513 5377
9706 7546
9702 4288
9708 2616
9709 7875
9710 2677
9711 5630
9703 2257
9704 5348
1522 7211
9707 7929
9712 947
9713 818
9714 6020
9719 7155
9720 1991
1529 5806
9721 7674
9723 4728
9724 7697
9725 3218
9726 7110
9718 7490
9722 610
9727 2457
9728 1218
9729 8776
9730 5006
9731 1687
9734 8227
9735 6297
9732 1194
9733 4431
9738 5774
1547 8092
9739 6948
1549 3390
9736 3168
9737 5882
9740 5651
9741 7948
9746 1954
9742 3158
9748 7150
1557 3784
9750 2095
9751 4496
9743 6085
9744 6424
9754 7843
9755 1327
9747 6091
9749 8996
9758 9045
9759 9120
9760 4090
9761 8065
9753 5755
9756 8497
9757 8182
9765 3897
9766 1408
9762 201
9763 7538
9764 3977
9770 8964
9771 2854
9772 2408
9773 2865
9774 3084
9775 1344
9776 4508
9777 3792
9778 3965
9779 7159
9780 8929
9781 5871
9782 8523
9783 954
9784 1743
9785 6111
9786 3892
9787 4424
1595 4599
9788 1206
1598 1811
9789 5882
9790 1997
9791 8542
9792 1465
9793 404
9794 1081
9795 5191
9796 6619
9797 1049
9798 4973
9799 292
9800 4264
9801 8903
9802 3284
9803 8547
9804 206
9805 1543
9806 5001
9807 1920
9808 4952
9809 8367
9810 8185
9811 3612
9812 488
9813 502
9814 8544
9815 2955
1626 5279
9816 1843
9817 3148
9818 2676
9819 6514
9820 934
9821 7632
9822 861
9823 2830
9824 5714
9825 1259
9826 8603
1638 3451
9827 2667
9828 7562
9829 3508
9830 1156
9831 6272
9832 6626
9833 7881
9834 8889
9835 1952
9836 7269
9837 1384
9838 5158
9839 8436
9840 3767
9841 4842
9842 3872
9843 5214
9844 401
9845 2725
9846 4967
9847 8340
9848 3689
1661 2199
9849 5444
9850 7303
9851 1002
9852 7912
1666 8947
9853 6463
9854 1809
9855 8783
9856 8632
9857 2728
9858 6556
9859 5265
9860 7200
9861 7019
9862 4406
9863 869
9864 7106
9865 8745
9866 7130
9867 8568
9868 2494
9869 8110
1684 9169
9870 7436
9871 2074
9872 4667
9873 2570
9874 7010
9875 88
9876 320
9877 647
9878 5012
1694 5538
9879 7964
9880 4145
9881 9095
9882 7603
9883 3521
9884 3563
9885 5107
9886 1205
9887 1726
9888 1320
9889 4005
9890 8558
9891 8542
9892 1309
9893 6970
9894 5154
9895 4077
9896 3889
9897 6536
9898 3297
9899 4557
9900 2628
9901 3965
9902 6933
1719 3369
9903 1320
9904 2377
9905 2222
9906 3286
9907 5764
9908 8027
9909 8566
9910 2950
9911 4454
9912 1175
9913 3041
9914 2945
9915 1182
9916 250
9917 1075
9918 8567
9919 5607
9920 5351
9921 6458
9922 3098
9923 3654
9924 3181
9925 3531
9926 3998
9927 618
9928 5727
9929 7661
9930 3884
9931 4914
9932 827
9933 1588
1751 6012
9935 8624
9936 3781
9937 3029
9938 762
9939 6101
9940 6296
9941 2742
9942 8238
9943 3118
1761 6253
9945 4010
9946 3320
9947 4263
1765 8190
9949 1180
9950 6661
9951 4732
1769 4945
9953 372
9954 2467
9955 8211
9956 7677
9957 3255
9958 2502
9959 5863
1777 4065
9961 6866
9962 1954
9963 3219
1781 3277
9965 5680
9966 5628
9967 3738
9968 446
9969 7891
9970 5104
9971 2191
9972 3373
9973 8906
9974 6952
9975 1091
9976 5724
9977 8538
9978 8420
9979 4622
9980 1851
9981 3193
9982 299
9983 5382
9984 6153
9985 8324
9986 694
9987 3144
9988 888
9989 3311
9990 8869
9991 4128
9992 4603
9993 948
9994 7364
9995 5551
9996 6105
9997 4049
9998 8749
9999 6735
1831 217
1833 3420
1854 2143
1875 5321
1896 5506
1904 5808
1926 4649
1980 6677
1981 4792
1993 5489
2027 6901
2030 8202
2034 7679
2054 1114
2070 1590
2091 3085
2102 7228
2114 4641
2138 8823
2152 424
2153 6570
2163 6088
2187 5321
2195 6389
2198 5989
2270 6156
2271 5329
2317 5487
2360 4026
2364 6688
2380 8445
2390 5307
2439 7862
2443 6173
2499 5633
2541 6436
2543 6821
2548 8775
2587 4486
2591 6554
2594 7740
2622 8850
2653 7895
2655 7295
2690 4884
2709 1907
2731 776
2744 5203
2803 6465
2804 6434
2836 8421
2889 4288
2907 5951
2914 6960
2930 3645
2939 7427
2941 1487
2958 8074
2970 7343
2994 6191
3015 5761
3023 3882
3035 1779
3039 6990
3048 647
3052 5412
3109 1716
3111 4334
3112 8430
3121 2058
3124 8910
3162 2743
3230 2445
3275 904
3329 8141
3335 5773
3358 6225
3359 6624
3366 4804
3415 6590
3445 1322
3452 5374
3484 1394
3487 6318
3503 7938
3535 1058
3543 5797
3557 3313
3579 8978
3582 3915
3594 6949
3596 3384
3614 5455
3618 2017
3632 6105
3637 7802
3660 4998
3679 40
3698 6114
3765 3215
3770 5644
3812 2421
3837 8497
3858 8785
3881 4907
3909 8435
3938 5737
3949 1731
3951 3769
3958 7352
3972 3572
4009 514
4012 1636
4020 4084
4022 7759
4027 8792
4075 3610
4085 3110
4087 32
4092 1851
4101 3095
4132 6178
4167 6525
4176 5455
4186 2745
4195 5136
4199 4024
4205 1856
4221 7976
4247 1413
4274 4331
4312 2743
4316 5694
4323 1355
4340 6228
4363 7297
4365 8470
4378 4803
4382 200
4392 6712
4396 5637
4397 6502
4407 9144
4410 2991
4452 2190
4456 880
4466 4694
4501 931
4538 5524
4543 1668
4572 2264
4576 6809
4591 2446
4601 6004
4609 1778
4618 8862
4656 7497
4659 7557
4662 7174
4665 9071
4674 755
4707 5182
4785 1709
4834 2150
4868 1124
4889 1713
4905 5112
4926 7813
4953 2094
4963 1764
4982 656
5020 6191
5023 5990
5046 6191
5053 160
5054 5398
5109 1447
5161 8537
5178 9179
5192 5105
5229 2385
5300 4491
5311 7079
5313 1183
5357 5000
5393 5506
5395 1355
5443 5637
5466 8429
5472 5066
9233 9067
5499 4446
9234 8441
5563 4049
5596 7606
5616 6927
5649 5767
5660 6432
5669 3907
5676 6863
9272 6956
5704 7567
9279 8735
5733 7907
5760 1135
5796 3716
5801 6170
5817 7568
5831 1738
9300 5873
5844 1801
5845 4811
5851 5459
5855 52
5889 4360
5895 6412
5898 8023
5917 1575
5936 4996
5940 4112
9326 627
5970 2367
5980 6986
5998 5290
6010 4946
6011 4642
6014 9135
6024 1491
6035 726
6039 2263
6051 7119
6054 5132
6058 7486
6064 1055
6066 8616
6071 4574
6089 4761
6090 2474
6094 5354
6099 8934
6100 5594
6106 2876
6107 2191
6108 4610
6123 4181
6144 7176
6175 879
6180 235
6216 2714
6217 8755
6237 6729
6279 3158
6290 2718
6299 5201
9393 8923
6307 5138
6313 3784
6327 5399
6338 6812
6350 7502
6352 7168
6375 6500
6404 4239
6415 2456
6417 1624
6422 3673
6430 9152
6440 3106
6443 6314
6444 7148
6446 7802
6460 9121
6468 2376
6497 3021
6498 2509
6501 4519
6515 2776
6517 3643
6520 459
6539 6653
6540 1912
6546 5560
6553 6948
6563 5243
6566 104
6568 5937
6580 5407
6582 773
6595 4148
6600 3540
6607 1370
6609 1764
6614 6780
6615 3003
6656 8983
6657 6522
6662 4896
6670 7511
6683 502
6684 8721
6685 2029
6695 7515
9473 997
6725 6877
6732 3678
6750 4555
6757 3642
6763 6019
6775 4815
6778 7395
6786 2925
6791 2108
6792 9026
6816 6246
6857 6910
6858 5221
9507 7827
6875 9031
6908 8026
6919 2580
9521 6705
6950 5050
6957 6790
6958 1177
9524 3910
9525 4694
6972 6773
6981 2717
9529 2447
6991 2071
7015 2412
9536 7455
7038 3613
7046 248
7053 1510
7060 7529
7072 3702
7081 5890
7092 5550
7096 527
7108 5256
7164 3451
9566 2353
7172 5701
9567 4531
7181 7640
7185 2574
7191 383
7193 6471
7194 54
7220 161
7233 36
7235 2953
7244 4299
7250 5063
7252 5552
7256 5880
7261 8362
9585 7658
9586 6805
9587 1870
7277 348
9588 2733
9589 5779
7287 1392
7306 6519
7318 5755
7319 8937
7320 1607
7325 4201
7327 6329
7330 3749
7335 2059
7344 30
7347 573
7348 5352
7350 4884
9602 8530
7356 6889
7360 7888
7363 5237
7367 6072
7383 857
7407 3627
7408 613
7423 8078
7437 5248
7473 2583
7475 161
7499 5007
7503 8617
7506 5494
7523 1172
7524 3042
7527 2131
7541 983
7555 1147
7560 2626
7577 289
7578 6738
9647 4893
7585 4267
7587 8626
9651 4896
7601 7929
9652 9000
7608 2028
7611 3306
7626 3720
7636 6079
7642 7160
7645 1495
7647 4584
7651 924
7655 3494
7656 8847
7663 3696
7676 8866
7702 6141
7706 5215
7728 8534
7730 5476
7738 1251
7742 1655
7763 2824
7770 1130
7781 1507
7792 4484
7805 4157
7822 4754
7826 6962
9697 5148
7837 2805
7841 5643
7847 7924
7851 6136
7868 333
7869 868
9705 7799
7878 4248
7885 7461
7889 3259
7893 1929
7902 2566
7908 6915
9715 8213
9716 1807
9717 6306
7933 5441
7951 9037
7966 8556
7968 6209
7982 6891
7992 7493
8012 4918
8029 6484
8045 2005
8052 8201
8053 6674
9745 2512
8082 2473
8086 2578
8096 2321
8105 4294
9752 2468
8108 578
8114 7023
8117 1165
8147 7925
8157 7393
8162 7247
9767 2980
8184 2903
9768 2046
8189 6823
9769 1807
