6601 146
499 114
9169 16
8132 6
3134 214
8038 388
8416 13
4752 146
2853 65
8494 39
8559 153
829 158
7991 348
2143 164
8125 107
2954 15
6528 46
8602 19
5952 2
7954 33
235 563
8327 484
3667 309
8589 46
9394 32
5039 38
7616 252
9359 582
8633 19
5208 404
8761 32
1822 110
8030 52
6423 33
2116 126
5 1503
11 9035
8209 9525
19 6573
27 2412
30 2113
8226 3445
39 194
8239 2164
8245 7020
8249 3398
62 173
8256 362
8260 4745
8261 3805
72 5791
8265 707
85 2931
89 4388
8283 7847
98 3897
8291 74
8293 3673
8301 4059
110 3721
122 3274
124 3936
8316 7712
8318 317
8333 1619
155 2013
159 8488
8363 8532
175 194
177 4311
8387 543
9808 1580
199 5066
206 8473
8399 553
210 1664
9813 651
8414 3381
8417 5628
8419 5188
8421 9090
238 8355
8436 6574
246 5792
8439 5822
8441 8989
256 5150
261 671
262 6956
263 9445
8455 9435
8459 6707
8461 7714
8462 7259
271 2581
8466 6322
9824 850
277 2401
8472 7744
8476 2627
285 412
8478 2707
8482 6402
8486 795
9828 4771
8493 7447
306 377
311 128
8508 6310
325 1712
346 4440
9838 7904
9840 6497
8552 67
8553 7212
8564 4795
8568 2591
8579 1067
388 7432
414 2456
8611 3136
421 1613
8622 3964
435 3655
8631 3640
8635 138
445 6961
452 7829
8652 4653
8654 7258
463 1596
464 8974
485 1120
492 4146
8685 5212
8687 2041
8688 9444
9869 9119
8698 7973
9870 7188
508 711
9872 9598
530 5771
9875 3506
538 426
8731 3824
8734 5211
546 572
8741 5831
8749 2164
561 4344
564 2048
565 4060
8766 3386
8769 6768
596 344
607 8712
617 1546
8812 6555
8814 972
8816 1611
8822 4838
631 3804
639 376
8836 373
8841 9153
8845 2265
8846 8298
657 3235
8853 2807
8854 4856
663 5888
667 1950
8859 3158
673 8011
8883 5594
700 5554
8895 7211
706 4225
712 6983
716 5930
8908 4848
718 8910
721 7344
724 286
725 3551
8918 401
730 8040
736 6449
738 1466
8931 788
9916 2576
8947 4953
757 2801
760 8469
8958 5290
767 6826
9922 8746
787 7722
8984 6971
793 4502
9927 2298
8987 4142
8988 7753
8992 2998
9004 8268
9006 543
817 2942
9009 312
9010 7779
9022 9166
845 6921
848 3477
852 6533
9053 12
9056 4491
865 9244
869 8208
9062 5868
873 7387
9065 2062
879 4716
9071 9480
901 425
906 2398
9102 9277
9103 3565
919 1092
9111 866
9126 9260
941 5233
952 6135
958 486
995 3927
1035 4980
9982 1288
9983 7771
1079 9438
9984 1875
9275 3033
1086 5358
9985 3906
9283 348
9287 281
1100 8818
1106 6130
1110 5309
1115 6522
1117 2788
9310 5467
9340 5909
9357 5552
1166 5114
9358 3662
9361 4620
1188 9610
9397 6428
1209 302
9403 4284
9426 9518
1241 5077
1244 3018
1249 4037
1256 8174
9470 111
9473 1085
1291 4787
1296 5038
9492 1759
9494 8591
1308 2045
1311 2696
1312 6745
9527 5987
9529 887
1340 3472
9542 9291
1356 1687
1362 9177
9560 3121
9561 5073
1371 8147
9568 6968
9569 1690
9570 3926
9574 5090
9577 7379
1391 7326
1394 899
9587 855
1397 6716
1402 4689
9600 8794
9608 8473
9613 3257
1422 5341
9614 1046
9615 5541
9616 2806
9617 5427
9618 3347
9620 9015
9621 3183
9619 8906
9623 5624
9624 1437
9625 6227
9626 6520
1434 7896
9622 3499
9629 3969
9630 7155
9627 37
9628 4980
9633 5272
1441 2344
9631 3708
9632 2484
9634 3898
9635 702
9639 2414
9640 3153
9641 3807
9642 2365
9643 5793
9644 3330
9636 8879
9637 6634
9638 2247
1456 7864
1457 4709
9645 7494
9646 3429
9647 1060
9648 9387
9649 5456
9650 7750
9651 2376
9652 9389
9653 1842
9654 3463
9655 2289
9658 1151
9659 8285
9660 1720
9656 3213
9657 783
9661 6670
9667 6116
9662 9058
9669 4082
9670 6393
9671 6493
9672 3522
9673 7926
9665 8214
9675 7272
9676 5634
1485 4658
9677 2021
9678 6706
9679 314
9680 7088
9681 2359
9682 792
9684 7112
9683 6331
9685 665
9686 8390
9687 299
9688 2547
9689 6528
9690 2092
9691 660
9692 2839
1502 5458
9693 5445
9694 1883
9695 3668
1506 4369
1507 5168
9700 2086
9701 5053
9696 4246
9697 6968
9698 4036
1513 4418
9699 1975
9702 7525
9703 7840
9709 3491
9710 1981
9711 4253
9704 6552
9705 2240
9706 3047
1523 474
9715 592
9716 420
9717 8330
9718 160
9719 7846
9720 6990
9721 2324
9723 2995
9724 5458
9725 3136
9726 141
9727 4431
9728 4645
9722 3277
9729 1317
9730 1893
9731 1971
9732 1893
9733 658
9734 8647
9735 5095
9737 1094
9736 4673
1547 9165
9740 4054
1549 1636
9741 2614
1551 7231
9744 6795
9745 960
9746 5617
9747 3065
9739 5930
9749 9350
9742 3031
1559 2639
9743 384
9753 7755
9754 2338
9748 7521
9750 5829
9757 2216
9758 4498
9759 1537
9751 8341
9752 1021
9755 9601
9756 2738
9760 8200
9765 3017
9766 7617
9761 4441
9768 6545
9769 3676
9770 8394
9771 7773
9772 6387
9773 1046
9774 9182
9775 2436
9776 5417
9777 4275
9778 4829
9779 9488
9780 2461
9781 1170
9782 2982
9783 7925
9784 7565
9785 6454
9786 916
1595 5325
9787 6940
9789 7018
9790 226
9791 6215
9788 7183
9792 7127
1602 7237
9793 6215
9794 8137
9797 3651
9798 2583
1606 822
1607 3658
9801 8593
9802 86
9795 4752
9804 8375
9796 7014
9806 9090
9807 9531
9799 9025
9800 4465
1618 5763
9803 9302
9812 3482
9805 8354
9814 1525
9815 578
9816 7406
9817 9302
9809 1544
9810 6879
9811 7820
9821 6287
9822 1031
9823 5874
1632 9487
9825 5304
9818 6364
9827 1325
9819 8746
9820 3466
9830 8521
9831 471
9832 8776
9833 8339
9834 2615
9826 6161
9836 4308
9837 8630
9829 4815
1647 9609
9835 6774
9841 4889
9842 77
9843 7443
9844 1840
9845 5249
1651 2931
9847 8423
9839 1007
9849 1652
9850 8332
1658 7908
9852 6048
9846 8416
9854 3663
9848 5334
9851 2522
9857 5156
9853 6427
1667 182
9855 4621
9856 5325
9858 7371
9863 4349
9859 5360
9860 1060
9861 6507
9867 7492
9868 6140
9862 1711
9864 5822
9871 2182
9865 2192
9873 6417
9874 3326
9866 3825
9876 6451
9877 8752
9878 1819
9879 8849
9880 1478
1688 7113
9882 3090
9883 4997
9884 1052
1693 4703
1694 6172
9881 2863
9885 3155
9889 215
9886 2952
9887 2879
1700 5409
9893 536
9888 4563
9895 6012
9890 5880
9891 179
9898 7812
9892 6264
9894 7442
9896 2313
9897 6548
9903 732
9899 5061
9900 9164
9901 6714
9907 4158
9908 3795
9902 3219
9904 4239
9905 9252
9906 447
9913 4803
9914 4936
9915 5293
9909 9284
9910 2659
9918 7207
9919 8738
9911 2987
9912 789
1730 3396
9923 8790
9924 3108
9925 615
9917 2870
9920 2570
9928 7365
9929 6559
9921 1644
9931 5820
9932 7690
9933 5242
9926 9446
9935 4010
9936 4116
9930 4680
9934 2024
9937 8544
9940 9524
9938 8607
9942 9465
9943 9203
9944 7115
9945 6635
9939 8642
9941 8364
9948 4432
9946 6807
9947 1975
9949 1664
9950 6403
9953 1293
9954 426
9955 5447
9951 3578
9957 6243
9958 8650
9952 5908
9956 1776
9959 4654
9960 964
9961 7073
9962 7527
9965 2735
1774 5505
9963 3963
9968 8326
9964 5514
9966 1496
9971 6565
9972 486
9967 6738
9974 563
9969 219
9970 2322
9973 3709
9975 1905
9976 9271
9977 6059
9981 8943
1789 3381
9978 6290
9979 2722
9980 8536
9986 5563
9987 4338
9988 8324
9989 1160
9990 6077
9991 4363
9992 4370
9993 8646
9994 7634
9995 9117
1798 4300
1803 9136
1805 7726
9996 8141
9997 8679
9998 5409
9999 6444
1812 3290
1831 2632
1847 3
1854 8598
1864 5892
1887 1712
1892 7144
1914 1438
1942 8697
1965 4827
1984 6293
2005 80
2014 9481
2015 3654
2018 4814
2020 8102
2060 3646
2070 7872
2073 3836
2081 2016
2095 8331
2102 4299
2126 893
2129 2740
2130 3463
2133 903
2139 5470
2150 7139
2151 2147
2152 5029
2197 3564
2201 6918
2203 4907
2204 3346
2234 8976
2252 8980
2256 4853
2261 8193
2262 3955
2270 578
2281 6369
2306 7809
2316 6388
2329 8756
2345 8797
2351 5755
2360 5685
2362 2937
2372 5992
2380 4631
2390 4537
2404 3644
2423 4141
2427 1150
2454 7861
2473 1683
2481 4272
2513 741
2515 697
2525 195
2534 8963
2580 1670
2588 6386
2609 4771
2647 7761
2685 7213
2686 3584
2690 8834
2729 4427
2734 9301
2760 3126
2775 2175
2781 2214
2783 7306
2841 7403
2842 1947
2844 6931
2847 5925
2907 1396
2916 3348
2921 5319
2943 1104
2946 3288
2988 8410
2993 2979
3000 4025
3003 4870
3028 8323
3032 4819
3035 5198
3039 2935
3042 3726
3052 7518
3067 9213
3074 3972
3078 2936
3109 5865
3110 3047
3112 6551
3120 1056
3124 1326
3127 7429
3162 1516
3171 3012
3190 3577
3201 8026
3209 1073
3212 5278
3217 7892
3228 3147
3233 8903
3247 7153
3250 170
3253 8609
3255 9101
3263 1560
3287 4520
3310 4670
3317 6898
3339 8753
3350 6669
3353 4259
3359 6219
3479 7428
3505 7104
3550 1791
3557 8164
3562 9225
3568 7539
3579 5726
3594 1594
3603 4389
3608 548
3615 9408
3628 101
3629 1121
3632 4262
3637 8035
3656 5840
3671 6529
3690 5548
3714 2083
3742 2474
3783 1411
3794 6228
3796 5053
3819 7340
3822 1489
3854 392
3883 1879
3909 6081
3915 2585
3924 937
3946 8899
3949 5681
3970 2466
4006 4248
4031 6245
4041 1629
4055 8852
4074 4337
4079 3425
4085 4013
4091 5316
4104 3595
4126 609
4128 1182
4129 4418
4144 3962
4166 6086
4167 3037
4190 7559
4195 898
4252 1154
4269 1345
4276 8203
4292 887
4294 8851
4313 7959
4335 453
4356 5028
4359 456
4361 2389
4375 8330
4378 4578
4386 1093
4387 9594
4404 7768
4428 1563
4429 2692
4438 486
4452 8834
4461 7062
4492 3702
4553 3441
4591 7895
4600 4381
4643 3207
4648 9435
4659 3574
4664 8013
4674 8300
4708 215
4725 5194
4726 6620
4738 8719
4741 3552
4746 4059
4747 5186
4757 6755
4759 348
4760 4710
4768 8615
4772 8310
4777 4845
4802 7609
4804 8939
4812 6873
4833 1747
4844 853
4846 6947
4896 1024
4902 8645
4940 2156
4956 3161
4963 7081
4974 428
4987 8939
4990 8705
5020 5375
5022 1617
5025 7041
5030 1686
5032 7164
5052 9100
5065 3384
5074 8729
5108 5546
5109 2706
5113 8625
5116 2503
5174 4808
5192 6856
5220 7972
5227 3313
5230 9330
5245 3005
5279 9257
5285 6019
5300 2564
5311 3988
5320 3668
5322 2067
5326 2028
5332 9077
5339 1475
5352 1251
5357 2502
5363 5548
5377 2964
5383 8715
5392 7860
5398 1332
5402 3554
5418 3001
5424 937
5439 7008
5448 7786
5475 9506
5478 8658
5480 600
5484 8187
5493 2937
5496 6502
5499 3797
5521 1553
5523 7105
5529 2010
5533 8032
5534 1102
5576 3224
5587 6279
5596 6228
5607 3729
5610 5458
5615 5550
5626 5048
5644 4813
5646 8668
5649 6592
5652 5660
5663 7936
5673 3096
5727 6292
5736 7827
5743 9236
5744 8418
5749 5292
5754 761
5786 4607
5796 6190
5808 286
5828 8027
5838 3210
5844 9257
5848 6548
5855 1013
5857 895
5867 4477
5878 3880
5884 208
5902 9137
5907 2384
5912 73
5917 1381
5931 9457
5940 4103
5942 6914
5957 5883
5964 7627
5969 903
5985 1900
6023 7774
6024 8500
6030 853
6045 9302
6051 487
6066 7776
6067 654
6090 8344
6097 5933
6105 8633
6106 9518
6112 483
6126 5139
6133 1579
6137 9446
6142 4156
6144 5146
6181 655
6185 784
6186 3672
6195 6745
6207 8179
6252 8712
6269 2384
6270 2552
6288 1234
6301 2364
6302 2712
6307 1023
6313 5354
6316 3297
6328 7180
6336 3318
6349 2817
6356 5463
6359 3084
6365 8937
6379 622
6392 6309
6411 3432
6415 5055
6430 8391
6438 5580
6443 3776
6446 2821
6452 5863
6456 7033
6461 5543
6472 4259
6509 166
6515 1491
6516 1716
6517 2226
6519 7503
6532 8664
6536 5547
6566 2559
6571 205
6583 3416
6595 3560
6600 3043
6609 3782
6614 5811
6618 2
6632 8782
6649 2342
6652 5724
6662 2813
6675 4917
6683 4384
6702 91
6712 8907
6717 5896
6723 4655
6731 827
6747 8516
6750 5672
6764 9224
6793 3125
6796 4907
6799 7391
6804 300
6813 6450
6818 5469
6835 131
6840 4463
6849 7497
6878 6883
6887 1770
6891 3282
6893 2824
6897 3626
6908 2676
6919 9373
6930 634
6936 7610
6955 1364
6972 900
6981 6762
6991 2359
7001 4350
7006 9379
7015 2196
7028 1993
7046 3063
7053 1624
7056 6152
7057 282
7066 2561
7107 2394
7125 8905
7128 7969
7152 7967
7154 8062
7159 4859
7170 872
7172 4446
7184 937
7205 4516
7223 4787
7226 5139
7244 2467
7250 208
7262 1786
7295 7849
7298 3745
7303 5657
7314 3546
7319 4203
7324 2553
7335 2589
7339 9331
7342 9326
7348 163
7350 6558
7351 5960
7352 651
7353 3206
7363 2465
7370 7911
7378 5825
7383 827
7385 7639
7388 1237
7407 8528
7408 951
7416 8034
7426 6857
7431 6387
7436 9127
7438 1224
7453 5653
7458 1414
7461 6179
7467 9016
7468 3480
7475 2556
7477 2030
7496 8014
7514 7547
7524 21
7535 9429
7541 8081
7555 2605
7564 491
7566 6708
7569 6169
7580 3835
7584 1746
7585 6321
7587 585
7590 1129
7591 3211
7594 3963
7601 7764
7603 5211
7605 6974
7614 1483
7618 4352
7623 592
7625 8977
7626 1246
7646 2615
7647 1240
7651 5278
9663 4092
9664 3352
7666 6329
7668 7103
9666 4155
9668 486
7693 5594
7709 6027
9674 3759
7716 9273
7717 4261
7721 4594
7723 1111
7743 4090
7745 7879
7759 4140
7763 8658
7765 2301
7775 6913
7782 2124
7803 2449
7805 7957
7815 7284
7828 1481
7837 5818
7843 5043
7850 3025
7868 7052
9707 6842
9708 9417
7885 6315
7889 3888
7894 7887
7897 3116
7901 7669
7903 2589
9712 960
9713 525
9714 5927
7929 2905
7935 7917
7948 5126
7951 1601
7953 4134
7955 7413
7963 899
7964 1608
7971 739
7975 4980
7989 5783
7994 4629
8012 3930
8029 6635
9738 7410
8039 1031
8045 3262
8046 2278
8065 4577
8090 999
8092 9176
8096 7349
8101 7187
8112 5553
8117 5518
8121 3582
8124 3191
8142 782
8143 4573
9762 3019
8157 9609
8159 2046
8161 5672
8162 4150
9763 207
9764 985
9767 2442
8189 4952
