2113 243
9323 334
8110 64
6731 32
8605 5
290 143
1673 147
5341 5
995 595
3495 19
8668 72
7290 142
5333 32
3669 6
7689 72
8435 154
9674 32
5475 644
189 114
5941 33
9505 13
7066 158
8448 91
4689 15
9576 35
3783 158
9276 19
9712 46
8071 148
9378 243
9508 33
8643 595
7044 72
200 19
8667 239
8970 33
4032 195
5391 32
6999 356
5838 312
8659 148
6892 15
9183 104
9224 137
2547 7
25 944
8194 1550
5 9790
8210 7623
27 329
8219 4434
8221 9683
8224 3934
39 3899
8234 8830
8245 6967
8257 9505
8258 2439
8261 948
72 9805
8265 9345
8267 2204
83 2004
84 6217
85 3179
107 7867
110 3902
8303 8707
116 959
122 3754
124 713
8318 6768
8323 7332
132 7520
8327 8352
8328 5171
143 8869
8335 7332
146 5769
8344 9316
155 7675
8351 7843
8363 4065
178 3044
8382 8417
199 8968
8392 4110
206 4288
214 2271
217 9318
8412 5253
222 3551
223 1376
8416 6682
8421 8908
8422 4639
235 7058
238 8841
246 8503
8438 461
248 8304
8440 3239
8447 3170
256 8945
261 5094
266 5892
8459 1481
271 6977
8464 8588
277 6328
8470 2186
8472 4149
8484 2994
8493 2470
8494 4687
8496 7910
306 3945
8505 4803
8508 8227
8512 3664
325 1606
8524 9323
8528 2345
345 4064
346 4882
8537 8495
8548 4825
358 9443
8553 3867
8556 8832
366 2756
367 9034
8558 3229
8559 497
9842 9247
8564 3681
8566 2933
380 203
8572 4574
8573 4772
8589 9707
400 6166
8592 2515
405 2759
408 5974
8602 8029
8611 7417
421 3241
8613 3982
427 8787
8625 3127
435 5247
8631 102
8632 3611
8633 2483
445 4141
8640 9282
449 6173
452 3417
8646 2541
458 8975
8654 6075
463 1052
8665 2115
474 773
485 4062
8682 409
8685 9056
8689 1582
499 8242
501 4162
8693 4000
8697 3447
515 9052
521 3028
9874 5357
8727 9793
543 5949
546 4103
8741 91
8743 6912
8744 3329
8747 3832
564 5796
565 4112
8761 2686
570 1724
8762 6286
8763 1764
8764 5187
8765 942
8775 7257
8778 2515
8784 4131
596 73
600 1652
8801 2783
8802 2838
626 1471
8820 1187
639 9463
8835 5602
8845 2680
656 5810
8848 9464
662 2777
8854 3540
665 9054
666 4836
667 6282
668 4062
8861 9119
673 7876
679 4294
8872 3444
8877 5932
8878 6545
691 1768
8886 4928
706 4024
712 25
8906 5069
9912 7640
721 3259
8913 3614
8914 5691
724 952
8915 1458
8918 1376
9913 9812
9914 4006
731 2870
8927 5438
736 929
8928 8600
8931 2425
8934 5896
744 1021
8937 5466
747 2689
8940 8571
754 5128
8950 6721
763 6037
8957 858
767 4229
8963 9683
8964 5433
8976 6983
787 2026
8983 6734
793 1800
8985 6146
798 8519
9928 7593
8992 9456
9929 6604
9004 8832
815 8932
817 8586
824 3523
829 5118
848 5458
852 6726
856 6035
857 5232
9051 9799
9053 5084
866 8471
873 8535
9065 4335
9066 5475
879 1095
881 440
9074 7359
883 2626
9076 6996
9098 5008
914 2469
9106 9096
917 339
934 8129
936 6046
9132 1131
9137 9073
9141 2868
9148 8259
9149 5159
967 9734
9159 1867
9164 1669
9169 175
980 8545
984 7361
9177 1057
990 7489
9191 742
9194 3087
1009 5810
1016 3765
1019 457
9213 6392
9217 9382
1029 7226
9222 2887
9223 307
1037 2703
1067 9001
9260 4921
9263 4881
9273 7388
1086 1228
1100 2653
1115 5140
9312 4721
9319 7246
9322 8302
1134 3284
9330 7929
1140 3259
9338 6675
9343 4913
1154 220
1159 7956
9351 6105
9352 4423
9354 2042
9357 6664
9358 145
9359 5318
1170 882
1172 4563
9383 3567
1192 2354
1194 796
9394 5051
1211 794
9406 9172
9409 3491
9414 1162
1227 9242
9427 1322
1256 6614
9457 9609
1266 459
9465 6132
1278 5860
9470 8748
9472 3052
9480 2833
1291 532
1298 9594
9492 4299
1308 8593
9503 8193
1326 1611
1332 3129
1340 7910
1344 2421
1350 3506
9545 522
1354 4358
9552 4500
9553 1985
1368 8435
1371 5081
9567 2728
1379 6052
1382 1611
9580 8044
9584 2378
1394 4286
1403 2658
1408 1437
1423 5410
1427 7358
1430 6473
1441 6251
1456 3636
1461 3911
1467 8679
9663 1699
1484 4412
1498 1239
1506 4687
1507 8916
1513 513
9729 1940
1547 6859
1549 2881
1551 1491
1552 3759
1556 3792
1559 7191
1570 4066
1580 7106
9774 6696
1585 9818
9779 7893
1595 7191
1608 8628
9801 2637
1618 459
9813 8228
9817 9203
9820 7863
9821 2888
9822 7842
9823 3347
9824 2653
9825 6073
9826 1315
9827 3436
1636 9030
9828 6253
1638 8347
9831 2645
9832 982
9829 855
9830 6125
9833 508
9834 4270
9837 8116
9838 4668
9839 1312
9840 2830
9841 1061
1647 1640
9835 3254
9836 2634
9843 7624
9844 9246
9845 3386
9848 4349
9849 1080
9850 4839
1657 6931
9852 5819
1658 7275
9854 847
9846 8598
9847 5716
9857 5948
9851 4631
9859 5003
9853 6966
9855 3237
9856 8488
9858 6804
9860 2705
9861 2214
9862 3648
9863 7123
9864 2474
9869 6037
9870 4552
9865 9481
9866 2548
9873 7343
9867 2814
9868 5793
9876 9683
9877 7526
9871 3526
1687 7095
9880 8370
9872 1990
9882 1836
9883 906
9875 8158
1693 3238
9878 1913
9879 7425
9881 6706
9884 3838
9890 1546
9891 6396
9892 8679
9885 7453
9886 3210
9887 1746
9896 9167
9888 7578
9889 7026
9893 8336
1708 5367
9894 5789
9895 5318
9897 7949
9904 3076
9898 5409
9899 7511
9900 9603
9901 8184
9902 3978
9910 4195
9903 4316
9905 5124
9906 1682
9907 3647
9915 8074
9908 2697
9917 8889
9909 527
9919 6609
9911 2099
9921 1089
9922 7119
9923 2542
9916 3805
9918 1670
9920 4068
9924 5434
9925 3437
9926 8732
9930 3938
9931 5117
9932 7365
9933 6001
9934 356
9935 4945
9927 8739
9937 3445
9938 8201
9936 1584
9939 659
9940 7769
9941 7120
1751 1804
9944 5082
9945 5628
9946 9299
9942 9496
9943 8666
9947 2824
9950 229
9948 8709
9949 7378
9951 6314
9954 9447
9952 8955
9953 4916
9957 1970
9955 2325
1767 9724
9960 9818
9956 9061
9958 2751
9959 948
9964 7155
9961 9610
9966 4555
1774 7490
9962 6055
9963 4510
9965 7436
9967 605
9968 6135
9969 3743
9970 2348
9971 657
9972 6307
9977 6703
9973 8373
9974 3865
9975 5687
9976 9118
9978 625
9979 5206
9980 9589
9981 2224
9982 2115
9983 5422
9984 9220
9985 1269
9986 3853
9987 5398
9988 2050
9989 701
9990 2420
9991 4890
9992 726
1805 5223
9993 5416
9994 1842
9995 7213
9996 3192
9997 4914
9998 7665
9999 3955
1814 7568
1818 1495
1822 4186
1831 8102
1847 636
1858 1435
1861 9182
1864 9597
1868 482
1882 1453
1897 2493
1909 6426
1914 5069
1930 703
1935 9810
1942 1853
1945 783
1946 4676
1947 3486
1951 7198
1957 2317
1964 8814
1965 4791
1975 1939
2020 9710
2046 8229
2072 5312
2076 4611
2081 9718
2095 1972
2102 5792
2111 9412
2116 6433
2130 5838
2133 7009
2135 2867
2141 2199
2143 5044
2150 5212
2159 1834
2165 650
2187 6607
2191 3655
2201 4799
2203 9754
2212 4936
2215 9125
2228 8568
2234 1778
2240 4217
2261 8123
2262 1819
2274 6971
2281 8283
2283 6237
2306 4430
2316 8064
2321 2344
2343 1020
2357 1666
2362 4637
2367 7848
2374 7158
2380 4042
2387 2648
2390 3285
2403 3834
2416 4046
2417 8855
2427 2254
2473 8154
2481 7542
2484 1576
2525 451
2532 3280
2538 2897
2540 8847
2549 2861
2555 7592
2560 3062
2569 5363
2570 2154
2581 2325
2588 5875
2595 3967
2601 4855
2609 8460
2614 5611
2630 4512
2635 2830
2647 4508
2665 1226
2683 2177
2687 9349
2720 8993
2727 6095
2753 1770
2760 4389
2775 9290
2795 69
2805 6285
2823 951
2832 9198
2834 9692
2847 3912
2853 512
2872 7231
2875 3181
2883 9741
2904 6755
2906 7337
2907 2153
2913 8736
2916 5872
2920 2063
2925 6150
2934 1711
2938 2789
2943 3936
2946 163
2954 7642
2974 2069
2977 5367
2991 8989
3000 651
3003 7106
3032 3243
3039 3244
3041 6066
3060 6680
3067 1696
3073 2552
3082 8810
3084 7608
3103 9220
3121 1078
3126 5390
3128 3739
3132 7617
3134 1969
3137 8562
3162 9298
3171 4537
3180 7596
3182 1488
3202 2878
3222 172
3228 9092
3253 696
3255 7724
3256 1329
3261 486
3263 2884
3266 5253
3272 8710
3281 7278
3287 2659
3314 3165
3324 977
3350 8986
3352 8669
3353 9350
3390 2594
3404 2779
3408 5890
3415 9685
3434 1130
3451 6933
3465 4331
3467 1874
3473 6361
3479 8471
3482 9597
3498 9050
3500 9712
3516 8348
3520 8859
3522 1042
3525 5338
3537 7625
3548 4149
3562 8077
3594 3298
3603 7512
3622 4562
3625 5353
3628 3719
3637 2012
3645 6769
3653 1345
3667 5616
3672 1240
3673 8657
3675 4134
3690 2010
3695 1255
3702 1702
3703 2644
3715 9421
3722 554
3755 1105
3757 2293
3780 7111
3786 2451
3787 398
3788 1395
3796 73
3797 1468
3810 8117
3831 9782
3859 6864
3871 7491
3883 2725
3887 3635
3890 3389
3897 5951
3909 3438
3923 8542
3924 7334
3943 49
3954 9643
3970 3877
3972 1589
4003 1014
4004 3385
4011 7911
4026 1079
4055 3539
4079 7096
4084 7119
4122 8709
4125 3552
4144 2036
4165 8345
4166 8319
4171 3732
4184 5388
4189 4966
4194 9085
4210 4344
4223 2275
4238 2028
4240 5696
4245 3511
4258 1624
4269 2426
4293 1065
4295 3661
4305 988
4313 7504
4329 3175
4356 4730
4371 6268
4386 65
4395 1265
4398 2948
4403 874
4411 6270
4418 5861
4419 2778
4436 404
4442 6591
4447 5537
4449 5845
4452 8781
4456 9183
4467 6624
4478 3773
4492 2184
4497 3718
4501 5099
4523 3572
4531 7316
4553 2796
4564 2145
4566 2828
4580 6614
4587 1816
4593 7822
4601 9683
4626 7641
4644 8248
4662 768
4665 529
4671 9100
4693 20
4704 4391
4714 2625
4736 2899
4738 1807
4746 2670
4752 6448
4753 2857
4755 6651
4756 3903
4777 3765
4788 8045
4804 6288
4815 9491
4821 8316
4846 3708
4858 8796
4868 8094
4869 7859
4899 1457
4900 8597
4902 9314
4903 9543
4908 4429
4915 8561
4925 5878
4940 2767
4943 5915
4956 459
4963 7776
4984 385
4987 9233
4989 8282
4990 2342
4993 5977
5006 4193
5016 6384
5025 784
5037 4680
5039 9673
5046 5945
5052 5179
5053 7781
5074 6074
5089 3135
5090 6588
5100 298
5143 25
5153 1679
5176 6143
5189 688
5190 5508
5193 6190
5196 1421
5208 5270
5214 5188
5215 7204
5228 8571
5234 7498
5248 1380
5256 1668
5261 4317
5285 4511
5288 3491
5293 6437
5298 2953
5308 2097
5309 5990
5332 7496
5339 8113
5343 791
5352 4949
5364 3427
5387 7354
5392 1718
5394 3392
5424 9748
5426 8270
5429 7490
5432 2392
5439 4226
5449 6708
5472 4675
5478 3592
5493 1092
5501 2042
5509 5567
5518 2948
5520 1183
5521 7446
5523 8933
5531 226
5532 7077
5533 9002
5534 1519
5535 7909
5558 6700
5574 372
5576 3028
5577 1854
5578 9187
5587 5764
5591 1813
5596 4700
5607 5712
5624 2157
5646 2269
5652 8376
5669 9122
5681 733
5689 5067
5703 769
5705 6503
5728 903
5735 9096
5744 8235
5761 4569
5762 7875
5765 6376
5795 1500
5823 7530
5832 1471
5844 2092
5847 7523
5851 4882
5857 4996
5873 768
5898 5202
5903 6811
5905 2445
5907 1744
5909 3836
5917 138
5919 6681
5952 6531
5957 128
5958 6381
5971 6361
5975 2200
5994 2487
6020 1122
6024 9804
6039 7664
6041 8594
6045 2511
6047 2207
6067 7487
6085 7694
6088 5946
6090 307
6102 6492
6112 5966
6127 1625
6136 3486
6142 6738
6185 8207
6187 8752
6191 2725
6194 5187
6215 323
6219 2536
6241 7558
6252 5116
6260 991
6283 267
6292 8275
6298 9785
6309 6117
6316 2814
6319 6588
6321 2105
6341 5944
6362 8
6365 6722
6414 4658
6415 1749
6423 2910
6430 8497
6442 5943
6454 7094
6459 2096
6487 52
6493 9170
6500 3536
6515 220
6524 5862
6525 814
6528 1412
6564 7667
6566 4131
6585 2338
6595 5691
6600 5160
6601 3916
6602 334
6608 3463
6618 4066
6620 9002
6622 4861
6650 1643
6662 7836
6683 3963
6691 7997
6702 7676
6714 8168
6716 7055
6735 4973
6744 9298
6753 422
6760 8507
6764 8650
6766 5278
6767 2548
6772 8005
6775 1005
6783 3752
6789 7987
6799 6323
6810 1048
6817 5784
6827 2361
6844 2709
6854 1876
6860 4328
6865 7123
6867 2771
6878 4710
6887 5976
6893 4180
6918 1773
6919 3215
6921 4088
6925 3731
6927 5618
6935 3193
6941 2611
6942 589
6951 4118
6953 2468
6955 9635
6969 3991
6970 6950
6972 209
6981 8452
6988 1407
7000 4388
7022 9052
7028 2452
7034 167
7036 4550
7037 7900
7043 4215
7045 571
7046 4109
7053 6579
7056 4894
7057 6081
7070 5413
7073 9039
7084 9429
7103 7578
7107 7038
7113 8588
7128 9712
7129 446
7138 263
7151 676
7152 6818
7154 448
7159 2577
7166 8817
7170 181
7197 8218
7206 403
7208 8325
7223 9669
7230 3781
7244 2652
7250 8019
7262 7570
7263 5644
7264 2164
7266 7331
7268 7156
7272 5232
7284 2244
7298 9150
7300 5773
7305 5867
7309 8368
7314 6119
7319 1267
7327 4487
7347 4039
7348 4147
7349 9089
7353 5739
7362 3741
7380 8121
7383 4087
7387 3413
7391 4837
7398 3546
7399 8378
7407 1255
7429 3144
7435 4232
7442 2029
7448 971
7458 4153
7461 5003
7467 3333
7475 3687
7514 5773
7527 5736
7532 2531
7535 1689
7537 4625
7540 6031
7543 2544
7545 8350
7546 4519
7554 5572
7564 3946
7569 1731
7574 2646
7579 4549
7590 4933
7594 2676
7599 2331
7601 4825
7605 3211
7606 6202
7613 4875
7616 4857
7618 7955
7622 3842
7626 8960
7634 29
7643 7978
7651 7497
7668 9607
7669 3740
7680 1365
7684 8810
7691 8061
7697 5358
7700 2944
7707 5237
7710 4057
7711 6939
7712 8123
7717 6597
7723 3803
7743 8427
7745 6819
7749 8696
7759 9430
7760 6518
7780 7894
7782 7737
7789 8205
7800 1836
7801 7619
7815 8397
7820 3124
7830 9180
7834 8948
7837 8750
7841 7813
7844 946
7857 5467
7865 3471
7878 900
7891 1336
7898 1510
7905 6193
7915 6056
7925 3002
7938 7454
7941 4627
7943 9220
7951 3217
7954 9609
7963 8700
7970 7748
7981 5852
7986 9647
7991 9300
7994 6543
8000 9296
8012 3620
8014 4647
8015 4461
8017 8162
8023 9748
8030 4027
8031 3470
8037 275
8038 4878
8055 5300
8056 508
8058 4458
8066 2337
8080 4500
8088 8172
8090 1727
8096 3808
8104 6161
8107 8266
8124 4454
8125 5070
8132 7278
8133 4136
8140 5540
8142 5648
8143 1202
8157 4283
8159 8082
8165 8203
