7595 714
2241 10
9165 169
9475 32
9121 5
7600 15
8916 31
3810 46
9568 19
8777 31
525 33
9476 46
8952 159
7385 239
6946 609
9380 181
6844 31
9254 233
7028 158
9805 385
5409 31
8022 413
7757 19
9616 601
5311 743
8599 25
9630 46
9013 200
9696 92
5467 31
9887 5
2196 121
2447 256
6538 255
5127 25
2359 104
9926 701
9845 6
5408 386
9375 204
7645 19
5270 743
3530 32
6754 74
6167 32
5995 92
6842 64
9491 27
8192 461
8194 7480
3 3861
5 2425
8201 5248
8207 4094
21 8058
8213 6527
25 3511
27 2616
34 1166
8226 9202
8228 785
8234 231
46 2397
49 5470
50 7509
57 119
8249 6495
8250 5593
8253 8273
8257 7381
8261 4699
72 5070
73 3129
8267 9241
83 8099
85 9871
8296 7975
8298 5720
8299 8366
109 9417
110 5829
8309 3575
124 7174
8322 2495
8323 6258
132 5723
134 5975
8327 3086
8332 2200
8334 7546
143 6076
8335 3132
146 1971
147 6068
153 9921
8346 9732
155 4570
8351 3750
8352 5262
164 4711
166 6130
8363 8347
8368 3654
177 8022
8370 7233
8378 5232
189 8376
190 333
197 7541
199 7531
200 2028
8396 3585
206 8953
216 434
219 1826
8412 2608
223 2164
8416 6127
226 4172
8421 2425
234 6207
235 3395
8435 2072
8438 2701
248 5691
8440 5176
250 7010
8447 2129
8448 8313
261 5247
8459 3224
271 6030
8464 6785
273 3619
277 5793
8470 1189
8471 1066
8472 7116
287 6631
8479 937
290 7094
8484 5252
8491 3755
8493 8698
8494 8780
8505 5537
316 3204
318 7101
8510 6522
8511 4323
8512 905
8515 9142
325 1845
326 7845
8517 4388
8533 8652
345 1316
347 3827
8548 1881
8553 2479
8558 9353
367 577
368 1439
8559 6592
8564 1468
376 2917
8571 952
380 979
8573 3821
8574 885
385 8162
8577 103
8580 1737
395 1358
8589 4672
8590 3086
400 8997
401 8498
8592 352
8594 307
8596 2295
410 9451
8602 3403
8605 2173
8609 5683
418 9327
420 8465
8612 4455
8613 7933
8614 1721
425 5545
8618 2564
429 1227
8621 2908
8625 1952
8626 6502
8633 1125
8636 9398
8640 8393
8643 6610
452 885
453 3514
8644 3857
8645 4577
8646 9355
458 6929
460 7060
463 9681
8656 2938
8657 7690
8659 3723
472 4303
8665 5891
474 5119
8667 9503
8668 6184
8670 2976
8672 5615
481 4004
486 8789
8682 664
499 1459
501 7446
502 4053
8694 2173
8695 308
8703 6078
8707 5534
518 3754
527 7504
8722 1900
534 4110
544 1552
549 4911
8747 7401
8751 851
565 7089
8757 9833
8761 2676
570 5634
8762 231
8763 3971
8764 9415
8766 870
8771 4240
8773 485
584 4922
8779 1959
8784 7310
596 4020
600 107
8797 3394
8801 718
8802 1136
611 6269
8813 3600
8818 8223
627 6832
8820 6874
629 4045
638 951
639 6600
8835 7031
651 466
653 5605
8845 9396
667 9262
668 1975
680 7101
8872 2141
8877 8197
687 3341
8883 7286
8885 4826
8892 6472
8894 9581
706 1675
8913 3881
8914 6380
8915 9201
724 7114
727 699
8926 7322
736 2791
737 7204
8929 7061
8931 5856
740 7778
8934 3340
8936 9494
746 2518
8940 2208
749 1251
8941 4862
8950 7676
8963 5777
8966 5738
8970 4
8972 1765
781 3488
8973 6240
8976 5615
787 3903
8983 7483
8988 4533
809 5724
9004 2349
817 3815
827 4173
9021 2576
829 3003
830 6847
832 5547
9022 1382
9028 4148
9030 587
848 7061
9042 336
856 2273
857 2293
867 324
869 8546
9064 4471
873 2069
9066 7942
876 6258
877 7784
879 3576
881 5745
9074 9928
9076 6665
9078 9486
9084 7982
9087 9782
9092 5177
906 1460
907 9036
9102 9433
925 3683
936 3061
9128 8063
9133 5550
9137 2072
9138 1239
9141 5992
9148 191
960 8210
9155 7542
9158 4791
967 3100
9159 2152
973 13
9167 6430
977 9251
9169 9053
9172 8975
9174 5645
9177 5116
9181 4029
990 9737
9183 2099
9185 1660
995 2
997 4065
9194 6203
1011 7162
1013 2860
9205 9333
1016 8312
9211 3746
9222 589
9224 5353
1036 9448
9229 3954
1038 3239
9234 1605
9240 4687
1055 3703
9247 912
9249 9529
1060 538
1067 3265
9263 8048
9268 4525
9273 9922
9276 3383
1086 8023
9281 1043
1091 513
9283 3252
1100 1084
9297 8898
9299 6486
1108 5793
9301 8193
1114 8610
1117 2463
9314 5516
9315 2876
9322 5827
9323 2950
9329 8516
9330 2050
1141 2434
9336 6659
9351 4748
1161 9029
9358 79
9359 7929
1170 729
1172 7432
1176 2243
9370 8811
1179 7309
9372 3730
1183 6934
9378 7173
9382 1852
9384 899
9385 1109
1196 148
9391 6548
9394 6155
9395 6512
9400 480
9404 7881
9405 5507
1215 961
9407 5885
9409 6485
9411 4098
9414 2290
1224 3365
9424 5109
9427 959
9443 6658
1255 6453
1256 9020
9447 8980
1260 9790
1261 8209
9456 6254
9457 8604
1266 9139
1271 9810
9463 8930
1274 3225
1275 7953
9467 1286
1278 8058
9483 3060
1291 4471
1293 8778
9497 9151
1306 4709
1308 8709
9502 9104
9504 6286
9505 561
9508 8783
9511 3331
9524 3579
1340 1280
9533 2334
1345 7446
9537 3930
1347 9819
9541 1212
1360 4249
1365 4058
1368 8699
1371 5640
1374 2284
1376 5824
9572 9700
9576 2169
1387 1061
1394 8500
1397 7497
1399 4708
9593 7856
1403 9459
9595 4598
9596 7073
1411 5440
9605 1514
9609 171
1423 2786
1425 466
1431 603
9625 2060
1441 3555
1442 7630
9637 2273
9641 8720
1457 6869
1462 5828
9656 6742
1465 4871
1467 5517
1474 619
9668 1738
9669 4971
1481 30
9674 3538
1484 1191
1487 1815
1495 9265
9693 41
1505 4279
9701 2986
1510 4868
1513 5257
9712 1778
1533 1867
1547 1392
1549 1083
1559 3182
1560 8119
1563 4287
1580 6700
9772 1277
1583 8726
1585 1568
9778 9875
1595 7472
1600 5014
1611 2237
1624 4299
1625 8686
1633 6328
1643 7110
9835 8108
1647 6086
1657 2747
1658 5315
1673 9742
1687 4275
1693 7221
1697 4953
1701 3864
1743 8541
9957 5518
9959 3755
9960 4246
9961 2844
9962 8522
9963 439
9964 7428
9965 3930
9966 5845
9967 7914
9968 1460
9969 3044
9970 956
9971 3800
9972 8504
9973 2465
9974 1389
9975 4237
9976 8871
1785 7153
9977 8402
9978 4393
9979 556
9980 7111
9981 9058
9982 6840
9983 1698
9984 3869
9985 569
9986 1243
9987 1102
9988 4556
9989 5976
9990 9044
9991 8045
9992 9606
9993 7951
1803 9732
9994 7218
9995 1900
9996 4080
9997 3945
9998 6600
9999 3051
1810 1168
1812 9757
1814 6596
1816 9479
1822 8305
1847 7966
1857 7209
1861 6447
1864 23
1870 3374
1874 8369
1882 6814
1890 4861
1894 1301
1897 895
1904 6453
1930 1259
1933 7080
1936 9685
1944 1681
1947 8339
1954 2311
1960 939
1965 2579
1973 2670
1993 215
2008 5483
2019 1959
2020 4683
2032 7201
2046 770
2055 2199
2057 3206
2091 8673
2096 1048
2098 4271
2102 5971
2109 8685
2111 5514
2113 5758
2116 2873
2122 3334
2130 2816
2133 4727
2143 9719
2150 9305
2201 4719
2203 7867
2215 8424
2228 9762
2234 7144
2261 2573
2262 4304
2276 3534
2281 7288
2283 4774
2304 6125
2306 5055
2316 4392
2317 7726
2321 9748
2350 9492
2371 3052
2376 2960
2401 7385
2403 8383
2405 5107
2416 2590
2427 3939
2440 6027
2456 5707
2473 2923
2476 9610
2480 7040
2481 8276
2484 4867
2528 9047
2532 2624
2540 4985
2547 1263
2549 6998
2560 6899
2570 8776
2571 7935
2577 7850
2585 4796
2587 2682
2588 3212
2601 6659
2604 9189
2609 2022
2630 1603
2635 5292
2647 9830
2665 7137
2673 309
2687 9869
2693 7977
2715 9292
2720 2816
2723 585
2727 8916
2737 9430
2739 3502
2750 9879
2753 5212
2760 7968
2767 4946
2781 5075
2784 1382
2789 5161
2796 4939
2805 9653
2814 5951
2834 6625
2841 3405
2849 1686
2853 9515
2855 1542
2878 2058
2880 4137
2882 479
2883 607
2898 1082
2902 6283
2904 7864
2906 3630
2907 6824
2911 3295
2913 4509
2916 5960
2922 6073
2926 707
2932 1759
2934 5657
2943 6806
2954 6278
2969 7909
2974 8153
3016 2380
3019 6921
3029 3956
3042 8647
3055 3989
3067 2817
3073 96
3077 9428
3081 7464
3082 2744
3096 9730
3097 207
3107 7613
3115 2425
3120 2077
3122 9681
3125 6718
3128 8392
3134 4496
3137 3283
3141 7007
3171 4551
3176 1871
3191 4510
3196 1766
3200 8389
3223 1968
3228 2237
3229 2941
3245 4855
3253 4704
3261 895
3263 247
3266 1102
3272 5007
3287 6923
3314 9818
3344 4534
3345 6562
3348 7534
3350 9626
3353 1279
3355 1249
3356 1359
3360 7518
3375 4717
3392 7357
3393 3973
3396 3861
3408 9758
3410 6541
3415 7807
3433 2863
3453 4706
3462 6038
3464 1575
3468 9943
3479 8681
3482 1150
3486 6572
3495 6655
3520 7541
3525 1064
3533 125
3540 1406
3541 7436
3546 8369
3548 6064
3553 1251
3557 9127
3589 7299
3594 7710
3613 4315
3615 6684
3628 7869
3639 1047
3645 6062
3651 6396
3667 9470
3669 3507
3690 9810
3694 8418
3695 4360
3702 7967
3713 7502
3715 7883
3734 3330
3736 5043
3762 8576
3774 3747
3780 868
3783 1893
3784 962
3788 5787
3794 6821
3797 5817
3801 7585
3812 6393
3824 7103
3829 7072
3831 2638
3836 3676
3838 467
3852 6612
3877 4877
3883 8275
3906 8876
3909 3341
3914 3808
3919 1245
3921 7819
3924 8171
3927 3686
3938 2652
3943 2482
3957 5436
3961 5599
3970 8006
3980 797
4000 1637
4003 4372
4026 106
4032 5947
4044 9442
4055 2105
4066 7820
4078 619
4081 1135
4083 8407
4125 7823
4128 5324
4143 8666
4146 4755
4165 2419
4166 8721
4167 4385
4169 3398
4184 240
4197 3765
4210 5269
4220 3818
4227 7132
4252 7116
4254 748
4260 230
4313 3650
4316 9858
4332 3048
4335 125
4348 1185
4356 1844
4373 5837
4374 9720
4398 3391
4403 2311
4411 2492
4417 5213
4422 2970
4435 601
4442 730
4447 2453
4449 5450
4469 2438
4480 4455
4486 2644
4503 2636
4538 8100
4554 5029
4558 2730
4559 1362
4564 6247
4579 7510
4580 4346
4593 844
4595 2516
4604 3897
4614 270
4615 3038
4632 8525
4642 8235
4652 6271
4657 381
4674 9495
4678 5622
4682 4989
4689 752
4693 7420
4698 8451
4700 6419
4723 348
4725 1363
4729 6393
4730 2161
4742 3481
4746 8957
4752 2696
4769 6832
4772 1726
4776 1273
4777 868
4789 473
4817 7686
4830 9104
4858 3862
4869 6630
4880 1160
4892 516
4893 4764
4900 7357
4902 806
4931 3979
4956 7596
4963 3518
4981 7665
4990 2827
5015 5347
5023 7842
5034 7685
5036 697
5039 8502
5051 2374
5054 8578
5074 7923
5100 3614
5111 650
5117 1512
5133 7958
5146 2233
5150 2227
5153 9005
5190 8673
5208 870
5209 5242
5238 1914
5245 1234
5246 4882
5285 3969
5288 3212
5298 8723
5308 7249
5313 1230
5317 4182
5327 4324
5333 9538
5339 3577
5341 2655
5342 8182
5343 521
5363 1724
5364 8680
5366 813
5379 7819
5384 9803
5391 5020
5392 2078
5397 3165
5429 5513
5439 4692
5449 6098
5454 113
5472 1763
5475 9192
5493 2936
5523 7506
5531 8474
5532 2536
5533 2816
5542 7236
5548 923
5576 9610
5578 2387
5587 7859
5590 7285
5597 3431
5609 4273
5623 6757
5629 8998
5651 5834
5653 241
5669 3688
5684 5598
5728 2444
5730 3364
5732 6914
5735 9479
5744 528
5760 4552
5761 1744
5786 1679
5799 523
5804 4351
5808 574
5809 187
5810 2634
5813 6936
5838 3986
5840 2550
5850 1470
5854 9015
5857 5593
5865 4599
5873 9749
5887 3142
5892 9624
5900 8540
5903 8467
5905 7082
5907 7949
5913 9334
5919 8823
5927 5432
5929 5642
5931 2016
5941 6696
5952 4967
5958 3562
5964 7705
5967 8502
5969 8111
6020 1999
6024 3407
6036 3330
6041 6578
6047 6515
6059 5108
6061 6571
6067 5762
6072 8054
6088 5716
6090 7575
6102 7522
6117 9512
6119 630
6136 1156
6138 7950
6153 6651
6157 7471
6164 6915
6176 6287
6185 6900
6186 3707
6187 6763
6191 9883
6214 8086
6215 1388
6219 8116
6227 2305
6228 1253
6241 1122
6260 1567
6275 4983
6282 6247
6291 9898
6309 568
6322 714
6323 8091
6377 8328
6389 3997
6394 7593
6401 8855
6407 8708
6415 9755
6423 7246
6452 7455
6457 2600
6477 2108
6491 9474
6501 2156
6517 4073
6518 2746
6519 7295
6525 142
6528 9442
6535 6933
6539 184
6556 9459
6559 6373
6564 890
6573 2680
6586 7555
6601 2362
6605 8356
6620 5049
6627 1142
6641 5369
6661 7011
6662 9629
6674 5575
6682 8229
6704 5556
6713 5351
6716 6085
6731 2643
6732 9809
6735 1609
6744 6508
6750 2460
6764 6124
6772 9758
6776 7598
6780 8888
6783 9311
6790 6378
6810 9480
6811 3821
6813 4061
6827 1390
6828 1836
6831 1162
6854 6065
6867 4635
6870 4437
6878 4014
6887 9814
6891 5860
6892 7544
6902 9895
6919 6040
6935 2043
6941 6924
6949 9659
6955 8064
6969 5508
6972 623
6981 4521
6982 4905
6996 3416
6999 1213
7013 1671
7016 1344
7019 4008
7021 631
7036 1424
7039 2708
7044 5788
7046 1204
7047 1661
7053 1464
7056 4565
7057 7211
7066 9366
7084 7099
7104 1769
7107 688
7117 191
7128 1574
7138 1208
7146 7242
7151 5275
7152 3418
7157 1975
7158 6496
7167 6626
7170 4666
7185 6568
7187 3728
7193 7907
7202 5655
7205 2564
7206 6693
7207 2377
7223 9546
7232 4189
7250 3768
7252 8816
7257 7162
7262 5920
7266 4012
7268 3930
7275 2390
7280 5320
7290 6920
7300 9904
7314 9206
7317 4835
7320 3119
7337 5106
7347 3578
7349 2579
7352 9691
7375 9327
7387 8398
7388 4764
7393 1025
7394 5109
7395 5740
7399 389
7404 6224
7407 3830
7413 4380
7435 9946
7437 2638
7442 2076
7448 4910
7458 7507
7467 3718
7477 636
7514 6837
7529 891
7535 353
7540 9339
7549 2660
7558 8122
7564 2712
7565 7048
7594 8041
7601 4336
7607 4760
7616 7724
7618 6658
7625 7779
7633 8427
7643 3966
7647 9353
7650 7470
7651 9498
7667 4484
7672 9187
7689 1496
7691 2180
7709 4647
7712 8381
7713 5876
7717 3579
7736 9494
7742 2449
7743 5166
7744 9560
7745 1325
7759 2475
7761 2197
7767 7843
7774 4947
7782 5970
7788 4816
7789 7547
7791 7003
7793 4770
7794 2850
7800 8796
7816 2825
7818 391
7826 1808
7835 8693
7837 8373
7841 4290
7844 1984
7857 1315
7862 895
7865 7569
7875 1805
7876 8413
7898 7815
7924 5236
7925 4529
7926 115
7928 9884
7937 557
7938 5793
7954 295
7963 3496
7965 5510
7969 4415
7979 9931
7983 7488
7990 7425
7991 2640
7994 7323
7995 8053
8007 9338
8016 6543
8030 1637
8037 8566
8038 1476
8043 9310
8049 4586
8055 2429
8066 9113
8071 7942
8080 9925
8096 5301
8098 6340
8110 6929
8120 841
8121 7177
8124 506
8125 1910
8132 9782
8133 7380
8136 9702
8139 1587
8143 6487
8159 8881
8161 1353
8163 8561
8170 4867
8176 5655
8190 6937
