515 196
2021 444
2212 87
1969 68
2398 87
1581 240
137 114
1463 395
1072 70
1120 207
2347 601
2071 48
743 362
690 134
2299 661
276 206
2284 42
798 21
1489 395
1409 116
2208 119
637 350
910 439
1809 601
112 70
2417 174
688 364
1481 313
1747 123
266 127
1433 184
8192 600
8193 785
8194 398
8196 1606
8197 2182
8198 339
7 1125
8199 2310
8200 1313
8202 2268
8203 984
8204 1718
8205 767
8206 1459
8209 606
8210 968
8211 2076
20 819
8212 238
8213 1019
8214 1414
8215 1048
8216 2447
8217 605
8218 1829
8219 41
8220 1669
8221 660
8222 1038
8225 334
8226 2513
43 1495
114 2026
129 730
141 445
177 1808
209 379
241 797
302 1910
323 865
324 1050
330 1385
336 45
341 408
349 416
359 2310
360 369
362 1496
405 589
406 2065
434 1081
451 1383
477 1194
489 257
490 718
528 217
558 1119
648 1890
649 385
674 724
676 637
701 267
710 2015
733 1314
760 411
772 968
773 1068
804 1288
817 539
831 2004
842 1202
845 1464
847 1157
861 525
954 2486
970 607
989 1743
1008 535
1017 980
1041 1866
1055 2257
1057 207
1065 1296
1107 2194
1109 2375
1112 2045
1127 1605
1140 1815
1149 2417
1152 2495
1158 1084
1160 957
1166 935
1187 1522
1197 767
1215 796
1225 570
1241 1209
1266 1272
1268 736
1280 187
1290 1050
1317 224
1327 767
1343 138
1349 137
1356 1020
1362 1411
1371 635
1375 506
1394 1235
1399 2004
1404 909
1412 2393
1423 137
1427 213
1450 1387
1458 1446
1461 417
1476 1270
1477 2421
1480 334
1501 657
1504 1842
1505 947
1512 15
1519 1446
1529 1875
1535 301
1543 2156
1554 1393
1566 94
1570 1214
1577 521
1587 2423
1590 1748
1598 2491
1602 139
1632 1705
1634 1084
1635 372
1641 1506
1663 1956
1673 508
1678 1111
1679 2502
1691 146
1692 2099
1694 1784
1697 1295
1738 975
1740 113
1755 1716
1765 173
1779 396
1786 389
1811 863
1812 685
1817 1094
1853 555
1860 1969
1874 2411
1877 408
1883 296
1898 1332
1902 926
1907 529
1911 203
1913 107
1917 1002
1928 1581
1932 1912
1933 376
1937 1352
1950 2146
1958 1875
1974 49
1977 1252
1979 1711
1982 2109
2011 1440
2013 1456
2032 900
2038 2348
2040 1390
2049 2443
2052 2441
2057 539
2083 1386
2111 1649
2120 178
2121 742
2137 1949
2138 309
2143 2310
2144 743
2157 906
2166 1111
2178 1687
2179 1411
2186 453
2199 240
2202 812
2203 966
2215 621
2231 944
2237 1791
2240 533
2242 444
2252 110
2274 1449
2287 2271
2304 237
2305 1644
2319 2416
2320 2442
2325 1878
2334 1847
2339 1133
2341 1228
2342 1960
2355 506
2373 564
2374 292
2387 670
2395 94
2397 1463
2399 798
2403 951
2404 1151
2408 1239
2427 1831
2429 1435
2438 585
2444 8
2448 1413
2451 2029
2457 670
2458 1746
2473 764
2476 1245
2483 108
2485 153
2490 486
2499 539
2511 1814
2520 199
2523 1082
2526 628
2528 145
2529 326
2530 500
2531 2460
2532 597
2533 1919
2534 137
2535 617
2536 659
2537 2300
2538 2348
2539 2525
2541 62
2543 2518
2544 1243
2545 2182
2546 2495
2547 1325
2548 69
2550 117
2551 12
2552 1072
2553 2489
2554 151
2555 1333
2557 355
2558 2279
2559 1331
2560 1780
2562 446
2563 695
2564 454
2565 2004
2566 2059
2567 1284
2568 1875
2569 2001
2570 97
2571 1258
2572 564
2573 1574
2576 1367
2577 631
2578 991
2579 1571
2580 555
2581 2379
2584 997
2585 1282
2586 867
2587 391
2588 1557
2589 1601
2590 652
2591 956
2593 1834
2594 1649
2595 1492
2596 1050
2597 977
2598 658
2599 2262
2600 836
2602 612
2603 2171
2605 484
2606 1096
2607 951
2608 555
2610 1489
2611 705
2612 2053
2613 2301
2614 2228
2615 46
2616 358
2618 245
2619 1217
2621 1989
2622 2195
2623 2112
2624 21
2625 11
2626 2015
2627 1247
2628 1072
2629 1859
2630 94
2631 340
2632 1382
2634 430
2635 1007
2636 99
2637 2069
2638 1411
2639 573
2640 2377
2641 329
2642 511
2643 470
2644 1309
2645 1735
2646 484
2647 1645
2648 203
2649 260
2650 2114
2651 839
2652 2306
2653 770
2654 545
2655 25
2656 1354
2657 1834
2658 2384
2659 36
2660 922
2661 2524
2662 17
2663 615
2664 1865
2665 1270
2666 924
2667 377
2668 880
2670 283
2671 548
2672 2029
2674 1899
2675 1185
2676 1116
2677 608
2678 839
2679 1111
2680 1022
2681 2239
2682 1386
2683 1829
2684 1102
2685 2283
2686 832
2687 1043
2688 1347
2689 2421
2692 1918
2693 1471
2695 2446
2696 985
2697 582
2698 1769
2699 699
2700 1687
2701 1124
2702 534
2704 2347
2705 1099
2706 1013
2707 981
2708 2268
2709 472
2710 394
2711 1089
2712 1044
2713 823
2715 2459
2717 268
2718 870
2719 1255
2720 647
2721 2508
2722 2347
2723 2446
2725 602
2726 2133
2727 187
2728 1148
2729 442
2730 1334
2731 1397
2732 2259
2733 871
2734 395
2735 795
2736 1357
2738 1650
2741 1745
2742 2302
2743 2275
2744 2161
2745 1610
2746 2184
2748 1359
2749 226
2750 339
2751 996
2752 1992
2753 667
2755 402
2756 88
2757 66
2758 144
2759 2349
2760 1735
2761 1686
2762 1962
2763 179
2764 1611
2765 174
2768 812
2769 196
2770 910
2771 1115
2772 1859
2773 1796
2774 1452
2775 366
2776 389
2777 755
2778 290
2779 1591
2781 1019
2782 1086
2783 1919
2784 1115
2785 2312
2786 2308
2787 2180
2788 2376
2789 14
2790 1013
2791 589
2793 1434
2794 598
2795 1866
2796 2133
2797 2464
2799 630
2800 718
2801 1432
2802 1885
2803 1067
2804 1002
2806 1000
2807 978
2809 23
2810 1475
2811 153
2812 11
2814 2156
2815 1114
2816 1903
2817 200
2818 866
2819 1688
2820 1871
2821 346
2822 1897
2825 1571
2826 1788
2827 1133
2828 112
2829 499
2830 913
2831 637
2833 1789
2834 2459
2835 1123
2836 2275
2837 2142
2838 1322
2839 966
2840 35
2841 1201
2842 115
2843 2014
2844 2265
2845 2508
2846 2145
2847 646
2848 2522
2849 652
2851 2156
2853 2423
2854 2018
2855 2435
2857 1916
2859 1353
2861 2466
2862 9
2863 1852
2864 1700
2866 355
2867 530
2868 1695
2870 2
2871 1323
2873 1526
2875 1832
2876 1466
2877 316
2878 637
2879 127
2880 664
2881 2505
2884 851
2885 1759
2886 854
2887 1414
2888 762
2889 1194
2890 1592
2891 2229
2892 2014
2893 474
2894 1378
2895 2066
2896 55
2897 2443
2898 607
2899 2016
2900 2435
2901 828
2902 1751
2903 2153
2904 2311
2907 1139
2908 555
2909 1172
2910 1565
2913 1273
2914 2419
2915 1792
2916 991
2917 1511
2918 1254
2920 1083
2921 597
2923 1124
2924 1359
2925 1650
2926 1801
2928 1868
2929 758
2930 2201
2931 1613
2932 570
2933 564
2934 196
2936 187
2937 1273
2938 400
2939 1809
2940 238
2941 2269
2942 2419
2943 1039
2944 1830
2945 268
2946 1981
2947 1459
2948 1184
2949 1601
2950 1169
2951 238
2952 412
2953 686
2955 2491
2956 624
2957 2378
2958 859
2959 1507
2960 2268
2961 1322
2962 1243
2963 2030
2964 833
2965 1764
2966 1046
2968 2222
2969 1133
2970 118
2971 2390
2972 992
2973 1155
2974 2440
2975 307
2976 137
2978 2346
2979 1705
2981 822
2982 974
2984 657
2985 605
2986 1864
2987 2172
2988 1212
2989 1567
2990 722
2991 1737
2992 942
2993 1420
2994 848
2995 2366
2996 2316
2997 2016
2998 1998
2999 1157
3000 2133
3001 2396
3002 583
3004 1666
3005 811
3006 1137
3009 23
3010 1652
3011 1082
3013 999
3014 171
3015 1672
3016 64
3018 1734
3019 375
3020 1728
3023 1086
3024 421
3025 365
3026 525
3027 2337
3028 2119
3029 1301
3030 1439
3031 1080
3032 2085
3034 340
3035 299
3036 245
3037 1573
3038 2165
3039 1766
3040 2344
3041 1156
3042 1012
3043 83
3044 1916
3045 1167
3046 1271
3047 282
3049 1438
3050 1527
3051 178
3052 497
3053 1074
3054 590
3055 2280
3057 279
3058 1739
3059 612
3060 1655
3061 2145
3062 547
3065 552
3067 354
3069 2152
3070 529
3071 171
3072 1574
3073 918
3074 2272
3075 346
3077 1698
3078 1961
3079 1198
3080 1789
3081 1572
3082 735
3083 414
3084 1736
3085 2280
3086 1752
3087 2470
3088 1837
3089 1038
3090 1301
3091 1354
3092 1724
3096 1455
3097 1184
3098 2171
3099 418
3100 923
3101 968
3102 1347
3104 1846
3105 860
3107 1507
3108 1179
3109 1194
3110 832
3111 1016
3112 2014
3113 314
3114 897
3115 39
3116 516
3117 1680
3118 403
3119 703
3120 1475
3121 1925
3123 2029
3124 665
3125 22
3126 1981
3127 618
3129 2297
3130 678
3131 356
3132 2396
3133 2078
3134 554
3135 1799
3137 1799
3138 1792
3139 2267
3141 376
3142 40
3144 1027
3145 871
3146 1470
3147 1264
3148 1633
3149 457
3150 2014
3151 1600
3152 1062
3153 937
3154 2362
3156 1680
3159 143
3160 1840
3161 2431
3162 1464
3163 744
3165 2302
3166 910
3167 990
3168 1596
3169 1190
3170 2165
3171 1561
3173 1025
3174 95
3175 1332
3176 2136
3177 1595
3178 214
3179 1847
3180 763
3181 1284
3182 1385
3183 1401
3184 75
3185 1872
3187 1186
3188 1551
3189 1782
3190 54
3191 645
3192 1289
3194 74
3195 1813
3196 196
3197 437
3198 1287
3200 1035
3201 2508
3202 2123
3203 274
3204 562
3205 371
3206 64
3207 653
3208 2366
3209 408
3210 462
3211 1930
3212 33
3213 290
3214 1227
3215 1135
3216 569
3217 1445
3218 393
3219 2439
3220 1099
3221 529
3222 1275
3224 2073
3225 1206
3226 962
3227 1082
3228 1737
3229 1837
3231 2129
3232 1591
3233 59
3234 1313
3235 1515
3236 974
3237 2211
3238 1277
3239 2191
3240 1319
3241 1547
3242 1718
3243 555
3244 515
3245 1983
3246 2441
3247 322
3248 2078
3249 1047
3250 35
3251 1230
3252 2415
3253 690
3254 1082
3255 726
3258 2125
3259 1660
3260 61
3261 45
3262 1980
3264 1099
3266 1056
3267 625
3268 1134
3269 343
3270 1991
3271 663
3272 1256
3273 905
3274 833
3275 1388
3277 2314
3278 726
3279 1629
3281 498
3282 2205
3283 1556
3284 1218
3285 117
3286 1428
3287 975
3288 714
3290 231
3292 1770
3293 1810
3294 479
3295 1985
3297 73
3298 2257
3299 921
3301 1796
3302 2376
3303 1001
3304 863
3305 308
3307 844
3308 687
3310 1729
3311 1749
3312 927
3313 1520
3315 111
3316 624
3317 876
3318 1047
3320 644
3322 2151
3323 898
3324 1164
3325 952
3327 1514
3328 83
3329 1954
3330 198
3331 1303
3333 1686
3334 1025
3335 137
3336 730
3337 851
3338 1622
3340 1658
3341 1024
3342 2283
3343 2486
3344 2090
3345 1078
3346 394
3347 2092
3348 1170
3349 448
3350 1591
3351 1267
3352 985
3354 2326
3355 450
3356 837
3357 2258
3358 228
3359 2205
3360 627
3361 1311
3362 1005
3363 1690
3364 47
3365 272
3366 364
3367 204
3369 2209
3370 1760
3371 16
3372 981
3373 1770
3374 623
3375 1434
3376 2022
3377 2
3378 2398
3379 1650
3380 1311
3381 1806
3382 512
3383 611
3384 1688
3385 1091
3386 1972
3387 1370
3388 492
3390 609
3391 108
3392 1086
3393 1610
3394 996
3395 1518
3396 1669
3397 882
3398 1962
3399 2505
3400 2450
3401 1565
3402 2222
3403 2442
3404 1849
3405 485
3406 1938
3407 100
3408 1872
3410 1205
3411 398
3414 1739
3416 380
3418 683
3419 681
3420 569
3421 691
3422 404
3423 999
3424 1822
3425 1012
3426 2213
3427 2115
3428 2330
3431 52
3432 1559
3434 2501
3436 59
3437 1514
3438 113
3439 1643
3440 1211
3441 557
3442 2335
3443 2432
3445 118
3446 1287
3447 170
3448 1198
3449 1442
3450 1307
3452 966
3453 1294
3454 2261
3455 1156
3456 2315
3458 133
3459 926
3460 344
3461 585
3462 1672
3463 191
3464 1278
3465 610
3466 1484
3467 2353
3468 1072
3469 216
3470 2435
3471 798
3472 1526
3473 683
3474 2518
3476 311
3477 1744
3478 412
3479 1263
3480 1119
3481 1750
3482 358
3483 2340
3484 1221
3485 1886
3486 307
3487 2124
3488 1153
3489 1646
3490 718
3491 1390
3492 1549
3493 2035
3494 1275
3495 1862
3496 2365
3497 1157
3499 1969
3500 1463
3501 1703
3503 1204
3504 1661
3505 1866
3506 1698
3507 34
3508 2082
3509 2330
3511 1042
3512 1992
3513 2012
3514 2091
3515 640
3516 2467
3517 1452
3518 432
3520 1012
3521 390
3522 1284
3523 2209
3525 1961
3526 1117
3527 1714
3528 625
3529 1366
3530 1220
3531 1735
3532 2228
3533 78
3534 1949
3535 449
3536 1868
3537 1239
3538 655
3539 1732
3540 2080
3542 2411
3543 2101
3544 955
3545 304
3546 801
3547 1319
3551 1265
3553 1581
3555 2447
3556 723
3557 658
3559 1223
3560 1985
3561 1920
3562 412
3563 2317
3565 118
3566 536
3567 2323
3568 126
3570 1861
3571 988
3572 2376
3573 1509
3574 252
3575 2223
3576 718
3577 268
3578 2250
3579 663
3581 644
3583 398
3584 1063
3585 931
3587 1348
3589 492
3590 361
3591 694
3592 115
3593 89
3594 1481
3595 2112
3596 282
3597 1414
3598 1685
3599 389
3601 781
3602 1736
3603 67
3605 1179
3606 1284
3607 867
3608 2294
3609 1169
3610 1617
3611 2241
3612 603
3613 198
3614 1956
3617 425
3618 1495
3621 160
3622 771
3623 396
3624 1337
3625 556
3630 311
3631 2436
3632 1801
3633 300
3634 538
3635 322
3636 1745
3637 1171
3638 116
3639 2058
3640 977
3641 2119
3642 1894
3643 2491
3644 467
3645 724
3646 1379
3647 2168
3649 1636
3650 1648
3651 2140
3652 2489
3653 1118
3654 456
3655 2461
3656 1751
3658 2460
3659 1701
3661 2187
3662 1689
3663 377
3664 1217
3665 2042
3666 2153
3667 279
3668 329
3669 2082
3670 493
3671 688
3674 721
3676 518
3677 719
3678 849
3679 1153
3680 240
3681 130
3682 1614
3684 1560
3685 1287
3686 2524
3689 2104
3690 1342
3691 1485
3692 131
3694 94
3695 2153
3696 1388
3697 2439
3698 181
3699 2195
3701 1608
3702 31
3703 2492
3704 1824
3706 482
3707 896
3708 1409
3709 1155
3712 364
3713 1078
3714 587
3715 905
3716 552
3717 2118
3718 16
3719 1970
3720 2101
3721 27
3722 1358
3723 512
3726 697
3728 996
3729 152
3731 1759
3732 855
3733 1569
3734 1487
3736 1069
3737 271
3738 199
3739 1351
3740 789
3741 913
3742 514
3743 2014
3745 389
3746 1389
3748 395
3749 361
3750 375
3751 771
3752 736
3753 1222
3755 1857
3756 398
3757 2132
3758 464
3760 1216
3761 34
3762 1837
3763 670
3764 170
3765 852
3766 584
3767 1645
3768 398
3769 462
3771 311
3772 778
3774 1024
3775 2361
3776 1995
3777 232
3778 183
3779 383
3780 1683
3781 2238
3782 787
3783 144
3784 691
3785 111
3787 1525
3788 2379
3789 122
3790 1923
3792 68
3794 1633
3795 1787
3796 2449
3797 1565
3798 1114
3800 1615
3801 462
3802 2118
3803 1164
3804 812
3805 1615
3806 784
3807 401
3808 1620
3809 2105
3810 1985
3811 612
3812 2362
3813 96
3814 1102
3815 1766
3818 608
3819 675
3820 2200
3821 246
3823 350
3824 2424
3825 851
3826 2180
3828 2400
3831 520
3832 1383
3833 627
3834 1252
3836 1547
3837 505
3840 109
3841 1473
3844 491
3845 311
3846 909
3847 2018
3848 1420
3849 2097
3850 1993
3851 193
3853 1492
3854 2382
3855 293
3857 505
3858 947
3859 1456
3861 1859
3862 296
3863 605
3864 339
3865 1764
3866 1068
3867 1728
3868 1717
3869 687
3870 785
3871 1070
3872 1662
3873 201
3874 608
3875 1179
3877 1849
3878 573
3879 285
3880 729
3882 1019
3884 841
3885 870
3886 456
3888 365
3889 1143
3890 1815
3891 154
3892 2273
3893 836
3894 1418
3895 1846
3896 818
3899 1429
3900 320
3901 380
3903 838
3905 2031
3907 905
3909 1479
3910 150
3911 432
3912 232
3913 400
3915 583
3916 652
3917 718
3918 925
3919 980
3920 1833
3921 448
3924 1722
3925 1303
3927 312
3928 2167
3929 1546
3930 1073
3931 181
3932 792
3933 2155
3935 1304
3937 1625
3938 86
3939 1069
3941 308
3942 639
3943 1159
3944 2058
3945 1647
3946 1803
3947 1655
3948 1301
3950 2414
3951 986
3952 1213
3953 1540
3954 1275
3957 645
3959 1457
3960 365
3961 1039
3962 1891
3963 1148
3964 1169
3965 64
3966 467
3968 569
3969 255
3970 15
3971 1800
3972 128
3973 753
3974 981
3976 1784
3977 220
3978 1475
3979 1736
3980 1804
3981 361
3982 24
3983 2298
3984 2367
3985 955
3986 2096
3987 1586
3988 2425
3989 920
3990 854
3991 1827
3992 1073
3994 2411
3995 226
3996 1561
3997 2058
3998 329
3999 604
4000 23
4001 222
4002 1726
4003 294
4005 1792
4006 2192
4007 666
4008 1884
4009 1336
4010 748
4011 749
4012 255
4013 1459
4014 396
4015 2004
4016 1668
4017 1497
4018 1736
4019 1706
4020 682
4022 2055
4024 1631
4025 1592
4027 2109
4028 1232
4029 938
4030 1931
4033 1287
4035 1731
4036 228
4037 567
4039 1002
4040 135
4041 793
4042 1066
4043 1089
4045 2514
4046 1858
4047 2430
4049 2394
4050 6
4051 1787
4052 380
4053 642
4054 1912
4055 2034
4056 2238
4057 1944
4058 1918
4060 1884
4062 1002
4063 2025
4064 1995
4065 1453
4066 196
4067 257
4069 972
4070 1001
4071 664
4073 1764
4074 2184
4075 1047
4076 800
4079 342
4082 125
4083 1545
4084 1367
4085 2086
4087 1379
4090 1332
4091 1118
4092 1045
4093 1061
4094 272
4096 1478
4097 1710
4098 922
4100 599
4102 2094
4104 471
4105 2109
4106 424
4107 2337
4108 1050
4109 762
4111 560
4112 1633
4114 587
4116 1959
4117 1035
4118 1482
4119 2484
4120 1530
4123 807
4124 277
4126 1440
4129 274
4130 1709
4133 58
4135 1558
4137 168
4138 538
4139 2519
4142 2233
4143 786
4144 1299
4145 1484
4146 2236
4147 76
4148 2256
4149 128
4150 984
4151 1806
4152 2382
4153 799
4154 395
4156 2514
4157 52
4158 181
4159 150
4160 920
4162 1840
4163 2487
4164 2492
4168 223
4169 1090
4170 1562
4172 2253
4173 1467
4174 759
4176 1214
4178 1759
4183 316
4185 1373
4186 186
4187 741
4189 1159
4191 1987
4194 1682
4195 1120
4196 1526
4197 2162
4198 1432
4201 948
4202 690
4203 1609
4204 77
4205 52
4206 1657
4207 1728
4209 2130
4210 1235
4213 1397
4214 292
4215 125
4216 757
4217 1729
4218 2415
4220 469
4222 2456
4223 1287
4225 1531
4226 2270
4227 982
4228 131
4229 34
4230 237
4231 596
4232 1540
4234 770
4235 1994
4236 1851
4238 832
4239 737
4240 1173
4241 2096
4242 1289
4244 2050
4245 1164
4246 2048
4248 164
4249 2071
4250 1170
4251 443
4252 1867
4253 1299
4254 852
4255 1376
4257 2183
4258 744
4259 540
4260 838
4261 2500
4263 1834
4265 691
4266 1972
4268 777
4269 1560
4271 1741
4272 2201
4273 961
4275 1948
4276 1827
4277 2221
4278 605
4279 1802
4280 251
4281 1360
4282 839
4284 952
4285 2516
4286 1478
4287 1338
4288 111
4290 591
4292 2133
4293 631
4295 651
4297 1605
4299 1545
4300 2327
4301 268
4302 1609
4304 1230
4305 683
4306 1815
4307 570
4308 1143
4309 617
4310 1130
4311 1474
4312 947
4313 2233
4314 757
4315 645
4318 2338
4319 1311
4321 151
4322 46
4323 2263
4324 659
4325 2204
4326 1961
4328 1193
4329 705
4331 85
4333 353
4334 1360
4335 1190
4336 1103
4337 2386
4338 2390
4339 2486
4340 240
4342 1758
4343 744
4344 92
4345 562
4346 555
4347 1405
4348 1822
4350 230
4351 790
4353 474
4354 1666
4355 2260
4357 1621
4359 953
4361 68
4362 88
4363 1700
4364 2265
4365 2046
4368 1573
4369 2255
4371 746
4372 1857
4373 822
4375 891
4376 1617
4377 9
4378 1713
4379 1538
4382 2125
4383 1303
4384 2290
4385 1076
4386 116
4387 268
4388 1232
4389 2156
4390 172
4391 413
4394 2017
4395 2220
4396 2180
4397 2440
4400 118
4401 2405
4402 2321
4403 75
4405 758
4406 103
4407 265
4408 554
4409 135
4410 1706
4411 1730
4412 2435
4413 2218
4414 1391
4415 1527
4416 607
4417 2217
4418 1773
4419 194
4420 495
4421 17
4423 84
4424 1372
4425 636
4426 776
4427 525
4428 627
4429 1628
4432 415
4433 305
4434 1082
4435 2288
4436 160
4437 524
4439 758
4440 1147
4441 233
4443 994
4444 1968
4445 774
4446 1731
4447 2238
4448 2366
4449 96
4450 1311
4451 1567
4452 1310
4455 859
4456 1735
4457 787
4458 97
4459 1821
4460 1899
4461 2411
4462 1637
4464 830
4466 1200
4467 1192
4468 495
4470 896
4471 808
4472 438
4473 1934
4474 1900
4475 2286
4476 442
4477 1966
4478 704
4479 948
4480 1256
4481 2221
4482 2436
4483 2206
4487 548
4488 2201
4489 401
4490 545
4494 1482
4495 1086
4496 512
4497 647
4498 1806
4499 1467
4500 2230
4503 1916
4504 213
4506 479
4507 721
4508 2450
4510 728
4511 2344
4512 942
4513 1278
4514 1703
4515 484
4516 16
4517 2071
4518 2478
4520 742
4521 274
4522 85
4523 885
4525 998
4526 337
4529 351
4530 178
4531 286
4532 741
4534 1142
4535 2168
4536 597
4537 2335
4538 1119
4539 432
4540 1821
4541 1810
4543 2209
4544 2453
4545 288
4546 295
4548 971
4549 1563
4550 1304
4551 667
4552 1508
4553 1615
4554 964
4555 745
4556 88
4557 1771
4559 2087
4560 1484
4561 1235
4562 1608
4563 975
4564 1146
4566 2493
4567 1176
4568 92
4572 907
4573 2402
4575 616
4576 624
4577 1135
4578 757
4579 51
4580 755
4581 33
4582 532
4583 267
4585 1499
4586 1209
4587 2140
4588 379
4590 2275
4591 1284
4593 327
4594 2162
4595 317
4596 586
4597 1569
4598 1869
4599 1956
4602 1457
4603 1175
4604 497
4605 1851
4606 1459
4607 1443
4608 1493
4609 986
4610 2308
4611 789
4612 1767
4613 1005
4614 939
4615 2491
4616 1134
4617 345
4618 1870
4620 988
4621 338
4622 1776
4623 625
4624 682
4625 2244
4626 553
4627 499
4628 2151
4629 1516
4631 562
4632 2228
4633 2293
4634 208
4635 2262
4636 1766
4637 1818
4638 440
4639 1072
4640 1859
4641 2267
4642 1272
4643 570
4644 751
4645 2016
4646 235
4647 1170
4648 303
4650 175
4651 708
4652 673
4654 1143
4655 1429
4657 257
4658 891
4659 2029
4660 2326
4661 1564
4662 1558
4663 301
4665 2046
4666 564
4667 1558
4668 1540
4671 1223
4672 385
4673 13
4674 466
4675 562
4676 2505
4677 982
4678 1193
4680 378
4681 235
4682 2217
4683 2249
4684 535
4686 281
4687 552
4688 388
4690 641
4691 420
4692 1137
4693 1206
4694 819
4697 816
4698 1115
4699 1600
4700 2439
4701 669
4702 1993
4703 1829
4704 916
4705 770
4706 1122
4707 1457
4708 794
4709 911
4710 1078
4714 957
4715 189
4716 1564
4718 1389
4719 205
4720 200
4721 1645
4722 183
4723 101
4725 461
4726 408
4727 1796
4728 1474
4729 467
4732 1230
4734 2266
4735 521
4736 598
4738 971
4739 472
4742 37
4743 412
4746 521
4747 1646
4748 1175
4750 1704
4751 1609
4752 495
4753 234
4755 1372
4756 2441
4758 1487
4759 600
4760 882
4762 2239
4763 1354
4764 1136
4765 1609
4766 812
4767 1561
4769 454
4770 31
4771 262
4772 764
4773 617
4774 1089
4775 763
4776 183
4777 133
4779 657
4780 152
4782 699
4783 1531
4784 811
4785 823
4786 1114
4787 1129
4788 1488
4789 2175
4790 1155
4792 1167
4793 1336
4794 952
4796 1300
4797 517
4798 1448
4799 2047
4800 1818
4801 1212
4803 1559
4804 124
4805 616
4806 2167
4807 442
4809 1789
4812 1825
4813 1787
4814 1243
4815 239
4816 2243
4817 2244
4819 228
4820 1220
4821 610
4822 1848
4824 658
4825 347
4826 1068
4827 1744
4828 1595
4829 711
4830 879
4832 526
4833 1574
4834 2168
4835 2124
4836 1439
4837 720
4838 237
4839 1716
4840 1743
4841 948
4843 1244
4844 391
4845 447
4847 1168
4848 569
4849 2509
4850 2214
4851 1251
4852 1545
4853 105
4855 1223
4856 1600
4857 193
4858 2132
4859 2018
4860 2140
4861 1381
4862 1176
4863 1288
4864 1677
4865 1139
4866 1114
4868 1263
4869 1511
4870 1992
4871 2020
4872 2159
4873 2219
4874 1625
4875 996
4877 264
4878 389
4879 178
4880 46
4881 1739
4882 1333
4885 2201
4886 379
4887 981
4889 1561
4891 1983
4892 326
4894 2441
4895 853
4897 370
4898 461
4900 1195
4901 21
4904 783
4905 143
4907 2102
4908 763
4910 2047
4911 1644
4912 2051
4913 1405
4914 131
4915 143
4917 969
4921 49
4922 1213
4924 2210
4925 2125
4926 882
4928 947
4929 148
4931 2041
4932 798
4935 580
4936 224
4938 1110
4939 1649
4940 2130
4941 1378
4942 120
4945 2508
4946 255
4947 2321
4950 266
4951 579
4952 2225
4953 1804
4955 1978
4956 1759
4957 157
4958 1985
4959 108
4960 315
4961 161
4962 2251
4963 2480
4964 2075
4965 694
4966 2103
4967 1496
4968 1119
4970 853
4972 685
4974 979
4977 2123
4978 2246
4979 1880
4980 2129
4981 1445
4982 910
4983 1822
4984 388
4985 216
4987 2037
4991 539
4992 2384
4993 1991
4994 1378
4995 2238
4996 1716
4997 2488
4998 823
4999 650
5000 919
5002 901
5003 1867
5004 2418
5005 333
5006 1970
5007 2072
5008 639
5010 1972
5011 516
5012 1369
5014 123
5015 2312
5016 2104
5017 282
5018 249
5019 1819
5020 1263
5021 2028
5023 2030
5025 255
5026 84
5028 142
5029 1991
5031 1956
5032 2134
5034 837
5035 1141
5037 306
5038 1555
5039 1042
5041 680
5043 2158
5044 844
5045 1745
5046 1556
5047 2106
5049 1261
5050 1879
5052 616
5056 1027
5057 1865
5059 1265
5061 2106
5062 980
5063 1989
5064 1788
5069 484
5070 2
5071 949
5072 1930
5073 221
5075 1826
5076 1368
5077 326
5078 1369
5079 1682
5080 982
5081 1709
5083 1953
5091 620
5092 2246
5094 2055
5100 1482
5102 2054
5103 1200
5104 705
5105 2103
5106 1804
5107 1764
5108 1858
5109 2209
5110 2479
5111 1002
5112 1891
5115 695
5116 315
5117 1354
5118 162
5119 152
5120 1685
5122 1101
5123 289
5124 2076
5126 110
5129 995
5130 976
5131 1177
5132 2295
5133 2441
5134 569
5135 537
5136 2180
5137 2156
5138 2253
5139 2059
5140 2073
5142 486
5144 1705
5145 1531
5146 2357
5147 925
5148 2148
5149 2236
5150 262
5151 193
5154 356
5155 430
5156 1629
5157 448
5159 344
5160 1153
5161 1815
5163 201
5164 26
5166 2234
5167 162
5168 656
5169 478
5172 1364
5173 1141
5174 2254
5175 2225
5176 1733
5177 1245
5178 1172
5179 2221
5181 1557
5182 480
5183 1644
5184 814
5186 293
5188 1754
5191 1689
5192 1209
5193 365
5194 1210
5195 1949
5196 2360
5198 8
5199 824
5201 1420
5202 1214
5203 1655
5204 1211
5205 28
5206 1037
5207 200
5208 1926
5209 1022
5210 2447
5211 1837
5212 1837
5213 1833
5214 747
5215 2122
5216 1199
5217 1283
5219 1711
5221 636
5222 1074
5225 1042
5227 2294
5228 103
5229 1449
5230 734
5231 1719
5233 2036
5235 1525
5236 150
5237 2298
5238 391
5239 769
5240 1390
5242 78
5243 1049
5244 1136
5245 652
5246 1739
5247 1487
5248 577
5249 2022
5250 714
5251 757
5252 525
5255 166
5256 1959
5257 1595
5258 868
5259 1119
5260 1113
5261 1252
5262 1003
5263 1728
5264 1613
5265 1253
5266 2265
5267 918
5268 2222
5270 1771
5271 522
5272 2281
5273 1243
5274 31
5275 1878
5276 1291
5277 1363
5278 1439
5279 1296
5280 1845
5281 202
5282 1513
5283 2020
5286 189
5287 150
5288 602
5289 721
5290 449
5291 1659
5292 717
5293 2228
5294 2510
5296 2187
5297 1064
5298 569
5299 2312
5300 1612
5301 19
5304 2253
5308 1313
5309 1533
5310 282
5311 697
5312 1089
5314 274
5315 2269
5317 1037
5318 1934
5319 304
5320 14
5321 677
5323 389
5324 1447
5327 1403
5328 1593
5330 822
5331 1250
5332 173
5333 2456
5335 1207
5336 450
5337 2426
5338 920
5341 2415
5342 730
5343 1956
5345 1534
5346 2258
5347 200
5348 215
5350 2292
5352 541
5353 2235
5354 2089
5355 1081
5356 1233
5357 1600
5358 1564
5359 24
5360 85
5361 1949
5362 38
5363 81
5366 1972
5367 2278
5368 492
5369 314
5370 1839
5371 1076
5372 2129
5373 1493
5374 2450
5375 79
5376 2218
5379 942
5381 1749
5382 2087
5383 1434
5384 1892
5385 968
5386 192
5388 1888
5389 90
5391 2471
5392 2225
5393 784
5394 417
5395 459
5396 1515
5397 2041
5398 383
5399 1359
5400 1975
5401 704
5402 1856
5403 712
5404 1617
5406 1684
5408 216
5409 1839
5410 122
5412 207
5413 1274
5414 977
5415 1257
5416 2015
5417 276
5418 515
5419 191
5420 1374
5421 337
5422 1835
5424 878
5425 2393
5427 1181
5428 1426
5429 2260
5431 2315
5432 2312
5433 2213
5435 1662
5436 699
5437 1568
5438 1325
5439 1809
5440 589
5441 1088
5442 111
5443 2423
5445 1984
5446 570
5447 1806
5449 1859
5450 1146
5452 471
5453 1099
5454 1108
5456 1153
5457 2000
5458 464
5459 1637
5460 1625
5461 2134
5462 1139
5463 1133
5464 571
5465 1177
5466 512
5467 1630
5468 344
5470 364
5472 270
5473 1545
5474 1693
5475 1506
5476 1897
5477 1255
5478 206
5479 1067
5480 1344
5481 988
5482 373
5483 2260
5484 1232
5486 1836
5487 1819
5489 2314
5490 79
5491 41
5496 514
5497 750
5498 2510
5499 505
5500 2196
5503 1884
5504 898
5505 1997
5507 712
5508 2365
5509 742
5510 1992
5512 2391
5513 1922
5514 1680
5515 650
5516 746
5517 1789
5518 1843
5519 1884
5520 1155
5521 1526
5522 2338
5523 1722
5525 157
5526 1658
5527 2141
5529 1124
5530 117
5532 152
5534 2149
5536 474
5537 1117
5538 1123
5539 15
5540 2306
5541 768
5543 906
5544 11
5546 621
5547 112
5548 1018
5549 1745
5550 2415
5551 1940
5552 1337
5553 375
5554 957
5555 2056
5556 458
5557 1924
5559 1021
5560 2346
5561 880
5562 1989
5563 94
5564 1258
5565 383
5566 935
5568 947
5569 2431
5570 1239
5571 1852
5572 1142
5576 509
5577 2500
5578 1174
5579 2340
5580 2155
5582 807
5583 2269
5586 875
5588 88
5590 1991
5591 2
5592 859
5593 2513
5594 715
5595 1576
5596 573
5597 2357
5599 912
5600 1472
5601 1729
5603 1395
5604 1745
5605 418
5606 1718
5607 368
5608 1050
5610 138
5611 77
5612 1607
5613 1428
5614 214
5615 1104
5616 1387
5618 1996
5619 2350
5620 2296
5621 1715
5622 1238
5624 2391
5625 260
5626 2299
5627 1363
5628 268
5629 2028
5630 1801
5631 754
5632 1826
5633 759
5634 471
5636 2145
5641 1217
5642 464
5643 796
5644 1145
5645 1180
5646 1583
5648 387
5649 1588
5650 1374
5651 2020
5652 2253
5653 1610
5654 621
5655 445
5656 113
5657 902
5658 446
5659 1125
5660 2152
5661 2284
5662 957
5664 1630
5665 578
5666 61
5667 1035
5668 1970
5669 1800
5671 571
5672 533
5673 1083
5674 1270
5675 916
5676 1945
5677 210
5679 764
5680 1961
5681 1714
5682 1325
5683 695
5684 1378
5685 80
5686 1036
5687 484
5689 410
5690 2508
5691 2050
5692 2326
5693 307
5694 2454
5695 479
5696 698
5697 163
5698 133
5699 1142
5700 379
5702 509
5703 272
5704 415
5705 759
5707 570
5709 1506
5711 1083
5712 1552
5713 615
5715 428
5716 305
5717 2389
5718 227
5720 1968
5721 1205
5722 2153
5723 922
5724 1884
5725 1417
5726 95
5728 2037
5729 2268
5731 1249
5733 2434
5734 1618
5735 54
5736 2113
5737 46
5738 930
5739 1253
5740 1650
5741 777
5742 1184
5743 172
5744 1384
5746 1119
5747 765
5749 2275
5750 721
5752 2433
5753 841
5757 1620
5758 998
5759 325
5760 1344
5761 183
5762 1767
5763 289
5764 2113
5765 265
5766 2219
5767 587
5769 1239
5770 659
5771 1222
5772 1070
5773 641
5774 1373
5775 1309
5777 1428
5778 928
5779 2267
5780 1723
5781 1530
5782 2169
5783 614
5784 729
5785 1693
5786 1274
5788 1275
5789 1934
5791 1000
5793 128
5795 1120
5796 1073
5797 1773
5798 369
5799 1640
5800 353
5802 1258
5803 2110
5804 2039
5805 2230
5806 2253
5808 2407
5809 2281
5810 926
5812 806
5813 717
5814 381
5815 2192
5816 201
5817 1944
5818 284
5819 1033
5822 2487
5823 38
5826 414
5827 1848
5829 337
5830 16
5831 1118
5832 1364
5833 625
5834 2097
5836 1624
5837 1364
5838 1822
5839 2360
5840 1148
5841 2145
5842 1703
5843 1666
5846 940
5847 1871
5848 1312
5849 153
5850 2405
5851 644
5853 1155
5854 2365
5855 912
5856 1402
5857 14
5858 378
5863 2233
5864 2232
5865 1527
5866 611
5869 720
5870 714
5871 786
5872 1224
5873 1186
5874 1192
5875 2489
5876 692
5878 156
5879 505
5880 2238
5881 2098
5882 969
5883 603
5884 1989
5885 1671
5886 480
5887 1690
5888 246
5889 1067
5891 1546
5892 1661
5894 787
5895 1031
5896 210
5897 1921
5898 319
5899 185
5900 944
5901 1264
5902 1162
5903 1621
5904 263
5905 438
5906 1494
5908 1720
5909 370
5911 530
5912 1092
5914 947
5915 2056
5916 189
5917 770
5918 815
5919 1274
5920 782
5921 1489
5923 1299
5924 1071
5925 2486
5926 1493
5927 1047
5928 1101
5930 991
5931 2217
5932 880
5933 504
5934 2093
5935 1185
5936 2036
5937 2131
5938 2200
5939 2100
5940 2513
5941 887
5943 2000
5944 1301
5945 1745
5946 2168
5947 239
5948 943
5950 1154
5951 2470
5952 478
5953 1216
5954 999
5955 1964
5956 1406
5958 1555
5959 1903
5960 1475
5961 400
5962 138
5963 2479
5965 924
5966 465
5967 378
5968 1003
5969 2065
5970 2522
5972 1209
5975 1464
5976 1605
5977 786
5978 1704
5979 2112
5980 2338
5981 304
5982 1923
5983 916
5984 2004
5985 1054
5987 1143
5988 2042
5989 678
5990 1335
5991 1038
5992 2019
5993 59
5995 373
5996 411
5997 1572
5998 2525
6000 725
6002 1244
6003 1715
6004 1709
6005 1728
6006 2198
6007 737
6008 2098
6009 1283
6010 1385
6011 2461
6012 1858
6013 497
6014 557
6015 347
6016 484
6017 46
6018 224
6019 2219
6020 1607
6021 902
6022 1045
6023 10
6025 1777
6026 1581
6027 1511
6030 1996
6032 1836
6033 2056
6034 1312
6036 812
6037 808
6041 644
6042 1669
6044 1000
6046 1337
6047 11
6048 35
6049 652
6051 1274
6053 2449
6054 2131
6056 965
6057 2279
6058 1618
6059 2003
6060 651
6061 316
6062 1015
6063 947
6064 844
6065 2471
6068 2123
6069 207
6070 411
6072 2249
6073 1381
6075 254
6076 1446
6078 291
6079 159
6080 2360
6081 534
6082 122
6083 181
6084 578
6085 1871
6086 962
6087 728
6088 832
6089 303
6090 835
6091 902
6092 1797
6093 797
6094 1826
6095 2201
6096 666
6097 925
6098 299
6100 1948
6101 207
6102 1690
6103 1064
6104 1016
6105 921
6106 1348
6107 455
6108 294
6109 1314
6110 212
6111 1976
6112 515
6113 1030
6114 1916
6116 400
6117 826
6118 806
6121 1245
6122 2022
6123 2295
6124 211
6126 2183
6127 619
6128 540
6129 392
6130 1259
6131 539
6132 1021
6133 1568
6134 910
6135 1801
6136 2268
6137 2018
6138 1561
6139 339
6140 699
6141 708
6142 2033
6143 903
6144 563
6145 445
6147 2482
6150 2394
6151 1557
6152 1468
6153 1000
6156 277
6159 736
6160 855
6162 287
6163 71
6164 577
6165 1130
6167 1202
6168 153
6170 193
6171 1322
6173 2221
6174 584
6175 986
6176 600
6178 105
6179 170
6180 398
6181 941
6182 497
6184 1576
6185 2151
6186 637
6187 1546
6189 1760
6190 453
6191 146
6192 1091
6193 1175
6195 1885
6200 916
6201 1238
6203 985
6204 1599
6205 2459
6206 2259
6209 270
6210 542
6212 1492
6213 679
6214 807
6215 2109
6216 445
6217 78
6218 192
6221 1089
6222 980
6223 1174
6225 570
6227 117
6228 1071
6229 670
6230 2187
6233 681
6234 316
6235 998
6236 1988
6237 1077
6239 464
6241 1455
6242 2521
6243 1001
6245 2281
6247 8
6248 1153
6249 1981
6250 2365
6251 307
6252 2058
6253 2046
6256 1540
6258 1467
6260 1784
6261 1923
6262 145
6264 1796
6265 402
6266 1307
6267 879
6268 2185
6269 1224
6270 1433
6271 2284
6272 2096
6274 1818
6275 156
6276 880
6277 289
6278 1544
6279 1058
6280 559
6281 2225
6283 1948
6284 432
6285 792
6288 2167
6290 186
6291 1471
6292 2482
6293 483
6298 1094
6302 1571
6303 1025
6304 1040
6305 940
6306 1507
6307 555
6308 1872
6309 844
6310 2046
6311 1219
6313 291
6314 1115
6315 532
6316 1488
6317 1172
6320 800
6321 2467
6323 1556
6325 1087
6326 1621
6327 1364
6328 257
6330 1378
6331 715
6332 988
6335 1876
6336 1415
6337 685
6338 642
6341 229
6343 1220
6344 393
6345 1636
6346 1360
6347 1191
6348 2022
6349 1510
6350 2527
6351 73
6352 1496
6353 1021
6354 522
6355 450
6356 2048
6358 2436
6359 544
6360 1023
6361 1332
6362 374
6363 1991
6364 1640
6365 1667
6366 2518
6367 1389
6368 651
6369 1526
6370 2059
6371 1717
6374 1129
6375 370
6376 186
6377 2281
6378 1576
6379 855
6380 2492
6381 2456
6382 1940
6383 1174
6384 2110
6385 2073
6386 2431
6389 2155
6390 962
6391 2315
6392 1585
6395 1015
6396 572
6398 615
6401 1859
6403 2218
6404 1141
6405 814
6407 2470
6408 2051
6411 1623
6412 2105
6414 1047
6415 1608
6417 2293
6418 1300
6419 144
6421 1835
6422 1007
6423 229
6424 1743
6428 2149
6429 637
6430 244
6431 254
6432 1650
6434 1243
6435 1687
6436 653
6437 354
6438 474
6440 824
6441 1539
6443 396
6444 1784
6445 2513
6447 986
6448 770
6449 98
6450 2197
6452 2095
6453 639
6454 475
6455 1472
6456 1173
6457 471
6458 2161
6459 2145
6460 357
6463 1785
6464 1749
6465 1897
6466 1761
6469 2101
6470 1547
6472 2112
6473 590
6475 724
6476 942
6477 1518
6478 227
6479 445
6480 961
6481 2005
6482 2136
6483 1082
6484 1828
6485 724
6486 104
6487 1110
6488 2310
6489 2225
6490 98
6491 2162
6492 874
6495 922
6496 398
6497 683
6499 1610
6500 797
6503 723
6504 329
6505 2515
6506 2350
6507 1048
6508 1389
6509 1002
6510 2014
6511 1000
6512 58
6513 824
6514 2464
6515 1592
6517 2349
6518 1253
6520 297
6521 1935
6522 1434
6524 6
6527 1378
6528 542
6529 164
6530 352
6531 2236
6533 1658
6534 872
6535 1571
6536 1960
6537 1770
6539 858
6543 1872
6544 1022
6545 675
6546 328
6548 1102
6549 1831
6550 191
6551 650
6552 1425
6554 2159
6555 1856
6556 1099
6558 1469
6559 1122
6560 1261
6561 491
6562 385
6563 1456
6564 1244
6565 1169
6566 1485
6567 1747
6569 611
6570 1179
6571 1445
6572 1989
6573 1714
6574 2185
6575 2278
6577 1248
6579 2119
6581 2257
6582 1471
6583 398
6586 2481
6587 1875
6588 2300
6589 504
6590 1004
6592 221
6593 893
6595 1363
6596 912
6597 1129
6599 1776
6600 100
6601 1174
6602 2302
6603 309
6604 957
6605 401
6606 2159
6607 493
6608 844
6609 60
6612 1943
6613 1132
6614 2284
6615 1347
6616 246
6618 1050
6619 64
6620 184
6622 68
6623 2136
6624 1805
6626 1643
6628 1141
6629 547
6630 681
6631 2484
6632 2239
6634 507
6636 784
6637 1337
6638 839
6639 589
6640 1357
6642 1348
6643 2159
6644 424
6645 1453
6646 1168
6648 1413
6649 1279
6650 1769
6652 554
6653 1126
6654 1236
6656 1757
6657 832
6658 1608
6660 1379
6661 1669
6662 752
6663 1378
6664 2222
6665 1088
6666 858
6668 1700
6669 826
6670 1988
6671 681
6672 2271
6673 2423
6674 447
6675 1829
6676 2092
6677 520
6679 122
6680 1992
6681 1257
6682 156
6683 179
6684 24
6685 2
6686 1710
6688 627
6689 1608
6690 1134
6691 2113
6692 78
6694 658
6695 256
6696 1119
6697 18
6698 1625
6700 2405
6701 1879
6703 2376
6704 2071
6705 1687
6706 991
6707 2272
6708 708
6709 2449
6710 606
6712 2285
6714 2418
6715 127
6716 1831
6717 65
6718 793
6719 2155
6720 98
6722 1216
6723 1608
6724 916
6726 179
6727 2039
6728 1198
6729 56
6730 887
6731 95
6732 2501
6733 1315
6734 180
6735 496
6736 560
6737 1283
6738 1230
6739 351
6740 1665
6741 213
6742 1005
6743 2175
6744 1919
6746 600
6747 419
6748 469
6749 895
6751 1920
6752 1878
6753 2150
6754 299
6755 355
6756 2261
6757 289
6759 6
6760 145
6761 195
6762 734
6764 1797
6765 2201
6766 2501
6767 1498
6768 1869
6769 793
6770 758
6771 573
6772 2116
6773 2489
6774 1720
6775 566
6776 174
6777 1521
6778 2110
6779 2386
6780 1186
6781 2089
6782 789
6783 2210
6784 1819
6785 2024
6786 1839
6787 235
6788 2388
6789 579
6790 2509
6791 1766
6792 1216
6793 1968
6794 746
6795 150
6796 2423
6800 2492
6801 1146
6802 1610
6804 1657
6805 1636
6806 51
6807 1151
6808 1711
6809 2471
6811 816
6812 175
6813 898
6814 1252
6815 1392
6816 117
6817 233
6818 732
6820 1190
6821 1793
6822 769
6823 444
6826 2376
6827 374
6828 1497
6831 1943
6832 1546
6834 174
6835 1407
6836 1267
6838 379
6839 2525
6840 2436
6841 1277
6842 2117
6843 2434
6845 2293
6846 1224
6847 2440
6848 675
6850 2096
6851 588
6852 171
6853 203
6854 2296
6855 396
6856 301
6858 1518
6859 589
6861 763
6862 714
6863 2493
6865 250
6866 304
6867 2321
6869 415
6870 1253
6871 1687
6873 812
6874 2525
6876 2271
6879 16
6881 2116
6882 447
6884 836
6889 625
6890 1434
6891 308
6892 2081
6893 22
6894 414
6895 1130
6901 1092
6902 1868
6903 107
6905 499
6906 1922
6907 1186
6909 1030
6910 641
6911 278
6912 1710
6913 952
6914 2481
6915 1258
6916 2172
6917 1708
6918 376
6919 1655
6920 465
6922 85
6924 2002
6925 264
6926 1972
6927 170
6928 2513
6929 288
6930 365
6932 2093
6934 294
6935 1291
6936 632
6938 1150
6941 660
6942 392
6944 2096
6945 699
6946 771
6947 1101
6949 576
6950 418
6951 1659
6953 1894
6954 984
6956 88
6958 1004
6961 1666
6962 820
6964 562
6965 602
6966 1417
6967 1234
6968 602
6969 1254
6970 1720
6972 315
6973 1702
6974 1350
6975 319
6979 544
6981 1993
6982 1514
6983 2434
6984 294
6985 312
6987 1228
6988 140
6990 281
6991 1847
6995 1695
6999 1459
7002 2450
7004 391
7005 2075
7006 1561
7008 2042
7009 1748
7010 1244
7012 1592
7013 2000
7014 1594
7015 1843
7016 785
7017 992
7019 2068
7020 1351
7021 73
7022 931
7023 2058
7025 2343
7026 279
7027 291
7028 1086
7029 1134
7030 1589
7032 1834
7033 2375
7034 1955
7035 1610
7036 1488
7037 1151
7038 365
7039 1162
7040 614
7041 1329
7042 1004
7043 196
7044 1023
7047 699
7048 339
7049 590
7050 1797
7051 587
7052 1144
7055 662
7056 2264
7058 1211
7059 1894
7060 429
7062 1682
7063 913
7064 1787
7066 2321
7067 858
7068 1088
7069 139
7070 1734
7071 2047
7072 1104
7073 2219
7074 71
7076 880
7077 1148
7078 16
7079 73
7080 2338
7081 782
7083 284
7084 972
7085 2128
7087 2258
7088 184
7089 205
7090 645
7091 2109
7092 388
7093 512
7094 113
7095 835
7097 1233
7098 1350
7099 2025
7100 1425
7101 1613
7102 603
7104 2446
7105 1591
7106 1496
7107 2362
7109 1368
7110 669
7111 1622
7112 2026
7113 719
7114 1255
7115 51
7116 956
7117 2217
7118 2223
7119 2283
7122 1890
7125 486
7126 1895
7127 1821
7128 1941
7129 179
7130 2273
7131 1630
7132 2486
7134 1785
7135 1729
7137 1904
7138 1885
7140 75
7142 1830
7143 858
7144 47
7145 1589
7146 520
7148 1689
7149 2378
7150 2073
7152 1975
7154 2086
7155 1323
7156 1173
7158 798
7159 1949
7160 2440
7161 1938
7162 1184
7164 1585
7166 2059
7167 1045
7168 2012
7169 502
7172 2208
7173 118
7174 1256
7175 131
7176 1125
7177 781
7178 1482
7180 1274
7181 1916
7183 2281
7184 1689
7185 1176
7186 2367
7188 641
7189 867
7190 2500
7192 1600
7195 1734
7196 1906
7197 166
7198 708
7199 2244
7200 1990
7201 1922
7202 134
7203 650
7205 1970
7206 1515
7207 1054
7208 1030
7209 2123
7210 1267
7211 668
7212 834
7213 377
7214 2464
7215 365
7216 1242
7218 1934
7221 404
7222 2527
7223 2122
7224 1263
7226 273
7227 159
7228 384
7230 1307
7231 1447
7232 466
7234 1223
7235 1019
7239 2034
7240 445
7244 1460
7245 1969
7248 189
7249 339
7250 2421
7251 1829
7254 2208
7256 1370
7258 2337
7259 2060
7260 316
7261 624
7262 2338
7264 329
7266 1769
7268 369
7269 1749
7271 211
7273 1875
7276 1347
7277 1467
7278 854
7279 2494
7280 147
7281 1701
7283 705
7285 1506
7288 146
7289 2244
7295 1903
7296 247
7297 2022
7298 2321
7300 2219
7302 1611
7304 829
7305 814
7306 1704
7308 1038
7310 219
7311 404
7312 36
7314 475
7315 2300
7316 530
7317 1336
7318 458
7319 1948
7320 826
7321 1991
7323 1561
7324 779
7325 935
7326 642
7327 1191
7328 1604
7329 1466
7330 1683
7331 191
7332 119
7333 1631
7335 1584
7336 2047
7337 65
7339 1922
7341 2102
7342 2050
7343 470
7344 598
7345 2431
7347 2239
7348 1155
7349 607
7350 2098
7351 569
7355 264
7356 1091
7357 2086
7358 2115
7359 1661
7360 170
7361 724
7362 2470
7363 1908
7365 303
7367 1546
7368 762
7369 2109
7370 931
7371 1780
7372 1324
7373 581
7375 1712
7377 118
7378 1364
7379 1319
7381 2092
7382 98
7383 2047
7384 1425
7387 1851
7389 506
7390 270
7391 537
7392 1262
7393 506
7395 975
7396 2007
7397 921
7399 442
7400 962
7403 1980
7404 73
7405 820
7407 495
7408 432
7409 1667
7410 111
7411 1901
7412 84
7415 2216
7416 314
7418 496
7420 501
7421 102
7422 695
7425 2294
7426 245
7427 591
7429 2065
7430 539
7431 2317
7432 2092
7433 1677
7434 1718
7436 1367
7437 762
7439 267
7441 1115
7442 9
7443 1205
7445 1981
7447 1325
7448 247
7450 2002
7451 276
7452 1488
7453 160
7454 1818
7456 206
7457 1646
7458 1972
7460 795
7461 922
7462 1835
7464 87
7465 675
7466 138
7470 568
7472 1372
7473 1600
7474 2525
7475 1273
7476 4
7478 12
7479 172
7480 65
7481 1666
7483 1420
7486 780
7487 2106
7488 731
7490 402
7491 1036
7492 1510
7494 933
7498 91
7500 820
7501 1943
7502 1048
7503 2016
7504 306
7505 384
7506 166
7507 2379
7508 2098
7509 244
7510 2500
7511 1154
7512 1283
7517 640
7518 1668
7519 511
7520 1263
7522 174
7524 2092
7525 902
7526 2316
7527 2084
7528 552
7530 442
7531 1316
7533 313
7534 1665
7535 916
7536 894
7537 2118
7538 688
7539 66
7540 255
7541 1526
7544 1253
7545 1689
7546 829
7547 24
7548 413
7549 2123
7550 1313
7556 402
7557 2132
7558 1665
7559 389
7560 768
7561 2338
7563 1954
7564 11
7567 889
7568 5
7570 480
7571 757
7573 1645
7574 531
7575 1391
7576 2525
7577 1828
7578 2014
7579 2105
7581 1941
7583 782
7584 2398
7585 498
7586 1843
7587 487
7588 1067
7590 63
7591 2435
7592 1713
7593 2516
7598 306
7599 1311
7600 577
7602 170
7603 2087
7604 2072
7605 1936
7606 230
7607 1861
7608 467
7609 1608
7610 1081
7611 1040
7612 2392
7613 2087
7615 1925
7616 202
7618 776
7619 775
7620 1174
7621 896
7622 965
7623 1129
7624 2117
7625 1030
7626 1403
7627 2521
7628 416
7631 272
7633 218
7634 1252
7635 487
7636 1013
7637 662
7638 1905
7640 1355
7641 2175
7642 169
7643 1708
7644 26
7645 2460
7647 1916
7649 224
7650 472
7652 924
7653 2099
7654 2501
7656 2086
7657 755
7658 2180
7659 1249
7660 1547
7661 1728
7662 2285
7663 1464
7664 1615
7665 634
7666 765
7667 419
7668 2258
7669 1762
7670 2223
7671 293
7672 2311
7675 2479
7676 142
7677 1465
7678 1184
7680 2097
7681 179
7682 670
7686 878
7688 748
7689 1981
7690 721
7692 2521
7693 1649
7694 925
7695 1941
7696 216
7698 2119
7700 225
7701 500
7702 2045
7704 1656
7705 390
7707 626
7709 143
7710 1780
7712 227
7713 1901
7714 784
7715 2229
7716 653
7717 1082
7718 795
7721 516
7722 262
7723 1026
7724 108
7725 1784
7727 2047
7728 1125
7729 1062
7730 1188
7731 268
7732 376
7736 895
7737 1157
7738 1510
7740 36
7741 402
7742 1826
7743 2169
7744 1329
7746 1645
7747 187
7750 708
7752 1253
7753 393
7756 1513
7757 682
7759 1169
7761 497
7764 1976
7766 2151
7767 2450
7768 516
7769 419
7771 2317
7772 2349
7773 210
7774 2183
7776 1938
7778 1248
7780 481
7782 2290
7783 1387
7784 664
7786 1482
7788 2080
7789 15
7790 2338
7792 1302
7793 2389
7795 402
7796 2026
7798 963
7799 971
7800 2263
7806 90
7808 1500
7810 1890
7811 449
7813 1191
7814 1460
7815 923
7816 2327
7817 29
7818 386
7819 1732
7821 1249
7822 1089
7823 1093
7824 1700
7825 283
7826 109
7827 295
7828 718
7829 1640
7830 375
7832 1213
7835 351
7837 2492
7841 73
7842 2489
7843 1460
7845 448
7846 222
7848 342
7849 2468
7850 1919
7851 1713
7852 836
7853 1256
7854 1776
7855 1020
7856 469
7859 1688
7861 251
7862 2017
7863 391
7864 1311
7867 2393
7868 378
7869 1815
7870 1188
7872 277
7873 1540
7874 1698
7876 1539
7878 1360
7879 255
7880 343
7881 1836
7882 2196
7884 955
7886 752
7887 1382
7888 1889
7891 267
7892 2432
7894 1145
7895 270
7897 396
7898 472
7899 786
7901 629
7903 670
7905 1584
7908 238
7909 858
7910 635
7911 1310
7913 1456
7914 1531
7915 2176
7916 57
7917 68
7918 74
7919 1776
7920 2176
7921 2076
7922 1247
7923 1787
7924 1195
7925 1409
7926 286
7927 2275
7929 576
7930 261
7931 2280
7932 1584
7933 1159
7934 1473
7935 1525
7937 2440
7939 1137
7941 2056
7942 1447
7943 556
7944 1887
7946 2126
7947 351
7950 934
7953 1227
7954 2293
7955 1929
7956 107
7957 1770
7958 1406
7959 119
7961 1339
7962 403
7963 2200
7966 1775
7967 268
7969 2105
7970 730
7971 2439
7973 233
7975 1664
7976 675
7977 938
7978 1754
7979 2129
7980 2174
7983 542
7984 806
7986 651
7989 2288
7990 1782
7991 1353
7993 1584
7994 167
7995 1753
7996 100
7998 1319
7999 88
8000 1014
8001 1899
8002 2435
8003 1868
8004 1842
8005 376
8006 1685
8007 2037
8008 1819
8011 2193
8012 536
8013 2396
8014 2195
8016 2382
8018 2468
8020 1494
8022 1559
8023 734
8024 2039
8025 1332
8026 498
8027 597
8028 2478
8029 1224
8030 602
8032 1331
8034 1021
8035 2085
8036 846
8038 1976
8039 1438
8040 559
8041 1492
8042 1712
8044 131
8045 821
8047 33
8048 370
8049 872
8050 913
8051 2367
8052 1141
8053 1793
8055 2310
8057 982
8058 1788
8059 1125
8061 2117
8062 1468
8063 26
8064 471
8065 2393
8066 2323
8067 556
8068 1307
8069 1419
8070 1108
8071 2056
8074 250
8075 1611
8076 1273
8077 399
8079 149
8080 1968
8081 420
8082 636
8083 4
8084 764
8085 1564
8086 567
8087 1218
8090 271
8092 2508
8094 1199
8096 1287
8097 735
8099 314
8101 1572
8102 2394
8103 818
8104 1573
8105 1252
8109 1895
8111 1019
8112 933
8116 138
8118 815
8119 2417
8120 41
8122 352
8123 1671
8127 1455
8128 639
8130 48
8132 906
8133 1418
8135 578
8136 956
8137 146
8140 1042
8142 1514
8143 2017
8144 1797
8145 76
8146 1617
8147 2260
8148 97
8149 2263
8150 263
8152 925
8153 1082
8154 1608
8155 686
8156 2289
8157 315
8159 1279
8160 2295
8163 1770
8164 597
8166 425
8167 101
8168 782
8170 1045
8171 1700
8172 167
8173 1141
8174 963
8175 1224
8177 1024
8178 1868
8179 2314
8182 2031
8184 1756
8186 1906
8187 999
8188 1690
8189 2362
8190 2062
8191 60
