2931 114
2719 505
2789 293
3177 366
787 393
301 220
2235 611
3234 384
3621 701
3074 660
3248 116
2656 150
1234 355
3089 660
3279 112
3019 259
2529 206
2470 461
2760 58
3758 19
2735 239
3875 91
8192 1992
8193 2791
8194 2689
8196 1598
8197 369
8198 3166
7 2270
8199 623
8200 624
8202 492
11 2892
8203 311
8204 534
14 3811
8205 33
8206 2734
8209 2654
8210 1338
19 3113
20 3092
8211 2533
22 632
8212 200
8213 3288
25 950
8214 3578
8215 3848
28 2252
29 784
8216 3732
31 242
8217 440
8218 3886
34 286
8219 1981
8220 2525
37 2444
38 2028
8222 2167
8225 3054
8226 1712
46 1240
52 3331
55 3324
57 3501
62 1998
74 717
75 811
77 957
79 3018
85 2662
91 2715
92 3520
94 1279
97 1598
99 1136
100 2968
106 181
110 1402
112 3144
115 1233
120 699
126 2727
128 1417
133 3960
135 2228
137 3622
138 494
139 990
140 1752
141 2933
143 3695
147 3567
149 2652
150 2083
153 1228
154 2951
155 3307
158 2219
161 3546
162 3833
166 997
170 1877
175 2863
177 1277
186 3630
187 3561
188 3032
189 3341
190 3181
192 2876
201 2903
202 536
204 2121
207 355
211 3506
215 1250
217 254
219 866
222 2528
228 2955
229 3864
235 2934
240 2593
241 178
249 2254
251 1348
252 3639
253 3239
258 2627
260 866
261 2956
262 3947
263 2136
265 701
266 1432
272 3997
276 3645
279 184
282 3667
283 2526
288 2796
293 3132
295 2984
297 1284
299 2594
300 2710
302 3034
304 2585
306 1333
307 3848
313 1740
314 1376
315 2755
320 3365
321 951
326 3912
332 40
333 3245
336 3091
338 443
344 2830
352 3584
354 1856
357 2727
358 2151
360 2640
368 353
372 1593
375 3198
376 44
377 1238
380 3123
381 2538
385 220
386 2558
390 2239
393 305
394 2762
395 2697
396 1889
398 483
399 2915
401 3135
8221 3271
406 2638
407 2536
408 2705
413 404
416 1044
420 1984
424 1214
427 1575
435 1764
438 3570
444 3792
446 2621
453 3571
454 2990
455 3647
457 1980
458 3311
459 3287
460 3878
463 1240
466 3776
469 2708
470 1468
471 1353
481 697
489 2884
490 3561
491 423
496 2957
501 1952
505 2178
507 2079
508 1818
511 13
514 2892
515 48
520 2384
521 3258
522 1607
527 3682
528 2851
529 1401
541 2940
542 2701
543 2216
544 318
545 1390
546 3646
548 292
549 3825
551 3303
553 203
554 3516
556 1169
558 2367
560 3262
561 3807
563 2873
564 3053
567 3957
568 1296
569 1827
571 2345
572 836
573 24
575 3778
576 1555
577 2941
580 2645
582 3666
583 1397
584 3760
585 3241
587 878
589 2814
592 3392
595 213
596 1542
597 2904
598 3819
599 3520
602 2091
604 2683
605 1766
606 664
607 3105
610 656
614 3522
616 277
618 2675
619 1740
620 3907
626 3386
628 802
629 233
634 1694
637 3473
638 3097
642 1878
645 2196
647 3820
650 1324
652 3640
654 1791
657 2750
661 1178
662 2975
663 3075
665 3571
667 539
668 36
669 889
672 64
673 3040
676 3637
677 1221
679 3171
680 3139
682 3781
685 819
686 2843
688 646
690 3084
691 2530
692 600
693 117
694 1313
698 3538
700 107
702 1822
704 3168
707 2528
709 3959
710 2937
711 772
713 3977
715 2986
718 1857
720 3686
721 2196
723 953
724 2608
728 2643
729 3605
730 3201
732 278
734 475
735 2290
743 2918
744 2632
746 865
748 3807
751 3877
753 2732
758 3559
760 517
763 3226
765 3004
767 3441
771 319
776 1877
778 2644
779 2
780 3986
786 3780
789 1228
792 3174
793 3596
794 3765
796 1840
798 3181
801 296
803 3617
804 3386
806 2037
807 2946
810 1316
812 2632
814 3538
816 1619
817 3078
818 1492
821 3212
824 3141
832 309
833 2656
834 2712
837 3625
838 3118
839 205
840 2566
841 3516
843 2116
844 512
845 3697
848 13
852 2941
853 3346
854 2532
855 2194
856 761
859 3927
860 3445
867 2985
868 1491
872 2271
876 907
880 3637
882 12
883 2829
885 954
887 421
888 2775
891 224
892 3959
893 3405
895 2709
898 1521
900 1890
901 687
902 954
905 331
906 3189
908 3185
909 319
910 957
911 3298
915 768
916 747
922 967
923 2251
924 3237
926 3011
927 3517
928 2131
930 695
933 3689
936 506
937 1397
939 2087
940 851
941 3543
942 171
945 951
947 3527
949 1052
952 1381
955 3677
956 3985
958 2699
961 775
965 632
970 962
971 374
972 3765
974 3075
976 842
978 1036
979 2149
980 797
984 3089
986 104
988 681
991 785
992 3720
993 3869
996 3224
998 218
999 3224
1000 783
1002 322
1003 134
1004 1795
1007 2791
1008 3927
1009 3196
1012 432
1014 3985
1015 95
1016 648
1018 819
1020 330
1021 340
1022 3781
1023 2154
1025 3078
1026 2526
1030 3395
1032 3333
1033 2621
1034 3323
1035 2169
1037 3571
1039 1616
1041 1221
1045 3649
1048 1084
1050 3802
1053 2889
1054 3014
1055 3194
1056 3046
1057 2806
1059 449
1061 3062
1062 3030
1063 2956
1064 3343
1067 800
1070 2859
1072 3340
1073 1968
1077 726
1079 3356
1080 1918
1081 2956
1083 2627
1088 2816
1091 3088
1093 2534
1094 1599
1095 3187
1098 2632
1099 3515
1102 1552
1103 2341
1105 3299
1107 3776
1108 884
1109 1826
1110 3390
1112 3495
1113 3150
1115 3637
1118 3643
1120 2931
1121 2264
1122 3745
1124 2562
1125 2654
1126 3336
1129 995
1132 1090
1133 134
1134 3137
1135 2962
1138 88
1141 108
1142 1562
1143 3390
1144 1131
1145 2698
1146 518
1147 3101
1149 4
1150 1608
1151 1917
1154 3379
1155 1729
1156 1596
1158 3873
1159 3768
1160 3647
1161 1619
1162 2564
1167 3748
1170 2915
1171 479
1172 3504
1174 1019
1175 3862
1177 245
1180 659
1186 2234
1187 2666
1190 3118
1191 3372
1192 134
1193 2225
1194 3632
1197 2613
1199 1929
1200 2533
1201 722
1204 1195
1205 3014
1207 2889
1210 3986
1211 836
1213 1779
1215 3440
1216 516
1222 1599
1223 2923
1225 2558
1226 3756
1229 3262
1230 1443
1231 3189
1232 2213
1236 3775
1239 2666
1243 1295
1245 757
1246 772
1247 3997
1248 1137
1249 2881
1252 1576
1253 865
1255 3972
1256 1598
1262 656
1265 989
1271 953
1272 2219
1273 230
1275 1652
1281 3392
1282 2718
1289 3049
1298 59
1302 2091
1304 3982
1309 2641
1310 1443
1311 2711
1315 2846
1317 1131
1319 3490
1320 277
1322 752
1323 3820
1327 2758
1331 1111
1336 131
1337 3162
1340 2957
1342 483
1344 2484
1351 451
1352 3074
1354 23
1355 3745
1356 555
1357 3303
1358 611
1360 539
1363 163
1364 1257
1366 2722
1367 2825
1368 2933
1370 2894
1372 3529
1374 1224
1375 3137
1379 788
1380 2076
1384 101
1385 3864
1387 842
1388 21
1391 2031
1393 2924
1394 557
1395 3596
1403 674
1404 3753
1405 3082
1406 1306
1407 3178
1409 3345
1412 310
1413 3308
1414 1562
1415 203
1416 234
1418 3504
1419 2861
1420 3689
1423 3489
1424 3963
1425 3187
1426 1224
1427 811
1428 1792
1429 165
1433 3824
1437 2773
1439 2945
1440 2701
1441 2628
1445 714
1446 1823
1447 3690
1450 3293
1452 2576
1453 1148
1455 966
1456 3060
1457 366
1458 3169
1459 172
1460 3282
1461 705
1463 3360
1464 1600
1465 615
1470 53
1472 3173
1473 3562
1474 3865
1475 449
1476 359
1477 762
1479 213
1480 1436
1481 3407
1482 3589
1484 1717
1486 1894
1487 2709
1488 1333
1489 3577
1490 2270
1493 193
1495 3049
1496 2103
1497 2731
1498 3598
1500 3654
1501 1087
1504 2321
1507 2751
1508 858
1509 3797
1510 3509
1514 1705
1515 3282
1516 2970
1519 3401
1520 3452
1522 3866
1526 1043
1527 3135
1528 212
1530 1402
1533 61
1534 1325
1538 432
1539 2557
1544 3054
1545 2756
1546 2133
1554 488
1556 2446
1557 3989
1558 3482
1559 3188
1560 3893
1561 3702
1563 3996
1564 233
1565 3251
1567 441
1570 874
1572 3361
1573 2442
1574 2878
1581 849
1583 2103
1584 246
1585 2888
1587 274
1588 1350
1589 2636
1592 2672
1594 3137
1595 2700
1601 1700
1602 3018
1604 433
1605 1280
1606 3355
1609 2535
1612 174
1613 3824
1615 1611
1618 2810
1620 148
1623 1796
1624 2816
1625 2836
1628 1537
1631 59
1634 2153
1642 3127
1645 512
1646 1220
1648 3211
1649 2555
1657 3560
1658 353
1660 828
1661 1434
1663 3495
1664 2964
1665 60
1667 655
1668 3426
1669 2037
1671 1371
1672 1980
1673 2230
1675 60
1676 2711
1679 2677
1682 608
1683 3260
1685 2394
1686 2998
1688 2676
1689 2991
1690 40
1692 2909
1693 1362
1695 2557
1698 2468
1699 3758
1701 2846
1704 3036
1706 873
1708 3734
1713 53
1714 2898
1715 3894
1720 2853
1721 1804
1724 3203
1727 603
1728 117
1730 1981
1731 3119
1732 117
1733 1261
1734 1740
1735 2840
1736 1378
1737 2610
1738 3135
1739 1148
1741 2857
1742 3694
1743 1329
1744 774
1745 205
1746 255
1747 3119
1748 2206
1749 2619
1750 1647
1751 1221
1753 1778
1755 1903
1756 3982
1757 3964
1758 3189
1759 903
1761 2651
1762 1024
1767 3148
1769 3637
1770 3634
1771 2752
1773 2827
1776 447
1780 1796
1782 182
1784 664
1786 1593
1787 835
1788 1818
1789 1333
1790 1857
1794 1279
1797 3250
1798 367
1799 3065
1801 2773
1805 586
1806 2867
1807 3338
1808 557
1809 2949
1810 3028
1811 3847
1813 1242
1814 1306
1815 232
1817 884
1824 3181
1825 2715
1830 3178
1831 2720
1832 3649
1833 3901
1834 1442
1836 203
1837 3290
1839 3386
1842 1051
1843 2616
1844 1438
1845 525
1846 3009
1847 2231
1848 3974
1849 3214
1852 784
1854 2565
1858 3123
1859 3375
1860 3467
1862 1277
1864 1590
1865 3833
1866 3139
1867 3220
1868 3250
1869 3424
1870 3477
1871 2867
1872 3807
1874 1157
1880 3591
1883 2732
1886 3566
1887 3484
1888 2963
1891 3153
1895 328
1898 957
1899 2719
1900 2442
1901 2394
1905 343
1907 3848
1908 2814
1910 3304
1913 537
1916 3065
1919 1209
1920 1641
1921 934
1922 3894
1923 414
1924 2932
1926 2591
1928 2194
1930 3577
1931 2867
1932 278
1935 2480
1936 445
1937 1511
1938 2782
1940 3501
1941 2667
1943 328
1944 3748
1945 2643
1946 3591
1948 3080
1949 581
1950 1752
1951 1259
1953 2478
1954 2555
1955 403
1956 3024
1958 3636
1960 1729
1961 3763
1963 3174
1964 3148
1966 3765
1969 3812
1973 96
1974 3523
1975 3408
1978 3595
1979 1876
1983 2290
1985 3927
1986 3132
1987 3516
1989 2896
1991 2684
1993 1047
1996 3713
1999 317
2001 2539
2002 467
2004 770
2005 3866
2008 2446
2012 570
2013 68
2014 1127
2015 2115
2017 1994
2018 1436
2019 1084
2020 3560
2021 2930
2022 3913
2023 1681
2026 245
2029 2735
2030 391
2033 195
2034 475
2036 3279
2039 3392
2040 1816
2041 3340
2046 2917
2047 1766
2048 770
2049 220
2050 2133
2051 3624
2053 1988
2055 3401
2056 3031
2058 3644
2059 861
2060 328
2061 373
2062 2168
2065 3374
2066 737
2068 2271
2071 2091
2072 3148
2073 451
2075 2684
2080 1775
2081 206
2082 2826
2084 3803
2085 1709
2086 367
2090 3520
2095 417
2096 3161
2097 627
2099 1206
2100 3290
2102 623
2105 2886
2106 2577
2109 1890
2111 1710
2112 1173
2113 3297
2114 290
2117 1096
2118 1442
2119 3382
2120 1074
2122 2945
2123 3391
2124 3756
2125 2378
2126 83
2127 3397
2129 3311
2132 3706
2134 2194
2140 2650
2142 2541
2145 3404
2148 1189
2150 3608
2152 1234
2155 2917
2156 456
2157 3141
2158 1250
2159 2815
2161 3638
2163 124
2165 1994
2171 3142
2174 2863
2176 3561
2179 2154
2180 3532
2181 3782
2182 1549
2187 2648
2188 2396
2189 2254
2191 98
2193 2471
2195 2590
2198 802
2199 2719
2200 3894
2202 3194
2203 1188
2204 3485
2208 3137
2211 1259
2212 1312
2214 107
2217 811
2218 3877
2220 3692
2221 3497
2222 600
2223 1251
2227 3049
2229 2933
2232 2843
2233 423
2236 3551
2237 2999
2238 3529
2241 3985
2242 1890
2243 782
2244 3656
2246 649
2247 3737
2249 1019
2250 12
2253 1816
2255 3598
2256 2888
2257 3644
2258 2788
2260 2772
2261 3018
2262 3092
2266 982
2267 2162
2268 3324
2272 1513
2273 1598
2274 2849
2277 2234
2278 67
2279 127
2280 2697
2281 1857
2283 3593
2284 1997
2286 2888
2287 1343
2288 759
2291 3088
2292 2876
2293 639
2295 3083
2296 982
2297 174
2298 3141
2299 3637
2300 3382
2301 3018
2302 2732
2303 432
2305 2555
2307 223
2308 959
2310 3458
2311 2032
2313 378
2314 3462
2315 3323
2316 1157
2317 51
2318 3139
2319 2761
2320 247
2323 2759
2324 3218
2325 3544
2326 289
2327 2735
2330 445
2333 1822
2334 3243
2335 3144
2337 136
2338 284
2339 3118
2340 2642
2342 3645
2344 2760
2346 2289
2347 1902
2348 3205
2349 3096
2350 3304
2351 3290
2358 2962
2360 640
2362 3886
2370 3605
2373 3568
2377 851
2379 2054
2382 3385
2386 3220
2387 2974
2389 3408
2390 3617
2391 1386
2392 200
2393 1499
2397 15
2398 3077
2399 1600
2400 2197
2401 1785
2403 858
2404 1401
2405 3069
2407 3425
2408 3718
2411 3578
2413 3313
2414 1436
2416 1691
2417 1976
2418 1329
2419 2192
2421 3989
2423 3525
2424 781
2425 1287
2426 675
2427 3373
2433 2343
2435 3870
2436 3643
2438 1890
2439 3268
2440 2589
2447 820
2448 291
2449 557
2450 969
2453 3738
2454 500
2455 3888
2456 2991
2457 727
2459 3663
2460 2854
2461 1775
2464 2748
2476 2402
2477 451
2479 3004
2481 2641
2482 3395
2485 3465
2486 317
2487 193
2489 3087
2492 369
2493 1218
2494 1506
2499 3953
2501 2631
2502 1543
2505 2628
2508 3716
2509 875
2512 98
2513 212
2515 2612
2516 3932
2517 3717
2518 2098
2519 2078
2520 3055
2521 2952
2537 157
2559 3595
2568 1332
2570 3873
2579 1078
2587 3117
2595 1019
2602 1218
2615 3944
2623 350
2625 419
2626 370
2629 3110
2639 1104
2659 555
2693 826
2695 3551
2713 722
2723 3226
2725 3685
2769 2353
2776 3625
2777 1959
2790 954
2811 2653
2818 759
2834 1448
2866 3992
2953 768
2959 2162
2976 3206
2989 1485
3000 2054
3027 3312
3057 769
3067 1491
3081 1678
3085 1123
3116 3779
3146 484
3147 739
3154 1264
3208 2598
3225 3723
3236 3082
3238 2881
3242 1279
3261 2752
3264 524
3278 3369
3301 173
3305 2554
3317 1622
3325 3789
3328 3920
3351 461
3363 3885
3367 1600
3396 3365
3411 2569
3434 3913
3437 1296
3448 3844
3460 1044
3461 975
3464 3454
3466 2094
3478 48
3487 231
3491 3450
3511 3781
3528 3298
3534 3235
3556 2644
3563 3152
3579 3972
3603 3399
3611 1274
3614 3285
3635 2795
3659 3520
3669 3426
3676 2000
3678 3979
3681 329
3701 3161
3715 50
3728 3500
3729 687
3731 124
3741 3366
3751 13
3755 156
3764 934
3769 3634
3788 1052
3794 1130
3800 788
3815 3402
3823 609
3828 3916
3831 3327
3837 944
3871 3049
3879 3149
3890 2864
3891 3488
3892 389
3896 231
3899 1324
3903 3779
3909 1505
3915 3719
3935 242
3939 3427
3943 3484
3966 1219
3968 2677
3969 967
3978 1217
3995 2131
4003 10
4005 2748
4006 464
4007 2854
4008 356
4009 3962
4010 1343
4011 3532
4012 2514
4013 3174
4014 2647
4015 3585
4016 2672
4017 1829
4018 3916
4019 3886
4020 2696
4022 2093
4024 1183
4025 181
4027 3051
4028 591
4029 3074
4030 3376
4033 3911
4035 3515
4036 2235
4037 1312
4039 1349
4040 3369
4041 3585
4042 1092
4043 3418
4045 1980
4046 2345
4047 3221
4049 1619
4050 2830
4051 2270
4052 3047
4053 1117
4054 3110
4055 3703
4056 1917
4057 1791
4058 719
4060 1042
4062 2254
4063 3777
4064 3082
4065 739
4066 218
4067 233
4069 1312
4070 1353
4071 3595
4073 3907
4074 3613
4075 2700
4076 3349
4079 1307
4082 2803
4083 1240
4084 3009
4085 2660
4087 3445
4090 3206
4091 3083
4092 1178
4093 3390
4094 3964
4096 3426
4097 2644
4098 2961
4100 292
4102 2600
4104 2042
4105 2841
4106 2104
4107 1392
4108 2901
4109 285
4111 3205
4112 2939
4114 495
4116 3717
4117 2972
4118 3343
4119 3493
4120 3500
4123 784
4124 3074
4126 2907
4129 1632
4130 1350
4133 1371
4135 3664
4137 1078
4138 1117
4139 703
4142 912
4143 3388
4144 731
4145 2431
4146 624
4147 2979
4148 873
4149 1856
4150 270
4151 731
4152 2194
4153 3826
4154 3686
4156 1562
4157 977
4158 1090
4159 1719
4160 3212
4162 3271
4163 655
4164 2924
4168 1096
4169 3810
4170 130
4172 968
4173 1164
4174 366
4176 1710
4178 2681
4183 2807
4185 61
4186 3329
4187 234
4189 193
4191 1333
4194 2759
4195 1803
4196 2804
4197 3507
4198 12
4201 255
4202 3113
4203 484
4204 3948
4205 220
4206 1596
4207 2093
4209 181
4210 3006
4213 1264
4214 1250
4215 2185
4216 1997
4217 815
4218 3781
4220 2375
4222 3052
4223 3523
4225 284
4226 747
4227 3077
4228 2812
4229 1468
4230 3992
4231 2653
4232 3044
4234 2840
4235 2652
4236 2628
4238 415
4239 586
4240 982
4241 1659
4242 3880
4244 2794
4245 1760
4246 1299
4248 3640
4249 467
4250 3087
4251 2564
4252 3161
4253 1803
4254 3933
4255 2715
4257 2809
4258 3567
4259 768
4260 2878
4261 1540
4263 2943
4265 969
4266 2228
4268 3535
4269 1976
4271 2686
4272 1598
4273 3168
4275 437
4276 3104
4277 3406
4278 3560
4279 3355
4280 3377
4281 3125
4282 741
4284 3131
4285 742
4286 145
4287 2929
4288 2079
4290 2821
4292 327
4293 3886
4295 1823
4297 1139
4299 3266
4300 3274
4301 2
4302 2216
4304 3538
4305 1116
4306 1772
4307 1090
4308 160
4309 1119
4310 1251
4311 3347
4312 2632
4313 1826
4314 2910
4315 3998
4318 3970
4319 3192
4321 42
4322 3079
4323 1202
4324 3348
4325 3745
4326 3847
4328 3247
4329 2833
4331 874
4333 1881
4334 127
4335 1074
4336 1362
4337 1257
4338 2971
4339 1621
4340 727
4342 3420
4343 1918
4344 165
4345 2130
4346 1335
4347 3913
4348 963
4350 2557
4351 2939
4353 884
4354 3011
4355 378
4357 3436
4359 2654
4361 2614
4362 1897
4363 4000
4364 1224
4365 2468
4368 2941
4369 3888
4371 2655
4372 2530
4373 3787
4375 3210
4376 2729
4377 2480
4378 1906
4379 3493
4382 2763
4383 963
4384 863
4385 3202
4386 1
4387 3410
4388 3913
4389 227
4390 1184
4391 1274
4394 3041
4395 3203
4396 3762
4397 2524
4400 2137
4401 2768
4402 3479
4403 2532
4405 2960
4406 2541
4407 3557
4408 2879
4409 3145
4410 2374
4411 2709
4412 1220
4413 2679
4414 3531
4415 93
4416 2643
4417 894
4418 1903
4419 3211
4420 3160
4421 118
4423 1349
4424 2177
4425 237
4426 2321
4427 3873
4428 3240
4429 1802
4432 2868
4433 1233
4434 3240
4435 195
4436 3667
4437 3973
4439 1549
4440 3191
4441 3401
4443 1417
4444 2908
4445 2814
4446 1131
4447 3654
4448 555
4449 2028
4450 621
4451 1531
4452 83
4455 322
4456 387
4457 3406
4458 373
4459 3311
4460 2613
4461 2264
4462 2154
4464 2733
4466 2606
4467 2138
4468 250
4470 1288
4471 773
4472 134
4473 881
4474 2596
4475 759
4476 43
4477 3988
4478 3763
4479 1678
4480 518
4481 1821
4482 2168
4483 3624
4487 27
4488 1306
4489 3910
4490 2950
4494 3812
4495 3894
4496 2765
4497 36
4498 3523
4499 3184
4500 1779
4503 3349
4504 3175
4506 3162
4507 3942
4508 579
4510 532
4511 2525
4512 2470
4513 559
4514 2675
4515 2596
4516 389
4517 3998
4518 2880
4520 61
4521 1892
4522 3585
4523 1234
4525 2478
4526 2875
4529 3100
4530 3917
4531 1136
4532 449
4534 802
4535 552
4536 3530
4537 2908
4538 851
4539 861
4540 3469
4541 2239
4543 3749
4544 962
4545 3161
4546 3495
4548 456
4549 3023
4550 3972
4551 3913
4552 3998
4553 2775
4554 3188
4555 2341
4556 456
4557 3174
4559 879
4560 3384
4561 2648
4562 2589
4563 2862
4564 3171
4566 3536
4567 2704
4568 631
4572 2259
4573 3418
4575 2128
4576 90
4577 739
4578 2710
4579 404
4580 612
4581 1386
4582 512
4583 994
4585 2771
4586 2784
4587 3249
4588 3394
4590 878
4591 2526
4593 3250
4594 238
4595 2830
4596 3694
4597 997
4598 555
4599 51
4602 985
4603 745
4604 1703
4605 1402
4606 2353
4607 3266
4608 1164
4609 1525
4610 1166
4611 3267
4612 3424
4613 3069
4614 2729
4615 3127
4616 1140
4617 3209
4618 3874
4620 146
4621 2168
4622 3130
4623 3212
4624 3818
4625 1641
4626 2121
4627 1263
4628 2558
4629 3195
4631 3295
4632 2434
4633 737
4634 2627
4635 2943
4636 2000
4637 2076
4638 328
4639 3873
4640 664
4641 3859
4642 1220
4643 1600
4644 2930
4645 3529
4646 3241
4647 2231
4648 3807
4650 3875
4651 2087
4652 3018
4654 3113
4655 1990
4657 3445
4658 3399
4659 2951
4660 244
4661 2343
4662 1278
4663 3757
4665 311
4666 2781
4667 2706
4668 603
4671 2984
4672 3920
4673 2857
4674 80
4675 3237
4676 3858
4677 2591
4678 2294
4680 660
4681 2914
4682 2855
4683 3375
4684 3024
4686 2662
4687 2902
4688 384
4690 281
4691 3090
4692 3049
4693 1189
4694 449
4697 1863
4698 2384
4699 63
4700 3990
4701 1101
4702 3607
4703 1716
4704 2894
4705 2741
4706 1754
4707 3123
4708 2230
4709 1082
4710 3304
4714 2914
4715 2153
4716 2141
4718 2741
4719 1666
4720 1183
4721 2752
4722 273
4723 1760
4725 1218
4726 3020
4727 3963
4728 3621
4729 1531
4732 3805
4734 3667
4735 2596
4736 967
4738 3766
4739 3667
4742 2957
4743 2930
4746 3576
4747 3522
4748 1268
4750 1343
4751 3190
4752 2101
4753 783
4755 2627
4756 465
4758 2550
4759 1303
4760 1254
4762 2566
4763 3315
4764 1250
4765 2534
4766 3901
4767 349
4769 1254
4770 3772
4771 2470
4772 2709
4773 3529
4774 2432
4775 2304
4776 828
4777 69
4779 3449
4780 3347
4782 1492
4783 2234
4784 3358
4785 1643
4786 3706
4787 931
4788 311
4789 1917
4790 3206
4792 461
4793 3641
4794 3617
4796 206
4797 3780
4798 951
4799 3873
4800 708
4801 660
4803 3918
4804 3765
4805 3401
4806 369
4807 1765
4809 2628
4812 3633
4813 278
4814 3308
4815 2355
4816 2573
4817 3399
4819 2930
4820 274
4821 1402
4822 2666
4824 3348
4825 2939
4826 3266
4827 755
4828 2378
4829 430
4830 461
4832 768
4833 231
4834 994
4835 440
4836 1590
4837 2239
4838 234
4839 1968
4840 2781
4841 233
4843 1640
4844 3111
4845 172
4847 2881
4848 3175
4849 913
4850 907
4851 3245
4852 350
4853 2011
4855 2902
4856 1123
4857 1153
4858 270
4859 1614
4860 2685
4861 3515
4862 278
4863 570
4864 2356
4865 2993
4866 3572
4868 1202
4869 191
4870 2634
4871 981
4872 3102
4873 1892
4874 1065
4875 3187
4877 1535
4878 2369
4879 1890
4880 3108
4881 3743
4882 1242
4885 1629
4886 2642
4887 3723
4889 210
4891 2178
4892 3583
4894 2662
4895 1052
4897 2341
4898 2710
4900 2576
4901 1068
4904 2271
4905 309
4907 3779
4908 1250
4910 525
4911 2806
4912 4001
4913 881
4914 2918
4915 3568
4917 658
4921 2531
4922 2576
4924 2488
4925 2901
4926 1049
4928 2528
4929 754
4931 3894
4932 1087
4935 2996
4936 3824
4938 3533
4939 3734
4940 148
4941 1308
4942 1467
4945 934
4946 3523
4947 3716
4950 3795
4951 3602
4952 184
4953 2998
4955 3373
4956 206
4957 3512
4958 1299
4959 808
4960 2597
4961 3382
4962 2997
4963 3855
4964 3484
4965 3307
4966 3533
4967 3121
4968 3775
4970 3941
4972 2473
4974 1826
4977 195
4978 1968
4979 109
4980 1716
4981 3197
4982 3086
4983 2730
4984 243
4985 2500
4987 742
4991 403
4992 3771
4993 3065
4994 3664
4995 2396
4996 2698
4997 2234
4998 1777
4999 400
5000 3509
5002 2563
5003 2038
5004 2627
5005 1312
5006 2781
5007 3513
5008 2430
5010 1117
5011 1313
5012 1238
5014 3313
5015 912
5016 719
5017 2269
5018 3990
5019 1644
5020 2732
5021 3878
5023 2797
5025 404
5026 3288
5028 3481
5029 2571
5031 1084
5032 378
5034 3151
5035 3910
5037 3346
5038 1052
5039 566
5041 2949
5043 918
5044 2573
5045 2774
5046 2998
5047 3286
5049 2803
5050 3658
5052 479
5056 3014
5057 1019
5059 3514
5061 289
5062 1376
5063 2891
5064 1096
5069 2671
5070 2843
5071 3488
5072 1019
5073 1992
5075 2820
5076 3894
5077 2590
5078 2950
5079 2683
5080 2987
5081 2028
5083 3432
5091 784
5092 518
5094 3381
5100 1202
5102 2365
5103 86
5104 2527
5105 3254
5106 327
5107 2094
5108 2982
5109 3784
5110 1058
5111 405
5112 990
5115 1390
5116 1268
5117 102
5118 3381
5119 2466
5120 2531
5122 574
5123 3481
5124 1019
5126 2107
5129 2870
5130 1314
5131 2789
5132 3521
5133 2782
5134 1616
5135 1777
5136 196
5137 3037
5138 426
5139 921
5140 447
5142 3031
5144 3477
5145 761
5146 2590
5147 3982
5148 3555
5149 708
5150 3792
5151 3045
5154 1258
5155 3818
5156 3950
5157 518
5159 559
5160 415
5161 1324
5163 3811
5164 699
5166 3419
5167 2169
5168 208
5169 3824
5172 1339
5173 2600
5174 2547
5175 3029
5176 2722
5177 2101
5178 846
5179 318
5181 3031
5182 2045
5183 2830
5184 3765
5186 1722
5188 703
5191 2154
5192 3808
5193 687
5194 3394
5195 2271
5196 3431
5198 2168
5199 1835
5201 3247
5202 2661
5203 3694
5204 3772
5205 364
5206 3406
5207 1894
5208 559
5209 428
5210 3784
5211 3573
5212 1702
5213 3652
5214 509
5215 3254
5216 2045
5217 3252
5219 478
5221 1178
5222 48
5225 2098
5227 2680
5228 3782
5229 118
5230 2550
5231 193
5233 2706
5235 3152
5236 1182
5237 429
5238 345
5239 3771
5240 2862
5242 3295
5243 759
5244 287
5245 3775
5246 2817
5247 1711
5248 3998
5249 2585
5250 1308
5251 2101
5252 2131
5255 851
5256 3262
5257 588
5258 3059
5259 2921
5260 130
5261 3139
5262 451
5263 3708
5264 2107
5265 3077
5266 3176
5267 2879
5268 2661
5270 2490
5271 3988
5272 701
5273 687
5274 3585
5275 783
5276 1268
5277 2857
5278 355
5279 3872
5280 2655
5281 3483
5282 1270
5283 3894
5286 3692
5287 3338
5288 1600
5289 1005
5290 2143
5291 3410
5292 2083
5293 116
5294 437
5296 3920
5297 3836
5298 2909
5299 552
5300 2791
5301 3575
5304 3476
5308 220
5309 3218
5310 259
5311 2553
5312 3878
5314 1591
5315 41
5317 3473
5318 497
5319 2251
5320 3686
5321 3873
5323 3867
5324 125
5327 3049
5328 2484
5330 208
5331 1885
5332 3355
5333 2228
5335 1827
5336 3100
5337 486
5338 3703
5341 2654
5342 2591
5343 2484
5345 3179
5346 1505
5347 3180
5348 3732
5350 3483
5352 382
5353 3810
5354 274
5355 3765
5356 2745
5357 2809
5358 3557
5359 3162
5360 3575
5361 131
5362 2645
5363 180
5366 1029
5367 1065
5368 3390
5369 3414
5370 165
5371 3477
5372 3496
5373 3994
5374 3010
5375 1291
5376 1157
5379 1234
5381 3217
5382 2619
5383 2550
5384 318
5385 339
5386 1879
5388 1691
5389 2982
5391 1184
5392 1294
5393 1718
5394 129
5395 754
5396 2915
5397 3663
5398 755
5399 1338
5400 2637
5401 3290
5402 1917
5403 997
5404 3964
5406 3647
5408 3670
5409 2376
5410 113
5412 3947
5413 2196
5414 3832
5415 334
5416 1729
5417 3190
5418 2668
5419 2545
5420 2560
5421 3538
5422 3775
5424 1511
5425 3342
5427 3187
5428 1547
5429 3562
5431 2715
5432 430
5433 3857
5435 2661
5436 2749
5437 1819
5438 907
5439 3439
5440 498
5441 3496
5442 1283
5443 1071
5445 3868
5446 944
5447 3032
5449 1069
5450 1525
5452 301
5453 268
5454 3544
5456 3277
5457 234
5458 54
5459 2890
5460 422
5461 136
5462 3359
5463 3407
5464 3658
5465 3526
5466 2290
5467 3029
5468 1090
5470 757
5472 116
5473 1436
5474 969
5475 2166
5476 3298
5477 3133
5478 2442
5479 3963
5480 3216
5481 1655
5482 3486
5483 1268
5484 3479
5486 1042
5487 2361
5489 3114
5490 811
5491 1086
5496 957
5497 1982
5498 3162
5499 476
5500 3171
5503 2677
5504 2003
5505 3331
5507 2775
5508 2402
5509 2304
5510 2121
5512 3287
5513 2471
5514 254
5515 475
5516 925
5517 130
5518 3895
5519 1816
5520 3120
5521 1712
5522 749
5523 3371
5525 419
5526 785
5527 562
5529 2653
5530 2676
5532 2683
5534 2705
5536 1551
5537 296
5538 2662
5539 1434
5540 3124
5541 2003
5543 1840
5544 1300
5546 3507
5547 3045
5548 2801
5549 1076
5550 164
5551 3334
5552 1994
5553 2897
5554 127
5555 588
5556 2045
5557 257
5559 2395
5560 2876
5561 3932
5562 3041
5563 3336
5564 3494
5565 3916
5566 2560
5568 3453
5569 539
5570 3370
5571 3593
5572 3465
5576 1242
5577 790
5578 3844
5579 2356
5580 964
5582 3443
5583 1568
5586 3959
5588 2654
5590 3394
5591 1566
5592 3234
5593 223
5594 3497
5595 2968
5596 1917
5597 1760
5599 502
5600 247
5601 683
5603 3840
5604 5
5605 2172
5606 2269
5607 2402
5608 1312
5610 2742
5611 492
5612 3708
5613 3083
5614 3851
5615 3712
5616 2483
5618 461
5619 2345
5620 3298
5621 3299
5622 3983
5624 216
5625 1709
5626 2028
5627 124
5628 3023
5629 2376
5630 3808
5631 2908
5632 3219
5633 1295
5634 764
5636 3488
5641 2365
5642 2898
5643 1123
5644 477
5645 3167
5646 3111
5648 532
5649 3249
5650 61
5651 2873
5652 750
5653 1392
5654 3431
5655 1349
5656 3209
5657 80
5658 3601
5659 2186
5660 3818
5661 3516
5662 2228
5664 3507
5665 2807
5666 781
5667 3998
5668 1890
5669 1417
5671 1670
5672 2969
5673 2715
5674 3347
5675 3804
5676 2107
5677 1382
5679 89
5680 1547
5681 3285
5682 3609
5683 2863
5684 33
5685 233
5686 835
5687 2657
5689 997
5690 2752
5691 2653
5692 3312
5693 2444
5694 1087
5695 3989
5696 2701
5697 3393
5698 3602
5699 3885
5700 2746
5702 3536
5703 2562
5704 3190
5705 3465
5707 3636
5709 197
5711 2590
5712 2206
5713 1740
5715 1716
5716 600
5717 411
5718 3097
5720 2369
5721 651
5722 1593
5723 2995
5724 1148
5725 130
5726 2530
5728 479
5729 203
5731 2430
5733 1136
5734 3202
5735 2958
5736 2600
5737 391
5738 2649
5739 383
5740 3336
5741 2522
5742 2916
5743 2658
5744 2341
5746 2130
5747 3910
5749 2900
5750 194
5752 552
5753 3504
5757 3625
5758 1
5759 281
5760 2741
5761 2816
5762 722
5763 2835
5764 716
5765 2661
5766 918
5767 1188
5769 2251
5770 1600
5771 10
5772 3495
5773 3079
5774 2936
5775 477
5777 1614
5778 2807
5779 953
5780 3200
5781 829
5782 3721
5783 1078
5784 1369
5785 3184
5786 3625
5788 2365
5789 1857
5791 3938
5793 1934
5795 3695
5796 3360
5797 2566
5798 183
5799 675
5800 2688
5802 383
5803 1512
5804 1521
5805 2530
5806 3982
5808 494
5809 3121
5810 989
5812 1046
5813 2951
5814 651
5815 2594
5816 2091
5817 781
5818 934
5819 2554
5822 3342
5823 2738
5826 3304
5827 3388
5829 2908
5830 2887
5831 3624
5832 3630
5833 1074
5834 2781
5836 3601
5837 340
5838 324
5839 3365
5840 21
5841 731
5842 3670
5843 2451
5846 615
5847 2698
5848 2921
5849 3565
5850 1518
5851 2645
5853 1168
5854 2478
5855 289
5856 1400
5857 2594
5858 540
5863 2878
5864 2600
5865 1543
5866 2761
5869 3522
5870 2668
5871 3509
5872 294
5873 3477
5874 858
5875 2843
5876 2441
5878 3979
5879 1069
5880 247
5881 2643
5882 2089
5883 826
5884 1804
5885 3596
5886 1295
5887 198
5888 2745
5889 104
5891 3088
5892 3165
5894 3408
5895 943
5896 3049
5897 1090
5898 3768
5899 2573
5900 486
5901 3174
5902 788
5903 1970
5904 1254
5905 2141
5906 3513
5908 3061
5909 2149
5911 2925
5912 2689
5914 268
5915 1198
5916 2206
5917 2192
5918 3295
5919 3026
5920 532
5921 2361
5923 340
5924 3877
5925 2844
5926 144
5927 1641
5928 1823
5930 3590
5931 2876
5932 1918
5933 492
5934 1066
5935 3100
5936 2500
5937 533
5938 3581
5939 2757
5940 2734
5941 159
5943 1176
5944 3637
5945 504
5946 3362
5947 2650
5948 2378
5950 1505
5951 3030
5952 2648
5953 2488
5954 83
5955 347
5956 2121
5958 2949
5959 3929
5960 483
5961 1491
5962 3113
5963 3010
5965 1339
5966 3009
5967 874
5968 2864
5969 1917
5970 948
5972 2555
5975 1153
5976 3023
5977 3486
5978 2778
5979 1981
5980 3984
5981 3086
5982 1329
5983 3520
5984 2701
5985 3810
5987 87
5988 216
5989 3054
5990 2820
5991 1478
5992 2226
5993 2137
5995 3009
5996 2265
5997 104
5998 492
6000 2893
6002 555
6003 2785
6004 402
6005 2966
6006 1616
6007 2696
6008 1826
6009 2565
6010 1261
6011 4002
6012 874
6013 3393
6014 3981
6015 345
6016 2365
6017 977
6018 3059
6019 3513
6020 1568
6021 23
6022 1276
6023 2793
6025 3082
6026 2231
6027 482
6030 2434
6032 3322
6033 2705
6034 3292
6036 3889
6037 3303
6041 2758
6042 1934
6044 3889
6046 2495
6047 3802
6048 2680
6049 2206
6051 3474
6053 3097
6054 2231
6056 129
6057 1068
6058 119
6059 639
6060 578
6061 636
6062 3599
6063 2671
6064 2680
6065 3201
6068 3117
6069 3632
6070 846
6072 2753
6073 865
6075 78
6076 1590
6078 2836
6079 280
6080 3302
6081 2252
6082 487
6083 1074
6084 3713
6085 2972
6086 3078
6087 1491
6088 405
6089 959
6090 1712
6091 3232
6092 2107
6093 2552
6094 1117
6095 3232
6096 2917
6097 3576
6098 180
6100 3622
6101 3184
6102 934
6103 3847
6104 264
6105 237
6106 3974
6107 3042
6108 27
6109 3070
6110 3399
6111 2963
6112 985
6113 671
6114 871
6116 624
6117 2958
6118 33
6121 1435
6122 2651
6123 3270
6124 725
6126 1052
6127 2755
6128 246
6129 3315
6130 750
6131 2378
6132 345
6133 1209
6134 815
6135 440
6136 226
6137 443
6138 3691
6139 271
6140 3708
6141 836
6142 3869
6143 3851
6144 3041
6145 2627
6147 2566
6150 3111
6151 656
6152 210
6153 3559
6156 3366
6159 271
6160 1044
6162 345
6163 2741
6164 2083
6165 3768
6167 3537
6168 3399
6170 3639
6171 2913
6173 2722
6174 3344
6175 3551
6176 102
6178 3233
6179 2032
6180 2483
6181 3636
6182 2830
6184 3826
6185 3440
6186 2560
6187 384
6189 2991
6190 2674
6191 2952
6192 708
6193 1644
6195 3443
6200 1066
6201 3365
6203 1694
6204 2552
6205 3427
6206 3989
6209 684
6210 935
6212 831
6213 2799
6214 2201
6215 773
6216 350
6217 3712
6218 2231
6221 447
6222 3015
6223 173
6225 3565
6227 2728
6228 1889
6229 3171
6230 535
6233 3652
6234 881
6235 3562
6236 2541
6237 2536
6239 2893
6241 3304
6242 2130
6243 2715
6245 3539
6247 2361
6248 3859
6249 3762
6250 3734
6251 2994
6252 1976
6253 3573
6256 2431
6258 562
6260 820
6261 1723
6262 2572
6264 750
6265 3768
6266 2248
6267 3156
6268 1990
6269 462
6270 167
6271 3070
6272 1254
6274 1402
6275 3834
6276 3609
6277 1251
6278 3206
6279 858
6280 3787
6281 59
6283 3809
6284 2664
6285 2787
6288 3288
6290 3376
6291 2357
6292 3420
6293 3895
6298 2783
6302 1980
6303 198
6304 3179
6305 3292
6306 3530
6307 63
6308 1279
6309 2588
6310 3605
6311 117
6313 2153
6314 3638
6315 2696
6316 1897
6317 3420
6320 2688
6321 3250
6323 212
6325 2578
6326 2468
6327 2921
6328 609
6330 3024
6331 2749
6332 1632
6335 3018
6336 3593
6337 1822
6338 3481
6341 797
6343 3864
6344 3654
6345 2037
6346 757
6347 2933
6348 3522
6349 1152
6350 383
6351 3649
6352 286
6353 3668
6354 89
6355 3018
6356 482
6358 3994
6359 1680
6360 2955
6361 1861
6362 3977
6363 3290
6364 2998
6365 819
6366 1890
6367 199
6368 3120
6369 1130
6370 878
6371 3391
6374 197
6375 475
6376 3156
6377 3446
6378 621
6379 1829
6380 1469
6381 2794
6382 1188
6383 957
6384 3360
6385 3513
6386 475
6389 3239
6390 2942
6391 163
6392 1591
6395 1242
6396 925
6398 124
6401 2886
6403 3884
6404 415
6405 2727
6407 3505
6408 3576
6411 1392
6412 1442
6414 3650
6415 2782
6417 39
6418 3042
6419 1884
6421 747
6422 3251
6423 1521
6424 2921
6428 3025
6429 2681
6430 3187
6431 903
6432 2679
6434 3201
6435 206
6436 2879
6437 3739
6438 1044
6440 612
6441 3642
6443 3630
6444 3416
6445 3866
6447 73
6448 3384
6449 254
6450 3216
6452 3880
6453 3782
6454 246
6455 1038
6456 3270
6457 2251
6458 3874
6459 1722
6460 3404
6463 1551
6464 3950
6465 2645
6466 3702
6469 2631
6470 3867
6472 815
6473 3473
6475 273
6476 525
6477 51
6478 2678
6479 53
6480 3196
6481 2076
6482 3224
6483 1691
6484 3259
6485 3169
6486 1335
6487 3303
6488 3459
6489 2705
6490 3005
6491 1485
6492 3963
6495 3583
6496 274
6497 1571
6499 2128
6500 770
6503 2593
6504 2144
6505 1359
6506 3019
6507 1575
6508 1397
6509 1518
6510 658
6511 3776
6512 3181
6513 831
6514 3414
6515 3497
6517 1074
6518 1876
6520 3117
6521 3327
6522 2138
6524 3665
6527 3358
6528 1818
6529 504
6530 198
6531 3847
6533 2524
6534 695
6535 2356
6536 2941
6537 2933
6539 2849
6543 2931
6544 89
6545 3205
6546 3605
6548 2943
6549 2621
6550 2887
6551 3641
6552 2884
6554 2136
6555 3797
6556 3024
6558 1417
6559 3009
6560 2675
6561 432
6562 1959
6563 3348
6564 653
6565 1884
6566 1499
6567 478
6569 3220
6570 2038
6571 3177
6572 3740
6573 3992
6574 3658
6575 1521
6577 2945
6579 2833
6581 2709
6582 107
6583 1046
6586 1071
6587 2698
6588 787
6589 343
6590 3481
6592 1238
6593 1449
6595 2144
6596 3699
6597 3299
6599 3595
6600 2971
6601 3497
6602 1590
6603 2312
6604 3974
6605 3279
6606 3229
6607 717
6608 1968
6609 3372
6612 2745
6613 782
6614 167
6615 2662
6616 2597
6618 1998
6619 2686
6620 2885
6622 1123
6623 570
6624 1542
6626 3957
6628 1785
6629 3540
6630 714
6631 1904
6632 2664
6634 3292
6636 3925
6637 3366
6638 3721
6639 72
6640 3004
6642 764
6643 3941
6644 524
6645 3692
6646 500
6648 3421
6649 3637
6650 450
6652 2478
6653 1101
6654 2848
6656 2712
6657 3442
6658 3641
6660 3218
6661 254
6662 230
6663 2388
6664 1044
6665 165
6666 2732
6668 1819
6669 2259
6670 1291
6671 2239
6672 2848
6673 830
6674 2875
6675 3721
6676 600
6677 2491
6679 119
6680 2588
6681 2
6682 3400
6683 2603
6684 159
6685 3771
6686 3013
6688 2618
6689 1632
6690 1929
6691 3359
6692 2699
6694 1123
6695 3959
6696 588
6697 1614
6698 2661
6700 3776
6701 3241
6703 2782
6704 1086
6705 3279
6706 242
6707 346
6708 1303
6709 919
6710 881
6712 783
6714 3972
6715 3667
6716 122
6717 3201
6718 3195
6719 2993
6720 1691
6722 3867
6723 3245
6724 716
6726 3595
6727 1547
6728 2681
6729 2092
6730 345
6731 2624
6732 2830
6733 210
6734 2545
6735 579
6736 894
6737 367
6738 2251
6739 1324
6740 1719
6741 3532
6742 3592
6743 1270
6744 2586
6746 1270
6747 3577
6748 3905
6749 2510
6751 3762
6752 3734
6753 1702
6754 3874
6755 2525
6756 3383
6757 3746
6759 499
6760 1058
6761 820
6762 2880
6764 3919
6765 296
6766 2616
6767 1314
6768 3590
6769 3488
6770 3937
6771 1178
6772 2606
6773 328
6774 3419
6775 2645
6776 329
6777 3930
6778 903
6779 2732
6780 2528
6781 3050
6782 1851
6783 2786
6784 3463
6785 2844
6786 3849
6787 3634
6788 1264
6789 2890
6790 3212
6791 2527
6792 3500
6793 2731
6794 3386
6795 3206
6796 3496
6800 1876
6801 3665
6802 3075
6804 287
6805 3998
6806 3562
6807 736
6808 3071
6809 1017
6811 2647
6812 3327
6813 3590
6814 3099
6815 1316
6816 3044
6817 808
6818 2917
6820 3427
6821 3621
6822 3247
6823 2727
6826 3633
6827 3996
6828 347
6831 2786
6832 324
6834 1307
6835 2548
6836 1301
6838 2016
6839 960
6840 2698
6841 1314
6842 3864
6843 3696
6845 160
6846 4001
6847 1819
6848 2197
6850 3031
6851 180
6852 656
6853 3938
6854 2733
6855 3618
6856 2605
6858 449
6859 3418
6861 3240
6862 2894
6863 2402
6865 3034
6866 105
6867 2369
6869 3196
6870 1402
6871 784
6873 370
6874 3364
6876 2573
6879 2950
6881 3568
6882 255
6884 1373
6889 3183
6890 2225
6891 2530
6892 3790
6893 3917
6894 3642
6895 3576
6901 180
6902 2688
6903 959
6905 641
6906 3723
6907 3632
6909 802
6910 3251
6911 633
6912 1723
6913 1904
6914 2952
6915 532
6916 2430
6917 1766
6918 3855
6919 1042
6920 1547
6922 3346
6924 3841
6925 770
6926 152
6927 3798
6928 1101
6929 2741
6930 2715
6932 2031
6934 3015
6935 3568
6936 1984
6938 2701
6941 3581
6942 284
6944 1131
6945 3121
6946 364
6947 90
6949 3858
6950 2590
6951 2696
6953 3047
6954 2913
6956 1518
6958 3463
6961 2628
6962 948
6964 1925
6965 3488
6966 26
6967 966
6968 3105
6969 2720
6970 290
6972 3537
6973 653
6974 640
6975 6
6979 2918
6981 534
6982 1392
6983 2705
6984 3895
6985 2692
6987 2619
6988 81
6990 3760
6991 73
6995 440
6999 1219
7002 6
7004 2962
7005 2375
7006 2466
7008 954
7009 811
7010 3362
7012 750
7013 2589
7014 2554
7015 2523
7016 2855
7017 2146
7019 3398
7020 117
7021 1586
7022 2758
7023 3107
7025 2748
7026 3152
7027 615
7028 2940
7029 2434
7030 3972
7032 3690
7033 2640
7034 1278
7035 318
7036 3857
7037 2321
7038 2638
7039 733
7040 1295
7041 3805
7042 1321
7043 422
7044 2676
7047 530
7048 43
7049 1254
7050 3654
7051 566
7052 1705
7055 562
7056 3203
7058 232
7059 2553
7060 2395
7062 1892
7063 3108
7064 1362
7066 2488
7067 2902
7068 56
7069 3720
7070 2750
7071 865
7072 3091
7073 2522
7074 2586
7076 3545
7077 2581
7078 3330
7079 3165
7080 3456
7081 1994
7083 1467
7084 1266
7085 1338
7087 1568
7088 2577
7089 3213
7090 308
7091 488
7092 3442
7093 3998
7094 2696
7095 169
7097 959
7098 3543
7099 579
7100 1828
7101 3203
7102 160
7104 1718
7105 2366
7106 2269
7107 3091
7109 559
7110 3152
7111 2507
7112 3508
7113 3591
7114 3538
7115 1399
7116 3394
7117 3911
7118 624
7119 3573
7122 123
7125 355
7126 2151
7127 2841
7128 1448
7129 3391
7130 3388
7131 3481
7132 1591
7134 2632
7135 2483
7137 960
7138 3862
7140 3485
7142 552
7143 768
7144 2859
7145 3505
7146 2550
7148 570
7149 3493
7150 601
7152 3686
7154 1670
7155 3244
7156 890
7158 870
7159 783
7160 3029
7161 2057
7162 591
7164 3469
7166 1681
7167 3313
7168 3098
7169 3752
7172 479
7173 570
7174 410
7175 2655
7176 3403
7177 1400
7178 699
7180 2886
7181 3477
7183 617
7184 772
7185 1835
7186 3572
7188 3335
7189 2535
7190 2889
7192 3096
7195 2539
7196 2622
7197 2942
7198 646
7199 1350
7200 2011
7201 3252
7202 2719
7203 3231
7205 2809
7206 1348
7207 3069
7208 781
7209 2534
7210 2884
7211 1024
7212 1512
7213 2877
7214 3918
7215 479
7216 1046
7218 142
7221 768
7222 2576
7223 2709
7224 3630
7226 708
7227 2917
7228 2968
7230 3445
7231 1314
7232 1722
7234 1136
7235 3474
7239 3226
7240 3473
7244 3929
7245 3277
7248 35
7249 3749
7250 2702
7251 3345
7254 1296
7256 414
7258 2881
7259 535
7260 716
7261 1600
7262 66
7264 3666
7266 2841
7268 3767
7269 243
7271 3407
7273 1997
7276 819
7277 1637
7278 1879
7279 3123
7280 208
7281 3844
7283 1313
7285 2812
7288 301
7289 782
7295 1568
7296 547
7297 2031
7298 255
7300 2007
7302 1270
7304 2402
7305 3175
7306 1390
7308 3912
7310 337
7311 1052
7312 2855
7314 870
7315 1325
7316 959
7317 2753
7318 578
7319 1185
7320 3331
7321 2539
7323 1655
7324 2664
7325 2598
7326 2605
7327 2681
7328 785
7329 3581
7330 3356
7331 1153
7332 421
7333 3248
7335 3900
7336 1970
7337 1981
7339 3369
7341 3030
7342 2711
7343 3928
7344 461
7345 3796
7347 3117
7348 3034
7349 1576
7350 400
7351 434
7355 3547
7356 3219
7357 2871
7358 40
7359 3568
7360 1411
7361 1184
7362 3779
7363 640
7365 1401
7367 430
7368 2355
7369 3359
7370 366
7371 2794
7372 1569
7373 3951
7375 3226
7377 2729
7378 3073
7379 3097
7381 1468
7382 3181
7383 479
7384 2913
7387 2544
7389 3581
7390 3650
7391 203
7392 2897
7393 3180
7395 63
7396 2670
7397 1468
7399 1555
7400 2087
7403 2793
7404 2910
7405 884
7407 3125
7408 2523
7409 1029
7410 3782
7411 2736
7412 714
7415 1617
7416 3925
7418 2764
7420 3134
7421 2933
7422 636
7425 3698
7426 362
7427 483
7429 3150
7430 3584
7431 3983
7432 2916
7433 2076
7434 829
7436 1069
7437 633
7439 2768
7441 3053
7442 40
7443 1157
7445 2742
7447 2210
7448 1111
7450 464
7451 3824
7452 3533
7453 3364
7454 2264
7456 920
7457 3262
7458 609
7460 695
7461 1092
7462 2742
7464 1373
7465 608
7466 1218
7470 1550
7472 218
7473 1277
7474 1373
7475 3034
7476 3985
7478 2275
7479 3117
7480 3016
7481 3670
7483 2240
7486 2234
7487 419
7488 2216
7490 3574
7491 990
7492 3343
7494 2899
7498 3910
7500 2231
7501 722
7502 1826
7503 3386
7504 305
7505 3945
7506 2
7507 2572
7508 2717
7509 3785
7510 361
7511 1632
7512 493
7517 488
7518 2913
7519 2743
7520 3308
7522 2028
7524 3931
7525 280
7526 3218
7527 3644
7528 273
7530 675
7531 434
7533 316
7534 881
7535 1221
7536 1778
7537 3662
7538 1178
7539 1791
7540 2774
7541 482
7544 2608
7545 830
7546 995
7547 342
7548 48
7549 56
7550 131
7556 2093
7557 2842
7558 3248
7559 2658
7560 3340
7561 889
7563 3184
7564 2984
7567 1111
7568 1705
7570 3761
7571 617
7573 93
7574 3858
7575 3431
7576 3201
7577 1823
7578 1434
7579 2197
7581 3440
7583 2984
7584 151
7585 2230
7586 1549
7587 2791
7588 2402
7590 3651
7591 3075
7592 3388
7593 3868
7598 612
7599 47
7600 2289
7602 1291
7603 2706
7604 18
7605 116
7606 2670
7607 3226
7608 2230
7609 198
7610 3132
7611 3677
7612 2647
7613 3240
7615 428
7616 3336
7618 815
7619 198
7620 2101
7621 2110
7622 3189
7623 234
7624 591
7625 2563
7626 802
7627 3334
7628 1875
7631 3402
7633 3783
7634 3916
7635 3772
7636 1795
7637 3609
7638 3573
7640 747
7641 3445
7642 3322
7643 2577
7644 525
7645 3302
7647 2535
7649 2758
7650 2641
7652 3231
7653 1822
7654 163
7656 2742
7657 1644
7658 2668
7659 2873
7660 3551
7661 3707
7662 943
7663 627
7664 3974
7665 3031
7666 3181
7667 3420
7668 1608
7669 1179
7670 3438
7671 2660
7672 3495
7675 66
7676 2709
7677 2144
7678 2871
7680 3452
7681 3423
7682 783
7686 2361
7688 3218
7689 3989
7690 3665
7692 3658
7693 3323
7694 1828
7695 2970
7696 2522
7698 3642
7700 2590
7701 160
7702 3446
7704 40
7705 2662
7707 1164
7709 3719
7710 118
7712 3350
7713 1350
7714 2819
7715 2904
7716 2536
7717 646
7718 3944
7721 3061
7722 355
7723 681
7724 1542
7725 3722
7727 2251
7728 1169
7729 227
7730 1261
7731 3075
7732 2612
7736 1131
7737 3219
7738 3032
7740 1241
7741 3020
7742 462
7743 2230
7744 3072
7746 785
7747 3169
7750 982
7752 199
7753 3722
7756 2873
7757 1049
7759 2388
7761 3004
7764 2643
7766 1766
7767 3530
7768 2884
7769 2664
7771 3654
7772 1655
7773 2580
7774 1157
7776 3782
7778 3168
7780 1829
7782 3638
7783 726
7784 3503
7786 3778
7788 2550
7789 3372
7790 3797
7792 1130
7793 3092
7795 423
7796 1140
7798 2089
7799 284
7800 2682
7806 1096
7808 233
7810 3927
7811 1696
7813 2990
7814 3050
7815 2251
7816 2914
7817 3566
7818 3185
7819 1268
7821 2946
7822 378
7823 2988
7824 164
7825 646
7826 3494
7827 2177
7828 2285
7829 3644
7830 2934
7832 2738
7835 2369
7837 747
7841 2375
7842 3425
7843 2591
7845 1777
7846 440
7848 2144
7849 3091
7850 2628
7851 2841
7852 1775
7853 493
7854 3916
7855 2753
7856 255
7859 3160
7861 3857
7862 3992
7863 3900
7864 3647
7867 2873
7868 2670
7869 2627
7870 1652
7872 935
7873 2844
7874 2733
7876 1267
7878 2667
7879 2731
7880 234
7881 1235
7882 2606
7884 3318
7886 674
7887 1890
7888 3521
7891 3194
7892 1911
7894 41
7895 3342
7897 2110
7898 2679
7899 2799
7901 208
7903 68
7905 1889
7908 3776
7909 2636
7910 3631
7911 3043
7913 2638
7914 3292
7915 109
7916 3281
7917 2941
7918 1065
7919 2786
7920 179
7921 2928
7922 1826
7923 109
7924 3215
7925 2611
7926 1353
7927 434
7929 1550
7930 3942
7931 3419
7932 1511
7933 1599
7934 499
7935 379
7937 666
7939 3185
7941 3942
7942 1569
7943 1274
7944 2937
7946 1552
7947 1600
7950 2357
7953 1684
7954 3808
7955 1402
7956 2230
7957 2854
7958 2216
7959 180
7961 3998
7962 257
7963 3523
7966 129
7967 3254
7969 2000
7970 2458
7971 1349
7973 81
7975 2186
7976 257
7977 736
7978 3665
7979 1378
7980 681
7983 96
7984 3965
7986 1469
7989 1962
7990 271
7991 2415
7993 2972
7994 562
7995 1139
7996 1521
7998 3621
7999 3834
8000 1577
8001 3102
8002 3952
8003 3394
8004 1621
8005 579
8006 1287
8007 109
8008 3111
8011 2153
8012 353
8013 1179
8014 790
8016 23
8018 3916
8020 168
8022 722
8023 423
8024 3407
8025 3484
8026 3224
8027 1438
8028 1399
8029 2862
8030 3980
8032 1982
8034 959
8035 2622
8036 1164
8038 3630
8039 45
8040 2265
8041 3343
8042 1611
8044 1506
8045 1652
8047 2480
8048 1697
8049 1513
8050 3945
8051 2917
8052 3052
8053 2263
8055 3228
8057 3471
8058 3573
8059 3739
8061 2384
8062 2756
8063 2131
8064 1183
8065 3496
8066 2721
8067 3866
8068 1681
8069 3252
8070 156
8071 3132
8074 3481
8075 2686
8076 3910
8077 2650
8079 2524
8080 2734
8081 1906
8082 1912
8083 3651
8084 3050
8085 220
8086 1976
8087 951
8090 2356
8092 1169
8094 660
8096 3518
8097 3083
8099 3177
8101 2960
8102 3087
8103 822
8104 2527
8105 206
8109 2721
8111 3234
8112 3259
8116 1885
8118 2708
8119 3438
8120 339
8122 1853
8123 2304
8127 3270
8128 3462
8130 3578
8132 3509
8133 107
8135 603
8136 2069
8137 356
8140 1278
8142 873
8143 737
8144 3410
8145 3138
8146 1752
8147 369
8148 2682
8149 3001
8150 2162
8152 2940
8153 308
8154 3841
8155 727
8156 3051
8157 2225
8159 1659
8160 636
8163 683
8164 846
8166 1702
8167 2838
8168 3752
8170 3472
8171 3465
8172 418
8173 2580
8174 3974
8175 3250
8177 2355
8178 683
8179 3864
8182 1878
8184 67
8186 3216
8187 566
8188 3375
8189 2028
8190 3191
8191 3539
