4594 350
4582 283
4959 21
4257 828
4898 525
354 56
3313 762
4156 539
4008 114
4120 112
4379 112
4114 411
4149 33
4475 61
1274 127
4703 807
5251 179
4152 574
1798 134
4062 587
4497 601
4260 318
8192 481
8193 5064
8194 5214
8196 2992
8197 4079
8198 4578
8199 4025
8200 4278
10 342
11 447
8202 4651
8203 4302
14 3081
8204 826
8205 602
8206 5184
8209 2978
19 684
20 3485
21 4585
8210 3850
23 182
8211 429
25 2007
26 2213
8212 4872
28 4729
29 4151
8213 4701
8214 4648
8215 4002
33 4587
34 248
8218 3129
8219 2939
37 4779
38 2373
8222 1624
8225 1373
8226 4987
42 1591
46 2281
50 4792
52 417
55 4603
57 5091
62 1803
67 4478
74 931
75 1826
77 871
85 429
89 125
91 1349
92 198
94 3084
97 5149
99 3398
100 4866
102 662
103 2016
105 5209
106 5026
111 4953
112 4372
120 4704
126 1994
128 4772
130 3755
131 4648
133 4384
135 4799
137 2451
138 1438
139 4962
141 5198
143 1647
147 387
149 4028
152 1066
153 4621
154 3874
155 4891
157 4992
158 5072
161 4306
163 3404
166 241
168 4067
170 998
173 4535
180 4981
186 86
187 2110
191 4611
192 4447
193 2654
200 2944
201 231
202 796
203 641
204 447
211 1568
212 4276
215 3935
217 410
219 5072
222 1818
228 3866
229 1680
234 4677
240 4495
243 231
245 339
249 1719
251 659
252 1912
253 3081
254 4603
258 3794
260 4535
262 2115
263 591
265 3404
266 2076
269 305
276 4587
278 2111
279 4629
280 2436
281 4253
282 1386
283 2079
288 484
290 4799
293 3930
294 289
295 4591
297 1367
299 2588
300 1584
301 901
302 2402
306 4627
310 2783
313 1816
314 1117
315 1761
316 879
317 1716
320 127
324 4266
325 4875
326 3208
332 811
334 210
336 4359
338 1527
341 2046
351 305
352 3782
355 1004
357 4384
358 4008
360 5008
368 5011
369 4908
372 3016
377 3874
8216 5130
380 4813
381 119
8217 549
383 4119
384 4665
385 853
386 5289
390 4455
394 771
395 2884
396 114
8220 1912
399 482
8221 4631
404 4694
405 4703
406 4440
408 1258
415 4985
416 347
419 4076
420 4627
424 4525
425 4595
426 4452
427 884
428 5233
435 2807
438 907
444 745
446 1854
451 87
453 1329
454 4397
455 2534
456 4042
457 4102
458 4245
459 5110
463 4628
464 595
466 2659
469 1386
470 579
478 4599
479 2249
486 3028
490 2277
491 2049
495 5029
502 68
505 1402
507 742
511 819
515 4092
516 538
520 4984
522 4856
528 779
529 3239
530 5112
533 1712
540 1367
542 93
543 379
544 3712
546 4985
548 846
551 1979
553 526
554 5259
556 2069
558 1004
560 323
561 4240
563 1772
564 4440
566 4416
567 5076
568 329
569 4413
572 4295
576 4112
580 3387
582 98
583 208
584 4753
585 270
586 1261
587 5083
589 705
592 5111
597 15
598 144
599 4624
603 1294
604 4772
605 4419
606 4379
610 492
614 4008
616 3713
618 506
619 4359
620 3812
621 4999
625 5178
626 2275
629 4828
634 2016
637 2127
638 878
642 5104
647 4
648 2536
650 304
651 474
652 4627
653 2289
654 375
657 5210
661 4590
663 1712
665 1188
667 1399
668 2119
669 662
672 2964
673 4369
677 6
679 3851
680 2566
682 4036
685 2076
686 2790
688 5297
690 4117
693 3978
694 5026
698 4223
699 607
700 2893
701 5026
702 4521
707 4882
709 5043
710 4917
711 660
715 44
719 182
720 1505
722 307
723 3565
724 4965
726 359
728 4517
729 2571
733 1791
735 1400
739 5298
743 977
744 2629
746 5249
747 2020
748 562
751 5038
752 1694
753 259
757 5064
758 2151
763 378
765 1217
767 3979
770 3266
776 5005
777 1764
778 389
780 3878
781 3866
783 64
784 865
786 4210
787 4872
789 2429
790 5276
792 3384
793 3217
794 3491
797 4428
798 3525
800 5
801 5237
803 4756
807 3966
810 4368
812 1074
814 4523
816 4585
817 5169
818 4564
821 122
824 4545
828 5300
830 2451
832 4028
833 1804
834 579
836 1828
838 649
839 2555
840 4225
841 2287
843 712
847 2535
848 4273
851 742
852 80
854 5019
855 574
856 3467
858 1793
860 181
866 742
867 3088
868 255
873 4546
874 2120
876 4109
881 4616
882 2344
885 1666
888 4858
891 5262
897 1877
900 1279
902 1731
905 4365
906 1185
909 3362
910 2078
911 4929
913 4617
915 1034
916 5178
922 2451
923 1613
924 3540
926 4697
927 666
928 1826
930 4624
933 4071
936 5262
937 2576
939 4514
940 4736
941 5251
942 4961
943 4555
945 4362
947 4581
949 4252
953 64
955 4583
956 5104
957 5134
958 2810
965 4793
968 259
970 4365
971 2137
972 1620
976 4205
978 4631
979 2781
980 4206
982 4466
984 5117
985 4704
986 769
988 4001
989 500
991 1058
992 4931
999 1008
1000 4489
1002 4769
1003 4549
1007 171
1009 718
1012 3252
1015 3979
1016 150
1017 4817
1018 342
1020 1971
1021 2818
1022 2648
1027 140
1032 4384
1035 4433
1037 4116
1038 658
1040 3264
1041 573
1045 5047
1048 3239
1049 4897
1050 330
1051 231
1053 2512
1054 56
1056 1334
1059 5135
1061 628
1062 4684
1063 4002
1064 4074
1065 343
1067 2120
1069 2794
1072 5212
1073 2258
1077 517
1079 5191
1080 998
1081 5046
1083 4003
1088 4075
1090 4010
1091 2361
1092 235
1093 184
1094 1279
1095 1460
1098 95
1099 555
1102 3713
1104 319
1107 837
1108 2076
1109 2623
1110 2443
1112 3358
1113 273
1115 5117
1116 4917
1118 3855
1120 5196
1121 5100
1122 1878
1123 4870
1124 1975
1125 3011
1126 2130
1129 5239
1132 2593
1133 2469
1134 4608
1135 4176
1138 646
1141 1376
1142 4079
1143 870
1144 5216
1145 3141
1146 4371
1147 2558
1149 5196
1150 4446
1151 4220
1152 5059
1153 5157
1154 5181
1155 5166
1156 4102
1157 1589
1158 1402
1159 4621
1160 3313
1161 4938
1162 4914
1166 951
1167 2587
1170 421
1172 402
1174 4305
1175 4025
1177 2447
1178 670
1180 4232
1186 2944
1187 4826
1190 4641
1191 6
1192 4124
1193 4377
1194 1212
1195 5186
1197 5230
1198 3840
1199 1034
1200 782
1201 247
1204 3565
1205 423
1207 3706
1209 3756
1211 4074
1213 3685
1216 552
1223 3726
1225 160
1226 4667
1227 3173
1228 4753
1229 2356
1230 2495
1232 1342
1233 527
1234 4836
1236 5010
1238 819
1239 4974
1240 2829
1241 4276
1242 4254
1243 4471
1246 472
1248 2408
1249 1665
1253 1055
1254 2576
1255 2232
1256 5183
1260 4580
1262 1719
1263 4940
1264 623
1265 2174
1266 437
1267 1339
1268 4708
1270 2078
1272 1885
1273 880
1275 8
1278 5209
1281 3329
1282 5032
1289 5230
1290 1779
1295 2499
1298 4396
1299 4714
1300 1876
1302 1036
1303 1656
1304 3227
1307 356
1309 4819
1311 1086
1312 2069
1313 1111
1315 4461
1319 4578
1320 2478
1322 4066
1323 2196
1325 5063
1331 2695
1332 4849
1335 1610
1336 64
1337 3387
1338 2446
1340 659
1344 883
1347 4667
1351 607
1352 1373
1353 73
1354 1221
1357 272
1358 2469
1359 785
1360 1495
1362 890
1366 571
1368 4440
1369 1448
1370 1673
1372 887
1374 1218
1378 4016
1379 4344
1380 2192
1383 164
1384 4025
1387 54
1388 1400
1390 2978
1391 2040
1393 4461
1395 1259
1401 4120
1403 5034
1404 2526
1405 1997
1406 1438
1407 1975
1409 5139
1412 4284
1413 799
1414 382
1415 4107
1416 835
1417 4960
1418 2978
1420 1863
1424 267
1425 199
1426 649
1428 2341
1429 4895
1433 421
1437 3208
1439 3965
1440 5196
1441 966
1445 51
1446 4564
1447 3905
1449 2558
1450 4875
1452 4384
1453 4951
1455 4419
1456 3121
1457 883
1459 4307
1461 2997
1463 5122
1464 4423
1465 1816
1466 3484
1468 4539
1470 16
1472 1284
1473 422
1474 5157
1475 230
1477 1874
1479 4931
1480 35
1481 5207
1482 1981
1484 4070
1486 4962
1487 374
1488 716
1489 3757
1491 5195
1494 2610
1496 230
1497 4824
1498 4715
1499 2668
1500 4027
1504 4046
1507 3266
1508 5115
1509 5021
1510 2783
1511 4623
1512 2536
1514 1951
1515 4560
1516 3782
1518 954
1520 4983
1522 1505
1525 4050
1526 534
1528 4845
1529 4716
1530 1589
1533 3351
1534 4521
1537 4362
1538 3692
1539 1878
1540 2289
1544 2608
1545 4313
1546 4895
1550 5025
1551 4615
1554 1552
1555 2012
1556 2443
1559 907
1560 172
1561 497
1563 4160
1564 3861
1565 88
1566 4829
1567 4552
1570 2610
1571 5202
1572 5112
1573 3857
1574 122
1575 1778
1576 3495
1581 4550
1583 5249
1585 4369
1587 796
1588 5166
1592 5061
1593 4728
1594 5049
1604 5157
1605 737
1606 4784
1609 2177
1612 4638
1614 3351
1615 36
1617 4174
1618 1821
1619 649
1622 4384
1623 4213
1625 387
1628 5298
1630 398
1631 3681
1632 4364
1633 241
1634 441
1636 4845
1637 3777
1640 1258
1641 1130
1642 3497
1643 1130
1644 579
1645 4551
1648 373
1650 4798
1652 148
1657 5057
1658 3084
1659 2012
1660 1708
1661 4651
1664 307
1667 292
1668 4787
1669 3840
1675 912
1678 802
1681 1317
1683 4196
1685 350
1687 1188
1688 4476
1689 5217
1690 944
1691 4981
1693 13
1695 2285
1697 775
1698 806
1699 535
1700 623
1701 4107
1704 71
1706 3845
1713 2442
1714 3152
1715 3231
1718 4701
1721 795
1723 1096
1727 1490
1728 5083
1730 5135
1732 4119
1735 5064
1736 4587
1737 4921
1738 80
1739 1467
1741 2810
1742 1979
1743 4049
1744 4612
1745 4106
1746 4281
1747 4639
1748 1501
1749 4321
1750 4126
1751 895
1755 3882
1756 329
1757 4149
1758 4779
1759 570
1762 4344
1765 4968
1766 4337
1767 1221
1769 5111
1770 3532
1771 5212
1773 4563
1776 4452
1777 4566
1782 4277
1784 2695
1786 4025
1787 2571
1788 1284
1789 5073
1790 3121
1792 5161
1794 3871
1795 1968
1796 4278
1797 4851
1801 286
1805 49
1807 4974
1808 4946
1809 4253
1811 1287
1812 1558
1814 2128
1815 4052
1817 5203
1822 2446
1824 4428
1825 1314
1830 190
1832 4908
1833 69
1834 1959
1835 3977
1836 4736
1837 5124
1839 1329
1840 440
1842 59
1843 1821
1845 5070
1846 4838
1847 1611
1848 574
1849 5239
1851 4739
1852 4658
1858 2213
1859 2265
1864 1920
1865 1821
1866 1274
1867 2141
1868 1071
1871 5192
1875 1557
1879 863
1880 4901
1883 4057
1886 5274
1887 4499
1888 2491
1890 4014
1894 2426
1895 3227
1898 1665
1899 4843
1900 4515
1901 437
1902 292
1904 3963
1907 4900
1908 2013
1910 1397
1913 3474
1916 581
1917 2499
1918 4339
1919 5252
1922 4028
1923 935
1924 5073
1926 5110
1928 1436
1929 5119
1930 1988
1931 1981
1932 512
1933 4777
1934 402
1936 1224
1937 327
1938 4655
1941 1527
1944 76
1945 4901
1946 5215
1948 1089
1950 2637
1953 4621
1954 5208
1955 4904
1956 185
1960 2128
1962 1296
1963 226
1964 4434
1966 4444
1969 4231
1976 4273
1977 3646
1978 59
1982 4067
1985 136
1986 3472
1987 2871
1989 4210
1990 4862
1991 289
1993 3
1995 640
1996 4642
1998 501
1999 4164
2001 3386
2002 5159
2004 4126
2005 2203
2008 1992
2011 5239
2014 664
2015 3603
2017 3052
2018 4693
2019 3285
2021 3857
2022 676
2023 2674
2024 174
2025 4526
2026 5237
2029 1001
2030 402
2033 4047
2034 623
2035 518
2036 1754
2038 1981
2039 4645
2041 4001
2045 5149
2047 2988
2048 188
2050 4235
2051 3716
2052 1251
2053 3311
2055 3676
2056 3183
2057 1490
2058 632
2059 1245
2061 1906
2062 1925
2065 521
2066 1329
2068 4154
2071 2595
2072 3717
2073 51
2075 4067
2080 5115
2081 256
2083 2637
2084 4214
2085 501
2086 410
2089 287
2090 959
2091 4725
2094 1399
2095 307
2096 4882
2097 1071
2099 4331
2100 4185
2101 802
2102 3135
2104 4019
2106 3517
2109 2098
2112 5300
2113 2536
2114 4266
2116 4205
2117 4746
2118 4833
2122 3540
2123 3
2124 5229
2125 4376
2126 2878
2140 2863
2142 670
2145 662
2148 3302
2149 1423
2150 374
2152 4109
2155 1206
2156 1613
2159 3285
2161 4148
2163 4126
2165 5116
2166 2478
2167 292
2168 5028
2169 2007
2171 2157
2175 4324
2176 227
2178 3222
2180 4515
2181 2196
2183 5247
2184 4736
2185 1596
2186 5174
2187 2203
2188 5304
2189 4753
2191 5142
2193 5247
2194 1182
2195 1943
2197 842
2200 2478
2201 4935
2204 61
2205 4759
2206 3525
2208 373
2209 1711
2210 944
2211 5251
2212 375
2215 4111
2218 432
2219 1334
2221 5057
2222 1210
2223 4594
2227 3598
2228 3209
2229 2520
2231 5111
2233 1114
2235 3792
2236 4050
2237 3782
2238 2525
2239 5294
2241 3025
2242 4284
2243 3879
2244 4759
2246 60
2247 3964
2250 3374
2253 4405
2254 1089
2255 1734
2256 4070
2257 3453
2260 3088
2261 4725
2262 1702
2263 4254
2266 588
2267 539
2268 3717
2269 1066
2271 1981
2272 174
2273 944
2274 376
2278 640
2280 93
2283 2443
2284 68
2286 4518
2288 44
2291 244
2292 1754
2293 4305
2295 3060
2296 330
2297 861
2298 526
2299 1717
2300 2493
2301 541
2302 1089
2303 68
2305 4773
2307 4979
2308 1220
2310 4051
2311 2192
2313 2312
2314 2491
2315 2078
2316 1793
2317 4449
2318 3351
2319 3943
2323 4378
2324 4091
2326 5258
2327 449
2330 4365
2333 3130
2335 4222
2337 432
2338 418
2339 5178
2343 4304
2345 903
2346 3966
2347 983
2348 3692
2349 1764
2351 4645
2352 4111
2357 4281
2358 849
2360 4863
2362 485
2369 3556
2370 3458
2377 1951
2378 4351
2379 5059
2382 1708
2384 541
2386 4310
2388 4511
2389 1810
2390 5078
2391 86
2392 4615
2393 1252
2395 5173
2398 524
2400 2049
2401 4198
2404 1148
2405 2312
2407 4447
2411 2531
2413 5112
2414 4178
2415 5207
2416 4040
2417 2340
2418 4471
2419 4043
2421 775
2423 4313
2424 1881
2425 4922
2427 2092
2430 4843
2431 4627
2432 4667
2433 2436
2435 462
2438 4372
2439 4154
2440 4474
2449 948
2450 506
2453 4716
2454 1613
2455 366
2456 3964
2457 1806
2458 4147
2459 78
2460 4222
2461 305
2464 1611
2466 15
2467 1005
2470 4915
2471 3450
2472 4753
2473 1371
2476 1778
2477 5012
2479 2848
2480 4720
2481 4735
2482 5106
2483 1181
2484 2032
2485 4677
2486 5195
2487 2678
2489 5199
2490 4342
2492 1703
2494 4774
2500 1436
2501 4118
2502 4967
2507 2728
2508 4308
2509 5025
2510 2285
2513 309
2514 214
2515 59
2516 3254
2518 1869
2519 628
2521 4701
2522 1912
2523 3132
2524 1968
2527 3208
2528 4477
2529 3845
2530 4586
2532 430
2533 4703
2537 4750
2538 4554
2539 1722
2541 4030
2543 1663
2544 4351
2545 1339
2546 4277
2547 4419
2548 354
2550 5019
2551 1754
2552 4857
2553 4054
2554 4420
2560 2105
2562 2403
2563 4843
2565 5228
2567 4394
2568 484
2569 2285
2570 5247
2572 5179
2573 3269
2578 4563
2579 5179
2581 4480
2584 1610
2585 760
2586 4415
2589 2121
2594 4794
2596 1321
2597 5217
2598 98
2600 339
2603 1301
2605 2321
2607 4874
2611 996
2612 76
2613 4344
2614 5094
2615 534
2616 3266
2618 398
2619 4142
2621 4069
2622 5112
2624 5202
2625 2871
2626 4560
2628 4675
2630 237
2631 4849
2632 110
2634 3385
2635 895
2636 4807
2638 6
2639 1327
2641 4135
2642 101
2643 4513
2644 1060
2645 5276
2646 3728
2647 4688
2649 1164
2651 400
2652 3712
2653 4709
2655 4536
2656 4557
2657 391
2660 207
2661 4230
2662 4684
2663 531
2664 4458
2665 3324
2666 4660
2667 1506
2670 2992
2675 4083
2676 3161
2677 1912
2679 1686
2680 27
2681 2885
2682 3152
2683 4643
2684 442
2685 850
2686 54
2687 3713
2688 16
2689 3130
2693 1460
2696 4162
2698 309
2699 4229
2700 1436
2701 4828
2702 5038
2704 5280
2705 78
2706 1778
2707 2803
2709 1870
2712 235
2713 974
2715 4310
2718 417
2719 2499
2720 3462
2721 5156
2722 5283
2723 110
2725 4756
2726 5256
2727 4594
2730 1911
2732 4935
2733 1861
2735 1988
2736 4429
2738 4772
2741 1139
2742 1089
2743 4074
2745 4804
2748 195
2750 731
2751 4801
2752 437
2755 2783
2756 5235
2757 5081
2758 4882
2759 849
2760 3565
2761 4351
2762 1130
2763 496
2764 122
2765 2610
2768 2032
2769 4451
2770 1202
2772 5273
2773 4826
2774 1665
2778 4532
2779 4005
2782 656
2784 4946
2785 411
2786 4708
2787 1694
2788 534
2789 730
2791 1710
2793 4279
2795 4346
2796 5183
2797 3919
2799 4640
2800 3882
2801 3393
2802 2373
2804 1342
2806 5192
2809 241
2811 4278
2814 705
2815 4414
2817 3849
2819 5289
2821 3964
2822 5291
2826 1670
2827 167
2828 3016
2830 1219
2831 2403
2834 5130
2835 4009
2837 343
2838 1905
2842 289
2844 1793
2845 213
2846 4446
2847 3726
2849 220
2851 5283
2853 4363
2854 3603
2857 4386
2859 47
2861 2512
2862 4824
2867 4611
2868 4342
2870 4280
2873 1734
2875 557
2876 4451
2877 4671
2880 1376
2886 4503
2887 4047
2888 4870
2890 4718
2891 287
2892 3011
2894 1600
2895 2144
2896 641
2897 4135
2898 859
2899 506
2900 4060
2901 920
2902 2923
2903 4858
2904 5167
2907 5235
2909 3556
2910 417
2913 3896
2914 225
2915 4857
2920 1810
2924 3878
2926 3525
2929 2146
2931 4773
2932 1803
2934 600
2936 4773
2937 4901
2938 5075
2941 4163
2942 2334
2945 713
2947 4325
2949 257
2950 2115
2951 1813
2952 4743
2955 1720
2957 172
2958 4682
2959 4729
2960 477
2961 5017
2962 185
2963 3866
2965 3998
2966 4109
2968 185
2969 3324
2970 532
2971 4083
2972 24
2974 1821
2975 5237
2976 51
2979 1981
2981 4142
2982 2571
2984 4972
2985 617
2986 1261
2987 4521
2991 2843
2993 4314
2994 1034
2995 745
2996 4510
2998 2131
2999 3114
3000 535
3001 2671
3002 250
3005 2130
3006 3850
3009 3281
3010 4479
3013 4840
3015 5061
3018 4160
3019 4207
3020 846
3023 391
3024 2668
3026 5244
3027 3495
3030 865
3032 4766
3034 4277
3035 4401
3036 1791
3037 2138
3038 3565
3040 1958
3041 920
3042 4980
3044 48
3045 2217
3047 4968
3049 4290
3050 3324
3051 1185
3053 1595
3054 5292
3055 4760
3058 54
3059 2734
3062 541
3065 2921
3067 4557
3069 2232
3071 4708
3073 3217
3074 1339
3075 4191
3077 4051
3078 2771
3079 734
3083 1780
3086 303
3087 5229
3089 1663
3090 4116
3092 4475
3096 248
3097 2144
3098 964
3099 4771
3100 2092
3101 4424
3102 4255
3104 4706
3105 4746
3107 5260
3109 1542
3110 2505
3111 3061
3112 417
3113 5216
3115 4742
3116 1087
3117 4641
3118 2659
3120 4076
3123 1087
3125 101
3126 4650
3127 4287
3131 4309
3133 4083
3137 443
3138 2376
3142 3878
3144 2499
3145 4839
3149 4576
3150 4796
3151 2248
3153 418
3156 230
3160 5314
3163 4843
3165 562
3166 5277
3167 4766
3168 4577
3169 3458
3170 4905
3171 2042
3174 3495
3176 4172
3177 1733
3178 4178
3179 4748
3181 41
3182 692
3184 4305
3185 703
3187 5251
3188 705
3190 4362
3191 5199
3192 509
3195 4005
3196 1096
3197 4255
3200 934
3201 4350
3202 5019
3204 5194
3205 4371
3206 5265
3207 230
3211 3998
3212 5246
3214 691
3215 1753
3216 4732
3218 2355
3219 5156
3220 4615
3221 5275
3225 429
3226 808
3228 4560
3232 887
3233 4334
3234 4699
3235 329
3236 4886
3240 4992
3241 2157
3242 1610
3243 5265
3245 3556
3246 4855
3247 4120
3248 4496
3249 5217
3250 2397
3251 4336
3253 4507
3255 3302
3258 601
3259 935
3260 175
3261 2637
3262 3772
3267 403
3268 1089
3271 337
3272 96
3273 4660
3274 4914
3275 134
3277 2133
3278 5057
3279 1245
3282 2202
3283 4368
3284 2491
3286 4198
3287 4116
3288 3231
3292 806
3293 666
3294 375
3297 124
3298 450
3299 1595
3301 4470
3303 1
3304 5209
3305 4938
3307 4673
3308 5179
3310 2079
3312 1820
3315 2555
3316 4940
3317 3981
3318 631
3320 2396
3322 1350
3323 1608
3325 3646
3327 9
3328 194
3330 1853
3331 4347
3333 2973
3334 244
3335 5012
3336 3367
3337 545
3338 1712
3340 5061
3341 4346
3342 4840
3343 1973
3345 2120
3346 3849
3347 4616
3350 308
3352 5130
3354 2277
3355 3061
3356 4596
3357 692
3359 340
3361 5227
3364 963
3366 1127
3369 3450
3370 537
3371 169
3372 4210
3373 4066
3375 4344
3376 440
3377 2855
3378 5072
3380 4736
3381 2629
3382 5014
3383 4963
3388 4797
3391 1692
3392 4857
3394 2918
3395 340
3396 4234
3397 4150
3399 5183
3400 4548
3401 4575
3403 3977
3405 1389
3406 3841
3407 4535
3408 815
3410 2012
3414 4952
3416 1382
3418 4377
3419 210
3420 4704
3421 1598
3422 636
3423 2992
3424 1870
3425 65
3427 4342
3428 3351
3431 649
3432 117
3438 248
3439 4756
3440 704
3441 608
3443 3691
3447 3772
3449 538
3452 1552
3454 4322
3455 2606
3456 264
3459 3442
3460 2678
3463 1711
3464 4209
3465 3772
3466 557
3468 160
3469 5251
3470 879
3471 628
3473 1891
3476 127
3477 2434
3478 4441
3479 312
3481 1543
3482 4203
3483 4548
3486 4618
3487 4690
3488 119
3489 5260
3490 3641
3492 1052
3493 5212
3494 3963
3496 5282
3499 3697
3500 3252
3501 5246
3505 17
3506 3935
3508 577
3509 5300
3511 4017
3512 1111
3514 4577
3515 1314
3516 5235
3518 4347
3520 4946
3521 1348
3522 4013
3523 903
3526 98
3527 4995
3529 5122
3530 4585
3531 483
3533 1778
3534 3462
3535 2650
3536 3088
3537 4610
3538 601
3539 537
3542 4922
3543 5196
3544 1671
3545 608
3546 2775
3547 5130
3553 1752
3555 675
3557 630
3560 242
3561 2344
3562 2841
3566 175
3567 285
3568 1310
3570 437
3571 2128
3572 4838
3573 5129
3574 1371
3575 5239
3576 5059
3578 4703
3579 4834
3583 2946
3584 5012
3585 4921
3589 811
3590 4862
3593 5263
3594 3911
3596 1557
3597 2042
3599 2137
3601 1729
3602 5175
3605 5249
3607 4911
3608 3788
3609 4488
3610 829
3614 4340
3617 5252
3618 5019
3621 1284
3622 5278
3623 1382
3624 4350
3625 1036
3630 4514
3631 4022
3632 2182
3633 578
3634 497
3636 1244
3637 2990
3638 4782
3639 644
3640 4287
3642 1856
3643 5259
3644 2429
3645 4286
3647 440
3649 4153
3651 5217
3652 4460
3653 4062
3654 1884
3655 4900
3656 5017
3658 5142
3659 4983
3661 4173
3662 4293
3664 3480
3665 4539
3666 3269
3667 4915
3668 524
3669 4149
3670 1981
3671 206
3674 4801
3678 4832
3680 5273
3682 5103
3684 2512
3686 4667
3689 3231
3690 4645
3695 3011
3696 110
3698 853
3699 2129
3701 5
3702 1105
3703 197
3704 3203
3707 2512
3708 591
3709 4968
3714 4611
3715 86
3718 2202
3719 2448
3720 1283
3721 4929
3722 577
3723 4549
3729 4286
3731 919
3732 2111
3733 4953
3734 1527
3736 148
3737 392
3738 2279
3739 737
3740 1188
3741 4400
3742 110
3743 4979
3745 967
3746 3491
3750 919
3751 4280
3752 1662
3753 3899
3758 1754
3760 5018
3762 5227
3763 5164
3765 4476
3766 3706
3767 4215
3768 3349
3769 3974
3771 772
3774 3517
3775 4268
3776 484
3778 4579
3779 4232
3780 579
3781 4665
3783 429
3784 1252
3785 601
3787 1342
3789 4586
3790 1568
3796 901
3797 4789
3798 4459
3800 4844
3801 4057
3802 4940
3803 762
3804 2695
3805 649
3806 4419
3807 3551
3808 537
3809 4249
3810 4813
3811 5017
3814 5250
3815 1600
3818 2511
3819 2402
3820 3384
3821 708
3824 2591
3825 4143
3826 559
3831 1043
3832 4812
3834 2925
3836 3238
3837 370
3844 4845
3846 4126
3847 441
3848 4052
3854 4939
3859 3935
3862 4029
3863 815
3864 318
3867 4445
3868 4864
3869 4873
3872 545
3873 4845
3875 1997
3877 4911
3884 2203
3885 4871
3888 3563
3889 664
3891 3004
3894 1076
3895 2908
3900 591
3901 401
3903 1831
3907 1467
3909 4213
3910 2536
3913 5122
3917 2839
3918 4996
3920 5246
3924 1310
3925 578
3927 799
3929 4894
3931 2654
3932 54
3933 1684
3937 1543
3938 3238
3939 1984
3941 4216
3942 612
3944 3641
3945 54
3946 2728
3947 1722
3950 5130
3951 5005
3952 760
3953 1680
3954 1949
3957 3559
3959 1754
3960 4800
3961 4941
3962 1577
3968 5011
3969 2076
3970 4770
3971 4845
3972 4543
3973 238
3976 4672
3980 1671
3982 4202
3983 639
3984 2252
3985 4538
3986 3080
3987 5136
3989 4210
3990 5247
3991 5142
3996 1692
3997 1492
3999 472
4000 41
4037 2871
4058 1860
4063 4406
4093 499
4194 4220
4226 2564
4251 3365
4258 5075
4259 3029
4269 5061
4272 214
4288 3912
4299 1029
4333 2115
4353 5236
4395 5261
4408 4904
4412 4606
4426 2577
4427 2082
4436 4236
4443 2192
4450 5102
4473 2512
4481 3551
4490 1214
4494 5037
4531 4863
4541 5005
4567 1521
4604 4495
4607 666
4625 3841
4727 1663
4763 771
4775 695
4786 4403
4821 4496
4822 1649
4913 2495
4924 4401
4928 4952
4936 3148
4958 596
4998 5157
5044 3285
5105 1903
5107 4117
5118 4824
5132 64
5137 2020
5146 4479
5155 4723
5160 736
5231 2864
5255 2259
5312 398
5315 4861
5317 3855
5318 4790
5319 2115
5320 5247
5321 1826
5323 4563
5324 755
5327 504
5328 935
5330 1031
5331 2264
5332 4498
5333 1458
5335 4591
5336 639
5337 1740
5338 4870
5341 4796
5342 1562
5343 4780
5345 5130
5346 5135
5347 1076
5348 4506
5350 1245
5352 3828
5353 4794
5354 2591
5355 2226
5356 3374
5357 1448
5358 2794
5359 1951
5360 4482
5361 1224
5362 5264
5363 607
5366 4108
5367 1467
5368 5081
5369 4329
5370 1981
5371 124
5372 4382
5373 2429
5374 3244
5375 607
5376 1872
5379 527
5381 591
5382 4877
5383 4613
5384 4623
5385 443
5386 2144
5388 4750
5389 570
5391 4515
5392 335
5393 1185
5394 4774
5395 2580
5396 1862
5397 1670
5398 1731
5399 3994
5400 3080
5401 2953
5402 4057
5403 4716
5404 1317
5406 4357
5408 3384
5409 255
5410 5274
5412 1598
5413 4402
5414 4668
5415 4407
5416 5047
5417 1283
5418 5025
5419 5116
5420 5290
5421 4013
5422 4825
5424 1371
5425 535
5427 285
5428 373
5$29 1119
5431 307
5432 674
5433 1321
5435 443
5436 346
5437 227
5438 4777
5439 41
5440 273
5441 4159
5442 4534
5443 4040
5445 883
5446 644
5447 5129
5449 4729
5450 1971
5452 267
5453 4003
5454 4859
5456 487
5457 4747
5458 4904
5459 2818
5460 4684
5461 1760
5462 3365
5463 1692
5464 1911
5465 4382
5466 1026
5467 3716
5468 3311
5470 608
5472 938
5473 3563
5474 5104
5475 5222
5476 2375
5477 4912
5478 4445
5479 296
5480 1060
5481 2692
5482 4764
5483 3641
5484 210
5486 727
5487 3833
5489 1271
5490 104
5491 4591
5496 1911
5497 5176
5498 545
5499 4265
5500 1761
5503 4529
5504 3462
5505 5236
5507 241
5508 998
5509 4368
5510 2495
5512 3311
5513 4708
5514 2
5515 4225
5516 4736
5517 1288
5518 393
5519 1001
5520 1694
5521 779
5522 684
5523 1892
5525 5207
5526 3363
5527 2512
5529 883
5530 5025
5532 4984
5534 35
5536 124
5537 2884
5538 2373
5539 3121
5540 2531
5541 4833
5543 4961
5544 1111
5546 2885
5547 2783
5548 1590
5549 737
5550 4586
5551 5210
5552 4123
5553 197
5554 4082
5555 2953
5556 4215
5557 4880
5559 1655
5560 475
5561 4840
5562 4311
5563 960
5564 4405
5565 1753
5566 4331
5568 1245
5569 4530
5570 2020
5571 3694
5572 1182
5576 4561
5577 4312
5578 487
5579 4981
5580 1317
5582 3855
5583 4498
5586 1277
5588 487
5590 3217
5591 4662
5592 13
5593 4914
5594 4152
5595 356
5596 4686
5597 4610
5599 4878
5600 2953
5601 1
5603 966
5604 974
5605 185
5606 3528
5607 4621
5608 4645
5610 1202
5611 4880
5612 5007
5613 2153
5614 162
5615 3281
5616 4677
5618 2340
5619 2803
5620 1399
5621 4228
5622 3577
5624 2355
5625 1356
5626 4852
5627 4040
5628 4455
5629 1610
5630 4836
5631 3348
5632 1082
5633 4699
5634 476
5636 4790
5641 4613
5642 96
5643 3173
5644 1435
5645 1878
5646 4373
5648 1363
5649 4868
5650 4459
5651 2258
5652 3977
5653 5267
5654 4139
5655 4665
5656 631
5657 3890
5658 309
5659 2054
5660 5233
5661 433
5662 402
5664 2144
5665 56
5666 2213
5667 5083
5668 4935
5669 2650
5671 1176
5672 1076
5673 4966
5674 6
5675 4885
5676 2734
5677 2306
5679 872
5680 1070
5681 264
5682 2923
5683 206
5684 318
5685 4767
5686 1023
5687 5230
5689 4911
5690 645
5691 684
5692 5283
5693 4887
5694 88
5695 2373
5696 671
5697 5025
5698 3028
5699 2956
5700 4960
5702 981
5703 4434
5704 402
5705 3060
5707 687
5709 4378
5711 4278
5712 4614
5713 4008
5715 4015
5716 1708
5717 4662
5718 1419
5720 1666
5721 3517
5722 2893
5723 4602
5724 2434
5725 2162
5726 5021
5728 534
5729 975
5731 1568
5733 179
5734 4067
5735 257
5736 1392
5737 238
5738 552
5739 4092
5740 5008
5741 4515
5742 460
5743 4
5744 1891
5746 4345
5747 1261
5749 3402
5750 4156
5752 4210
5753 1442
5757 4704
5758 5012
5759 2277
5760 3587
5761 948
5762 3849
5763 5265
5764 512
5765 5069
5766 4425
5767 5083
5769 4016
5770 2277
5771 509
5772 4197
5773 3213
5774 1891
5775 4882
5777 1584
5778 4596
5779 4214
5780 4747
5781 4891
5782 1620
5783 1703
5784 3057
5785 3270
5786 4414
5788 274
5789 5
5791 5239
5793 1823
5795 3823
5796 1981
5797 826
5798 3203
5799 286
5800 3446
5802 4793
5803 4910
5804 4564
5805 5203
5806 684
5808 2007
5809 1130
5810 2252
5812 440
5813 4762
5814 88
5815 2946
5816 4612
5817 2448
5818 4932
5819 5314
5822 4914
5823 366
5826 1656
5827 2659
5829 4159
5830 4714
5831 2037
5832 4612
5833 2746
5834 2468
5836 4996
5837 4108
5838 1389
5839 3865
5840 4566
5841 3930
5842 1047
5843 1716
5846 4447
5847 2884
5848 4386
5849 3450
5850 3812
5851 4746
5853 4419
5854 241
5855 658
5856 5159
5857 782
5858 2918
5863 4001
5864 994
5865 101
5866 1105
5869 3070
5870 4487
5871 4363
5872 2820
5873 3404
5874 48
5875 3995
5876 4413
5878 1276
5879 2076
5880 5138
5881 364
5882 480
5883 4889
5884 489
5885 1724
5886 4459
5887 318
5888 270
5889 4425
5891 775
5892 4703
5894 4152
5895 4323
5896 2944
5897 4942
5898 1620
5899 445
5900 2840
5901 575
5902 2917
5903 1342
5904 2564
5905 1184
5906 4782
5908 4143
5909 447
5911 1734
5912 4466
5914 4363
5915 3928
5916 1971
5917 4090
5918 4515
5919 1495
5920 4982
5921 450
5923 5122
5924 4917
5925 2512
5926 1071
5927 1013
5928 741
5930 4746
5931 5205
5932 4523
5933 259
5934 4878
5935 1058
5936 4981
5937 4602
5938 4025
5939 5178
5940 346
5941 4278
5943 4707
5944 150
5945 2087
5946 977
5947 2087
5948 4675
5950 2138
5951 4056
5952 3812
5953 2367
5954 1655
5955 2136
5956 1598
5958 4511
5959 4764
5960 4614
5961 691
5962 3472
5963 3853
5965 1148
5966 51
5967 488
5968 1257
5969 4118
5970 3916
5972 966
5975 2668
5976 434
5977 1046
5978 4764
5979 2564
5980 3039
5981 172
5982 539
5983 4648
5984 47
5985 964
5987 1257
5988 1291
5989 1903
5990 178
5991 5161
5992 4743
5993 1467
5995 1611
5996 4563
5997 2708
5998 1399
6000 4336
6002 4378
6003 500
6004 764
6005 878
6006 4812
6007 2130
6008 5028
6009 961
6010 718
6011 4974
6012 483
6013 289
6014 5056
6015 4323
6016 5100
6017 407
6018 4894
6019 1250
6020 4979
6021 5168
6022 5174
6023 4087
6025 5156
6026 289
6027 4942
6030 4755
6032 4504
6033 39
6034 4008
6036 4557
6037 4363
6041 4354
6042 4563
6044 4045
6046 1210
6047 1602
6048 4401
6049 4708
6051 1458
6053 1602
6054 4085
6056 232
6057 769
6058 4645
6059 440
6060 4329
6061 4829
6062 4513
6063 4421
6064 1350
6065 80
6068 1831
6069 4659
6070 353
6072 1179
6073 3851
6075 2973
6076 4271
6078 27
6079 5208
6080 1584
6081 3858
6082 3764
6083 4704
6084 4338
6085 4963
6086 4804
6087 3866
6088 2692
6089 2871
6090 512
6091 1717
6092 261
6093 4966
6094 220
6095 3014
6096 4530
6097 1876
6098 1070
6100 3057
6101 1844
6102 1371
6103 374
6104 4616
6105 2776
6106 998
6107 5007
6108 3948
6109 1039
6110 1734
6111 3916
6112 2443
6113 267
6114 493
6116 4414
6117 1183
6118 640
6121 392
6122 5314
6123 4205
6124 2692
6126 742
6127 1903
6128 4445
6129 4769
6130 2192
6131 107
6132 1432
6133 220
6134 4345
6135 3697
6136 4747
6137 4699
6138 1215
6139 4511
6140 4655
6141 2917
6142 4064
6143 4602
6144 538
6145 4680
6147 4977
6150 4535
6151 602
6152 2810
6153 3224
6156 4111
6159 1791
6160 4253
6162 1244
6163 1649
6164 4174
6165 4790
6167 2794
6168 5240
6170 4618
6171 5271
6173 4474
6174 3209
6175 4911
6176 894
6178 303
6179 611
6180 3870
6181 3694
6182 4047
6184 1333
6185 3385
6186 4922
6187 429
6189 5140
6190 2591
6191 4425
6192 4396
6193 4914
6195 742
6200 5281
6201 4009
6203 2988
6204 223
6205 3912
6206 1329
6209 4292
6210 880
6212 2559
6213 2396
6214 4777
6215 3270
6216 1057
6217 2807
6218 2771
6221 4862
6222 934
6223 524
6225 4041
6227 2054
6228 5103
6229 481
6230 5059
6233 4424
6234 4168
6235 4690
6236 3295
6237 736
6239 108
6241 4452
6242 4464
6243 3795
6245 205
6247 4105
6248 5150
6249 3974
6250 318
6251 5019
6252 4277
6253 4907
6256 4407
6258 489
6260 308
6261 1599
6262 1892
6264 2855
6265 319
6266 931
6267 695
6268 4445
6269 1058
6270 5298
6271 1316
6272 4271
6274 1656
6275 742
6276 1231
6277 4996
6278 2571
6279 4432
6280 2833
6281 1258
6283 1382
6284 2251
6285 4051
6288 4455
6290 2674
6291 2403
6292 2917
6293 3823
6298 3474
6302 5142
6303 2884
6304 768
6305 4029
6306 889
6307 4428
6308 1921
6309 4174
6310 4277
6311 5062
6313 308
6314 692
6315 2692
6316 3124
6317 3154
6320 1912
6321 4189
6323 3812
6325 960
6326 2564
6327 4544
6328 5129
6330 1951
6331 1703
6332 4800
6335 3919
6336 4087
6337 4311
6338 1672
6341 3349
6343 4665
6344 920
6345 16
6346 2136
6347 4506
6348 1884
6349 48
6350 966
6351 1656
6352 167
6353 601
6354 5056
6355 5062
6356 4523
6358 2373
6359 18
6360 4186
6361 547
6362 632
6363 22
6364 1250
6365 4769
6366 3513
6367 5007
6368 98
6369 3254
6370 4659
6371 4820
6374 2488
6375 4967
6376 1951
6377 150
6378 407
6379 4583
6380 5304
6381 2275
6382 4312
6383 1029
6384 1283
6385 5039
6386 1258
6389 4710
6390 2240
6391 343
6392 5057
6395 1729
6396 578
6398 3717
6401 4994
6403 893
6404 2833
6405 3448
6407 4170
6408 40
6411 3324
6412 1884
6414 2771
6415 678
6417 964
6418 1600
6419 4641
6421 1052
6422 3046
6423 3966
6424 4217
6428 4114
6429 3879
6430 4025
6431 72
6432 2744
6434 59
6435 3227
6436 3450
6437 1997
6438 4654
6440 1621
6441 1761
6443 3692
6444 4457
6445 2367
6447 4284
6448 4798
6449 5047
6450 4538
6452 1219
6453 1753
6454 4984
6455 4676
6456 4385
6457 4434
6458 5081
6459 4843
6460 4209
6463 4643
6464 2119
6465 4394
6466 2878
6469 1856
6470 5168
6472 1793
6473 1042
6475 5229
6476 600
6477 4996
6478 1869
6479 3004
6480 3756
6481 189
6482 4794
6483 571
6484 4010
6485 4214
6486 4287
6487 1478
6488 591
6489 2918
6490 5192
6491 1490
6492 4281
6495 1905
6496 1981
6497 367
6499 104
6500 3480
6503 859
6504 721
6505 1891
6506 123
6507 4606
6508 4280
6509 4587
6510 378
6511 5108
6512 4792
6513 918
6514 1173
6515 4201
6517 1694
6518 5208
6520 4843
6521 3979
6522 2353
6524 3935
6527 1224
6528 371
6529 1367
6530 4475
6531 189
6533 4682
6534 5259
6535 3039
6536 4870
6537 196
6539 4497
6543 257
6544 4070
6545 535
6546 4079
6548 831
6549 3134
6550 5028
6551 5291
6552 969
6554 60
6555 815
6556 1443
6558 31
6559 1785
6560 2717
6561 524
6562 4019
6563 4503
6564 4959
6565 5038
6566 1535
6567 207
6569 5012
6570 2130
6571 1602
6572 5100
6573 417
6574 536
6575 4459
6577 5011
6579 4716
6581 1646
6582 4163
6583 5133
6586 4421
6587 3004
6588 4985
6589 4650
6590 311
6592 3046
6593 1139
6595 4568
6596 5154
6597 1376
6599 3088
6600 4580
6601 5217
6602 1215
6603 4709
6604 527
6605 1892
6606 961
6607 5061
6608 1316
6609 660
6612 562
6613 4056
6614 4675
6615 4588
6616 630
6618 3070
6619 4432
6620 4622
6622 4348
6623 1891
6624 4257
6626 4458
6628 2129
6629 1920
6630 1386
6631 1506
6632 1988
6634 1734
6636 1601
6637 1367
6638 675
6639 2848
6640 1399
6642 3899
6643 2493
6644 1806
6645 531
6646 1399
6648 1367
6649 859
6650 4551
6652 4704
6653 2202
6654 1531
6656 806
6657 2443
6658 3866
6660 4860
6661 231
6662 865
6663 4239
6664 4765
6665 4572
6666 4025
6668 5047
6669 4305
6670 4606
6671 925
6672 768
6673 1682
6674 948
6675 4507
6676 3231
6677 2202
6679 4306
6680 549
6681 736
6682 1314
6683 175
6684 68
6685 4148
6686 2517
6688 4675
6689 2964
6690 4292
6691 2429
6692 1076
6694 4925
6695 3386
6696 4015
6697 4667
6698 3587
6700 4790
6701 4425
6703 796
6704 484
6705 330
6706 3135
6707 1235
6708 3782
6709 4637
6710 4871
6712 475
6714 4532
6715 3650
6716 2593
6717 4437
6718 4369
6719 5225
6720 4169
6722 631
6723 4573
6724 4097
6726 3472
6727 954
6728 4659
6729 2678
6730 4953
6731 1911
6732 3855
6733 588
6734 1271
6735 350
6736 4652
6737 1471
6738 1971
6739 4345
6740 3264
6741 4963
6742 4526
6743 4359
6744 1717
6746 5104
6747 4636
6748 4544
6749 967
6751 4168
6752 537
6753 2265
6754 1375
6755 760
6756 4217
6757 1952
6759 2526
6760 4276
6761 3882
6762 974
6764 1182
6765 1884
6766 1543
6767 4693
6768 136
6769 4579
6770 4794
6771 3646
6772 2933
6773 670
6774 1979
6775 164
6776 2928
6777 371
6778 72
6779 3217
6780 2629
6781 1214
6782 3948
6783 5309
6784 4690
6785 581
6786 1245
6787 5004
6788 4416
6789 4917
6790 4324
6791 1975
6792 4142
6793 445
6794 3130
6795 4083
6796 769
6800 4250
6801 1596
6802 2944
6804 3928
6805 3072
6806 1202
6807 3565
6808 695
6809 4440
6811 5043
6812 4631
6813 3591
6814 4523
6815 1014
6816 2252
6817 1004
6818 1720
6820 912
6821 1975
6822 1764
6823 3281
6826 1949
6827 4328
6828 5091
6831 4281
6832 398
6834 3497
6835 4861
6836 2564
6838 4548
6839 4075
6840 5064
6841 518
6842 5286
6843 3681
6845 4014
6846 4951
6847 1543
6848 5041
6850 4693
6851 4497
6852 4974
6853 4498
6854 5000
6855 3436
6856 4610
6858 4164
6859 1800
6861 3565
6862 4655
6863 655
6865 4151
6866 895
6867 5173
6869 4819
6870 88
6871 1074
6873 5186
6874 346
6876 71
6879 4722
6881 4130
6882 127
6884 2536
6889 2916
6890 646
6891 2162
6892 1621
6893 3988
6894 3217
6895 4206
6901 3813
6902 2590
6903 68
6905 4814
6906 214
6907 2131
6909 5245
6910 4538
6911 4886
6912 3390
6913 3231
6914 1912
6915 4563
6916 4978
6917 4379
6918 2249
6919 4980
6920 3813
6922 4572
6924 44
6925 84
6926 3905
6927 412
6928 2434
6929 912
6930 4022
6932 124
6934 144
6935 4952
6936 4197
6938 4319
6941 4222
6942 1959
6944 4028
6945 4901
6946 5092
6947 4382
6949 4050
6950 4628
6951 4379
6953 4870
6954 2093
6956 5145
6958 2252
6961 4942
6962 3390
6964 741
6965 2137
6966 2336
6967 1271
6968 289
6969 4554
6970 3119
6972 2032
6973 3706
6974 4960
6975 4306
6979 1863
6981 3450
6982 4252
6983 1711
6984 655
6985 1148
6987 4331
6988 4788
6990 3650
6991 3963
6995 4556
6999 5270
7002 4255
7004 3198
7005 4894
7006 4474
7008 4960
7009 1306
7010 4506
7012 4159
7013 2129
7014 3052
7015 2
7016 2505
7017 2447
7019 2136
7020 4577
7021 4869
7022 4344
7023 4409
7025 3988
7026 2557
7027 1729
7028 2728
7029 5111
7030 3462
7032 1760
7033 975
7034 4790
7035 3794
7036 1813
7037 5283
7038 373
7039 5278
7040 5225
7041 4234
7042 4092
7043 4480
7044 3912
7047 4414
7048 4201
7049 4273
7050 4423
7051 417
7052 494
7055 2840
7056 535
7058 3788
7059 5124
7060 5144
7062 4725
7063 639
7064 662
7066 86
7067 2198
7068 2536
7069 2833
7070 1854
7071 5129
7072 3057
7073 640
7074 93
7076 950
7077 3437
7078 1349
7079 96
7080 449
7081 3692
7083 4864
7084 4391
7085 4335
7087 2376
7088 4783
7089 4087
7090 4510
7091 2884
7092 5179
7093 5151
7094 1389
7095 4807
7097 4830
7098 4559
7099 4371
7100 462
7101 4560
7102 4410
7104 318
7105 3295
7106 4252
7107 4692
7109 921
7110 3782
7111 4372
7112 1364
7113 4921
7114 1531
7115 5242
7116 2917
7117 5256
7118 2695
7119 4784
7122 4087
7125 3497
7126 4471
7127 4672
7128 4006
7129 537
7130 734
7131 962
7132 2839
7134 3757
7135 5203
7137 4280
7138 2444
7140 2281
7142 541
7143 3264
7144 4396
7145 2825
7146 400
7148 2031
7149 1975
7150 4946
7152 741
7154 3681
7155 4766
7156 2092
7158 3878
7159 3504
7160 1547
7161 2495
7162 4340
7164 925
7166 4120
7167 296
7168 4813
7169 823
7172 1087
7173 1443
7174 4518
7175 880
7176 1535
7177 1215
7178 1327
7180 5188
7181 3146
7183 284
7184 422
7185 2654
7186 3031
7188 3217
7189 4444
7190 255
7192 4049
7195 4910
7196 5277
7197 4585
7198 764
7199 5176
7200 4024
7201 4659
7202 1862
7203 4672
7205 4526
7206 4962
7207 1973
7208 146
7209 1136
7210 4629
7211 2196
7212 3893
7213 2157
7214 4052
7215 3175
7216 3060
7218 47
7221 3612
7222 353
7223 373
7224 5168
7226 79
7227 4415
7228 205
7230 4719
7231 4305
7232 4029
7234 670
7235 1889
7239 5104
7240 3467
7244 1655
7245 2119
7248 1008
7249 1008
7250 323
7251 4306
7254 3043
7256 4849
7258 826
7259 2783
7260 952
7261 4394
7262 3691
7264 329
7266 4415
7268 2840
7269 2953
7271 4397
7273 73
7276 2192
7277 2866
7278 3016
7279 1729
7280 5032
7281 4447
7283 4866
7285 4753
7288 2833
7289 4644
7295 1215
7296 1490
7297 5233
7298 4045
7300 312
7302 1823
7304 4675
7305 3175
7306 4636
7308 1356
7310 3402
7311 2990
7312 2731
7314 785
7315 4549
7316 1148
7317 3890
7318 846
7319 3871
7320 4337
7321 4562
7323 2990
7324 5309
7325 4235
7326 165
7327 2258
7328 1853
7329 3591
7330 2225
7331 4585
7332 5106
7333 3866
7335 5238
7336 4293
7337 3646
7339 773
7341 4514
7342 4582
7343 5297
7344 2637
7345 1042
7347 4705
7348 4676
7349 4814
7350 4552
7351 190
7355 5278
7356 238
7357 65
7358 3290
7359 5092
7360 4945
7361 4053
7362 5182
7363 1171
7365 2216
7367 323
7368 144
7369 1798
7370 83
7371 3453
7372 4633
7373 3757
7375 183
7377 2918
7378 4510
7379 659
7381 3180
7382 5169
7383 4249
7384 5032
7387 815
7389 400
7390 2131
7391 4094
7392 4090
7393 4690
7395 4654
7396 524
7397 4765
7399 5257
7400 2137
7403 4642
7404 1829
7405 4123
7407 725
7408 963
7409 4466
7410 3764
7411 3229
7412 2451
7415 741
7416 4591
7418 1
7420 5287
7421 4201
7422 2285
7425 573
7426 4605
7427 3692
7429 4804
7430 4142
7431 5079
7432 4871
7433 975
7434 4409
7436 1220
7437 4799
7439 1342
7441 4706
7442 2251
7443 3866
7445 3966
7447 2776
7448 4719
7450 2111
7451 1189
7452 674
7453 4143
7454 2446
7456 4185
7457 12
7458 5227
7460 4635
7461 113
7462 3497
7464 4663
7465 389
7466 5311
7470 3611
7472 4417
7473 5041
7474 3697
7475 4287
7476 64
7478 4227
7479 3685
7480 136
7481 1164
7483 4407
7486 5049
7487 1031
7488 4688
7490 4952
7491 4856
7492 5252
7494 4123
7498 1889
7500 4675
7501 5021
7502 5260
7503 4476
7504 3411
7505 687
7506 1333
7507 4248
7508 4736
7509 497
7510 218
7511 4447
7512 247
7517 1164
7518 4013
7519 5059
7520 4817
7522 3039
7524 261
7525 755
7526 5264
7527 5052
7528 4864
7530 1778
7531 2566
7533 4201
7534 4714
7535 5007
7536 3390
7537 4997
7538 4016
7539 4738
7540 4474
7541 4665
7544 3484
7545 1244
7546 2287
7547 4546
7548 534
7549 537
7550 24
7556 4817
7557 5080
7558 4995
7559 4478
7560 4090
7561 4067
7563 500
7564 4900
7567 1952
7568 541
7570 4632
7571 4739
7573 5252
7574 4379
7575 1076
7576 4729
7577 2917
7578 573
7579 3915
7581 2375
7583 3712
7584 4659
7585 303
7586 183
7587 3915
7588 1889
7590 2893
7591 1250
7592 846
7593 3935
7598 1716
7599 4736
7600 4467
7602 2623
7603 2590
7604 308
7605 3930
7606 1183
7607 5120
7608 4753
7609 422
7610 2587
7611 4681
7612 4255
7613 4530
7615 359
7616 4666
7618 4070
7619 388
7620 250
7621 1071
7622 413
7623 1189
7624 4231
7625 4562
7626 2836
7627 2192
7628 2153
7631 4055
7633 5301
7634 3591
7635 488
7636 1647
7637 2590
7638 4931
7640 788
7641 4551
7642 3458
7643 4147
7644 5157
7645 4554
7647 13
7649 1760
7650 2863
7652 865
7653 1670
7654 2230
7656 3384
7657 3563
7658 1920
7659 4417
7660 17
7661 4576
7662 3716
7663 704
7664 96
7665 749
7666 3792
7667 4729
7668 285
7669 2336
7670 5063
7671 3503
7672 5163
7675 2078
7676 1595
7677 1181
7678 2923
7680 4529
7681 4364
7682 78
7686 2839
7688 3244
7689 3108
7690 1136
7692 2279
7693 1399
7694 5208
7695 2434
7696 2580
7698 4066
7700 4275
7701 2833
7702 1696
7704 5124
7705 4045
7707 4512
7709 2776
7710 4634
7712 2162
7713 498
7714 218
7715 1535
7716 3513
7717 2526
7718 5251
7721 65
7722 4532
7723 4709
7724 532
7725 5111
7727 2526
7728 1
7729 3528
7730 39
7731 2956
7732 4639
7736 2820
7737 4441
7738 921
7740 4848
7741 4886
7742 4285
7743 557
7744 4074
7746 156
7747 4295
7750 631
7752 4053
7753 221
7756 2771
7757 4312
7759 4881
7761 401
7764 3788
7766 4060
7767 4799
7768 5167
7769 4632
7771 1283
7772 4911
7773 4642
7774 171
7776 4596
7778 2252
7780 271
7782 4880
7783 1856
7784 1101
7786 1078
7788 1287
7789 4599
7790 762
7792 4305
7793 1164
7795 4844
7796 1666
7798 536
7799 3833
7800 2000
7806 2355
7808 5014
7810 477
7811 660
7813 1975
7814 4979
7815 1047
7816 509
7817 4066
7818 3474
7819 2448
7821 4780
7822 198
7823 865
7824 4321
7825 1586
7826 5012
7827 4263
7828 2174
7829 2252
7830 4612
7832 4012
7835 2092
7837 1602
7841 4668
7842 1127
7843 4658
7845 3387
7846 3528
7848 4809
7849 4261
7850 1779
7851 4331
7852 4700
7853 4351
7854 347
7855 4315
7856 3823
7859 2512
7861 4947
7862 1181
7863 4150
7864 2049
7867 44
7868 4503
7869 4304
7870 487
7872 5014
7873 1940
7874 4158
7876 1800
7878 2037
7879 1
7880 5252
7881 53
7882 5130
7884 961
7886 2115
7887 4198
7888 880
7891 1202
7892 5076
7894 1568
7895 4820
7897 4092
7898 2650
7899 216
7901 4650
7903 1590
7905 1568
7908 148
7909 1355
7910 2350
7911 233
7913 829
7914 4772
7915 820
7916 4384
7917 4151
7918 1595
7919 5041
7920 4097
7921 1305
7922 354
7923 2526
7924 1087
7925 994
7926 1584
7927 2627
7929 1218
7930 53
7931 1649
7932 4945
7933 2781
7934 342
7935 3266
7937 493
7939 4634
7941 255
7942 1127
7943 3404
7944 1703
7946 4557
7947 2434
7950 4788
7953 5151
7954 4386
7955 2240
7956 3269
7957 861
7958 2287
7959 890
7961 1052
7962 645
7963 4176
7966 1752
7967 210
7969 863
7970 4758
7971 573
7973 1014
7975 4146
7976 1802
7977 938
7978 4339
7979 2397
7980 5108
7983 4425
7984 4725
7986 4391
7989 3227
7990 731
7991 5183
7993 2387
7994 4073
7995 4117
7996 3141
7998 2203
7999 4253
8000 4084
8001 4030
8002 1970
8003 2978
8004 318
8005 3224
8006 1044
8007 5029
8008 3598
8011 114
8012 1283
8013 4137
8014 4324
8016 2555
8018 4138
8020 270
8022 2158
8023 4520
8024 4835
8025 4112
8026 5268
8027 4416
8028 68
8029 5014
8030 4582
8032 2000
8034 1490
8035 4660
8036 1046
8038 4092
8039 1806
8040 4698
8041 4862
8042 4530
8044 3613
8045 4815
8047 227
8048 815
8049 898
8050 4146
8051 4939
8052 5149
8053 2115
8055 1068
8057 3606
8058 3402
8059 2576
8061 1169
8062 4347
8063 4674
8064 4301
8065 4036
8066 4070
8067 3081
8068 4315
8069 4529
8070 1670
8071 4984
8074 5268
8075 150
8076 4613
8077 1696
8079 2818
8080 1806
8081 1717
8082 2944
8083 477
8084 2591
8085 725
8086 1662
8087 150
8090 1542
8092 1364
8094 1696
8096 4623
8097 4666
8099 4784
8101 4207
8102 2591
8103 994
8104 3551
8105 4142
8109 1375
8111 151
8112 119
8116 1949
8118 518
8119 741
8120 2341
8122 5156
8123 5207
8127 2946
8128 5106
8130 3513
8132 4546
8133 898
8135 3046
8136 2776
8137 2000
8140 410
8142 4870
8143 2946
8144 602
8145 4092
8146 64
8147 181
8148 760
8149 2032
8150 1148
8152 5193
8153 5052
8154 2668
8155 2885
8156 1692
8157 199
8159 2943
8160 5116
8163 1591
8164 5280
8166 1086
8167 373
8168 296
8170 3108
8171 401
8172 3886
8173 769
8174 350
8175 4657
8177 4286
8178 878
8179 3238
8182 2781
8184 2397
8186 3213
8187 3755
8188 2198
8189 2446
8190 4065
8191 378
