5642 391
5588 317
1209 121
6034 350
6266 313
3281 601
5621 736
6023 348
5548 163
5514 862
4176 336
5781 472
1353 528
216 161
5982 153
5682 456
5685 58
5662 56
4660 628
5472 38
5967 507
5375 33
8192 5330
8193 5849
8194 3453
8196 6076
8197 2573
8198 950
8199 6065
8200 72
8202 5206
11 5925
8203 5490
8204 349
14 6142
15 5798
8205 2948
8206 6012
8209 67
19 402
8210 2731
21 5231
8211 3871
23 4226
8212 557
8213 3751
26 1148
8214 150
28 2899
29 4814
8215 1024
31 5318
8216 1030
8217 1531
34 3495
35 310
8219 4075
37 449
38 5381
8222 1131
8225 3085
41 5414
8226 5188
55 5671
57 5747
58 1169
59 522
64 5498
69 5527
73 5703
74 2022
77 2873
81 124
83 5909
85 4710
90 5393
91 1119
92 977
96 5897
97 5500
99 5210
100 1591
102 1443
103 6037
105 780
106 3565
110 501
111 5554
112 2206
113 1816
115 5742
120 2443
126 5770
128 3
129 925
133 5534
135 5679
136 5664
137 5039
138 184
139 1778
140 198
141 615
145 5875
149 2065
152 5681
153 2821
154 2319
155 5874
165 4487
166 6283
170 2185
173 5796
175 5361
177 3723
180 2022
183 2305
186 6150
188 488
189 6079
191 101
192 6291
194 3039
200 1861
201 2528
202 3731
203 5934
204 1436
206 5477
207 5797
213 6298
217 6085
219 2812
222 5864
223 2553
228 5847
229 2436
234 5461
238 4217
240 5582
241 284
243 3418
244 5366
246 5328
247 584
251 2807
253 6057
254 4248
256 5478
257 6212
258 5956
260 5467
263 3579
265 6152
266 3088
272 2812
273 674
276 2566
279 435
280 5761
282 3551
283 6073
287 5643
288 2881
290 5871
293 6090
295 310
296 5612
297 2353
299 233
300 1599
301 3646
309 3404
313 5668
314 5808
315 294
320 6162
322 1878
323 3778
324 232
325 1818
326 1694
329 5179
330 5938
332 1206
336 5361
338 1511
341 2396
345 979
350 6271
351 5412
352 5920
354 3204
355 208
357 2775
358 4292
359 71
360 6185
361 6095
368 5345
369 5283
370 514
372 3701
376 5265
377 750
378 1710
380 1591
381 3031
383 5984
385 2022
386 3650
8218 5699
389 1089
390 3851
392 195
394 2134
395 6126
396 608
8220 509
399 2194
8221 2436
405 319
406 179
407 5762
408 5977
412 974
415 3612
416 5736
419 5578
424 193
426 124
427 2898
432 209
434 5619
438 5905
444 2375
446 660
448 4603
450 501
453 2559
454 5721
455 5654
458 997
459 75
460 6180
461 4060
463 3581
464 5683
467 79
469 658
470 5772
478 2572
479 5829
486 5715
489 274
490 5816
491 826
495 699
496 4012
500 6026
505 3237
507 1795
511 2378
515 6069
520 5398
521 4252
527 5610
528 3302
529 1488
530 2434
531 963
536 4753
540 3857
541 347
542 482
543 1892
544 4739
545 47
546 3965
548 4401
549 3706
551 2177
553 721
554 1205
556 751
560 4517
562 3659
563 5726
564 4504
566 3168
567 5559
568 4982
569 3551
572 67
575 1317
576 5522
580 1119
582 5631
583 5731
585 1478
586 1861
587 6153
588 1060
589 5936
590 6190
592 5229
597 5783
598 5682
599 5699
602 6156
603 365
605 6006
607 644
610 2144
614 4019
617 6283
618 1943
619 84
620 1493
621 5777
626 6178
628 4343
629 151
633 6248
634 5311
637 6236
638 998
642 4753
647 403
648 151
650 10
652 2713
653 261
654 921
657 6032
661 211
662 2810
663 645
665 5795
667 3393
668 1818
669 2559
672 3921
673 13
676 3383
677 1109
679 5818
680 1338
683 1452
685 1709
686 2671
688 3652
690 609
692 1364
693 5842
694 5785
695 51
698 421
700 967
701 5757
702 5983
705 5083
707 2878
709 1547
710 5330
711 3203
712 1287
714 46
715 2403
720 780
722 5690
723 5415
724 3327
726 537
727 2488
729 371
732 859
733 125
734 49
735 5312
742 5931
743 4060
744 509
746 80
747 1160
748 5944
749 3723
753 1951
754 5500
755 123
757 492
758 6200
759 5656
760 5970
763 5781
767 5765
770 5286
771 5763
773 1350
775 1925
776 3351
781 5990
785 6122
786 1031
787 5950
788 1854
789 5618
790 271
792 3650
793 5576
794 3712
795 3497
796 4304
797 1668
798 2863
800 6245
801 292
803 6
806 4530
807 4428
808 6098
810 1970
811 512
812 250
814 5643
816 5786
817 3141
818 1030
820 6170
821 612
822 2812
824 5966
830 2247
831 5607
833 977
834 5770
835 10
836 168
837 4947
838 185
840 2988
841 6143
843 1283
844 5871
845 95
846 1068
848 5818
851 4390
852 261
854 218
855 1816
856 956
858 5372
860 1968
868 6121
873 1820
876 5729
878 3351
881 2946
882 636
883 2925
888 934
891 492
893 1299
897 235
898 4060
901 4753
902 6006
903 2279
905 4742
906 318
908 5955
909 1436
910 802
911 2512
913 4947
915 5695
916 5028
922 5491
923 3911
924 1471
926 5353
927 1305
928 2271
930 3049
933 3812
936 1071
937 1071
939 5321
940 979
941 3612
942 4753
943 2608
944 169
945 5601
947 5540
949 2864
952 499
953 533
955 2356
957 5569
958 3501
960 5805
961 5693
962 5020
965 1329
968 2610
971 1568
972 1818
976 451
978 3138
980 3311
982 5468
984 391
986 1211
988 5883
989 2899
991 5354
992 2289
993 3778
995 5709
999 6032
1000 4786
1002 5382
1003 5491
1004 6143
1008 221
1013 1023
1015 5333
1016 1531
1017 2206
1018 1353
1020 5645
1021 6102
1025 847
1026 4015
1027 6264
1032 717
1035 6078
1037 1813
1038 5551
1039 4660
1041 5435
1043 3851
1045 3942
1048 1130
1050 498
1051 193
1053 5286
1054 116
1055 2590
1056 1686
1057 2590
1061 4742
1062 5846
1064 1968
1065 907
1067 5500
1070 2923
1072 2230
1073 4112
1077 1810
1080 641
1081 5544
1083 6101
1084 1086
1088 442
1090 1670
1091 5685
1092 5537
1093 5921
1094 5415
1095 6095
1096 1743
1098 6013
1099 5934
1102 5896
1104 5729
1107 5643
1108 65
1110 3812
1111 2306
1113 4952
1115 10
1116 353
1118 6222
1120 850
1121 6178
1122 5262
1123 6022
1125 2626
1126 4813
1129 3208
1132 4325
1133 3208
1134 5347
1135 3890
1136 2397
1137 3812
1138 5381
1141 156
1142 6210
1143 850
1144 741
1145 39
1146 5437
1147 76
1149 2065
1150 5507
1151 4532
1153 780
1154 6104
1155 3497
1156 6095
1157 725
1159 1188
1161 4052
1162 5753
1166 6175
1167 5550
1168 5460
1170 3879
1171 5590
1172 5610
1173 558
1174 6032
1175 2185
1176 682
1177 333
1180 5970
1181 5817
1184 2172
1186 5718
1190 5936
1192 2697
1193 3085
1194 187
1195 3491
1198 6251
1199 611
1200 1268
1201 5817
1204 5626
1207 1261
1210 6019
1213 5315
1214 319
1215 404
1220 5889
1222 6151
1223 623
1225 2803
1226 6206
1227 5774
1228 3506
1229 501
1230 2660
1232 2731
1234 5864
1235 5539
1236 215
1238 5483
1239 5590
1240 5577
1241 6247
1243 4534
1246 5435
1247 5827
1248 2576
1249 6083
1253 1547
1255 5956
1256 1319
1260 4887
1262 3723
1263 117
1264 2110
1265 475
1266 5205
1267 1883
1271 3701
1272 116
1273 764
1274 5468
1275 5559
1277 847
1278 2848
1280 235
1281 232
1282 2925
1289 5357
1291 5981
1298 5491
1301 506
1302 5805
1304 5401
1307 1717
1308 3194
1309 5450
1310 994
1311 5291
1312 5827
1315 5895
1320 6267
1323 193
1327 5808
1331 3281
1332 6137
1335 5813
1336 3921
1337 573
1340 5358
1342 6141
1347 1031
1348 1591
1351 6082
1354 5398
1356 6163
1357 2274
1358 4895
1360 5760
1368 6315
1370 5803
1372 78
1374 5822
1375 5498
1378 1022
1379 578
1380 5709
1382 1452
1383 604
1384 1023
1385 5908
1387 3385
1388 1364
1391 5457
1393 6102
1394 5513
1395 5849
1399 5884
1401 5431
1403 1339
1406 5883
1407 6092
1409 2826
1413 1521
1414 1288
1415 804
1416 4292
1417 3751
1418 6302
1419 6087
1420 61
1423 1478
1424 996
1425 5961
1426 1611
1427 2731
1428 3911
1433 6103
1437 674
1438 6087
1439 871
1440 5418
1441 5429
1445 2898
1446 379
1447 5721
1450 5810
1453 3483
1455 6210
1456 6213
1457 2907
1458 5624
1459 996
1460 156
1461 5752
1463 6298
1464 4887
1465 6078
1466 2247
1467 17
1468 4549
1470 6256
1472 6241
1473 3741
1474 373
1475 2239
1477 5723
1479 632
1480 2248
1481 72
1484 716
1485 6271
1486 5822
1487 2946
1489 227
1490 6069
1491 5402
1494 3189
1495 517
1496 5167
1497 384
1498 5103
1500 6142
1504 6127
1505 430
1507 5669
1508 885
1509 6011
1510 1140
1512 5512
1513 1594
1514 1333
1515 1183
1516 819
1518 867
1519 6064
1520 5675
1522 713
1527 1324
1528 5132
1530 5618
1533 5791
1535 5746
1538 604
1539 5355
1540 5324
1542 5642
1544 784
1545 2775
1546 5707
1549 832
1550 5879
1551 5465
1555 644
1559 40
1560 318
1561 4018
1563 1806
1564 6068
1565 5562
1566 6062
1567 4354
1571 4804
1572 1906
1573 3046
1574 4710
1576 5737
1577 1187
1581 6054
1583 900
1584 2553
1585 3404
1587 5499
1588 5970
1589 994
1592 1152
1593 1554
1595 5779
1598 2650
1602 447
1604 1189
1605 5686
1606 124
1609 624
1612 6163
1614 5713
1615 134
1617 5979
1618 977
1619 5103
1620 5791
1622 2933
1623 1863
1624 2599
1625 1828
1628 1261
1630 6167
1631 6114
1632 5620
1633 1802
1634 5740
1636 3677
1637 33
1640 1221
1641 3649
1643 872
1644 6265
1645 2944
1646 5743
1648 169
1649 3911
1650 62
1656 6275
1658 6121
1659 6124
1660 5977
1661 1362
1662 5620
1664 6022
1667 1435
1669 1810
1672 2697
1673 2921
1675 5630
1676 4515
1679 5508
1681 5683
1682 948
1683 2590
1685 3275
1687 6279
1689 2274
1690 1697
1691 6153
1693 925
1695 5972
1698 609
1699 2599
1700 1339
1701 950
1704 5571
1706 938
1708 1772
1711 2623
1712 6037
1714 5895
1715 2346
1716 5916
1718 5788
1720 1785
1727 872
1728 1288
1730 365
1731 802
1732 5659
1734 3173
1735 5851
1736 5497
1737 983
1738 3811
1739 4647
1741 4164
1742 384
1744 289
1745 5347
1746 574
1747 5543
1748 3532
1749 5341
1750 3592
1751 6213
1752 1124
1753 2182
1755 5846
1756 5982
1757 5467
1758 420
1759 6277
1761 2566
1762 5336
1764 4739
1765 5978
1767 4845
1769 5940
1770 5509
1771 5515
1773 5386
1776 6107
1777 5979
1782 46
1784 1319
1786 4845
1788 1642
1789 270
1790 2731
1792 2725
1793 5525
1794 349
1797 4382
1798 5258
1799 6122
1801 2240
1805 5554
1807 5541
1808 1449
1809 5856
1812 731
1815 5815
1817 267
1822 2726
1823 5616
1824 5498
1825 306
1829 2936
1830 118
1832 3
1833 116
1834 6298
1836 3762
1837 2022
1839 4213
1840 3637
1842 804
1843 5940
1844 5529
1845 1325
1846 1432
1847 3969
1848 1668
1849 5685
1851 5330
1852 750
1858 456
1859 6168
1862 3723
1864 1114
1865 4428
1867 1766
1868 4019
1869 3324
1871 1760
1872 741
1875 5726
1876 5717
1880 12
1884 6186
1886 5563
1887 3474
1888 2878
1889 131
1890 890
1894 1600
1895 4096
1897 5445
1899 5525
1900 2441
1901 3124
1902 1607
1904 1709
1907 2042
1908 921
1911 559
1913 2022
1917 5541
1919 5566
1921 1221
1922 1586
1923 5566
1924 6275
1926 5782
1928 3785
1929 2003
1930 4710
1931 3882
1932 321
1933 1469
1934 142
1935 382
1936 557
1937 5631
1938 347
1941 3344
1944 925
1945 6290
1946 6018
1948 1139
1953 1381
1954 6081
1955 4382
1956 294
1958 533
1960 1432
1961 6005
1962 1082
1963 1949
1964 6094
1966 5275
1969 1089
1974 2944
1976 3871
1977 1892
1978 6308
1979 5972
1981 4503
1982 4329
1983 6241
1984 829
1986 302
1987 5556
1988 6083
1989 635
1990 5948
1991 2366
1993 182
1995 5651
1996 4786
1998 2242
2001 1506
2002 5383
2004 1452
2005 2654
2007 3512
2008 1442
2013 3995
2014 640
2015 1975
2016 1760
2017 948
2018 5662
2019 440
2021 6036
2023 5615
2024 435
2025 5704
2026 1635
2028 104
2029 62
2030 187
2033 2837
2034 5466
2035 3027
2036 5449
2037 208
2038 6212
2039 934
2040 2115
2045 1877
2046 148
2047 5802
2048 3464
2049 6073
2050 1853
2051 5827
2052 268
2053 2671
2054 2264
2056 5879
2057 5736
2058 5784
2059 3756
2060 5523
2061 2285
2062 861
2066 3472
2068 5891
2071 703
2072 3204
2073 5644
2075 6098
2080 682
2081 54
2082 5747
2084 5889
2085 4483
2086 5320
2089 2867
2090 114
2091 4549
2093 5879
2094 6210
2095 2555
2096 5693
2097 2797
2098 1870
2099 5509
2100 1891
2101 3565
2102 5752
2103 5275
2104 874
2105 4052
2106 5381
2107 1324
2109 571
2112 935
2113 3979
2116 5693
2117 5409
2118 4651
2119 5718
2120 2697
2122 5610
2123 584
2124 2807
2125 277
2126 3270
2127 5358
2129 5884
2130 1916
2132 2366
2133 829
2137 1952
2140 2734
2142 5691
2145 1317
2148 5848
2149 769
2150 5765
2152 2121
2155 5362
2156 850
2157 5370
2158 5967
2159 4106
2161 6140
2163 4804
2165 2595
2166 5763
2167 5925
2168 1276
2169 472
2174 245
2176 5388
2178 5704
2180 5355
2181 5689
2183 6309
2184 5911
2186 4019
2187 2578
2188 5037
2189 4590
2191 1521
2193 2240
2195 2997
2197 1493
2199 5420
2200 5437
2201 5923
2202 5482
2203 2426
2204 1719
2205 5603
2208 6041
2209 184
2210 1655
2211 4015
2212 889
2213 2590
2214 1820
2215 2639
2217 101
2218 4015
2219 3028
2220 3649
2221 3756
2222 4280
2223 418
2226 1242
2227 5782
2228 2375
2229 6082
2233 423
2234 1089
2235 1521
2236 5775
2237 6215
2238 761
2241 6014
2243 5083
2244 5985
2249 2515
2250 2055
2253 5441
2254 6021
2255 328
2256 5843
2257 5588
2258 3052
2259 1861
2260 5937
2261 996
2262 1531
2263 4052
2265 6186
2266 3237
2267 994
2268 3039
2269 6092
2270 4116
2272 5978
2273 552
2275 1778
2277 5660
2278 561
2280 2713
2281 6165
2283 5960
2284 4459
2286 4100
2287 5391
2288 2848
2290 5262
2291 334
2292 4845
2293 3515
2295 6092
2296 5388
2297 6059
2298 5396
2299 5428
2300 6008
2301 3124
2302 88
2303 3663
2304 3385
2307 3652
2308 1294
2310 5921
2311 3785
2312 5644
2313 719
2314 5432
2315 5707
2317 5618
2318 5675
2320 1029
2321 5715
2323 367
2324 5063
2325 52
2326 1866
2327 3504
2330 3204
2333 6076
2334 896
2335 5649
2336 6151
2337 1101
2338 4813
2339 6002
2340 1680
2341 5839
2342 22
2343 3393
2345 660
2347 1212
2348 3147
2349 6269
2350 3138
2351 6095
2352 268
2357 1442
2358 1556
2360 6201
2362 5691
2367 5895
2370 6221
2373 719
2374 5507
2377 3487
2379 956
2382 5061
2384 4292
2386 5740
2388 5358
2389 1590
2391 429
2392 5371
2393 4845
2395 5312
2398 3880
2400 5956
2401 1287
2402 5418
2404 5698
2405 5473
2407 278
2408 5582
2411 2230
2413 224
2414 5946
2415 5752
2416 6006
2417 1139
2418 5504
2419 5984
2421 6156
2423 2572
2424 3031
2425 6206
2427 5318
2429 1333
2430 4368
2431 3567
2432 538
2433 5619
2435 289
2438 1997
2439 3785
2440 6313
2442 1221
2446 5684
2447 146
2449 6072
2450 104
2451 3501
2453 1117
2454 1197
2455 3495
2458 998
2459 2185
2460 250
2461 6081
2464 2162
2467 5767
2469 1819
2470 2022
2471 303
2472 5827
2473 1448
2476 5938
2477 308
2478 6122
2479 3591
2480 2175
2481 1806
2482 1185
2484 274
2485 5103
2486 4742
2487 2179
2489 5563
2490 3426
2491 5388
2492 5333
2493 2522
2494 871
2499 1800
2500 2378
2501 4549
2502 250
2505 2264
2507 1554
2508 5474
2509 5582
2510 5463
2511 303
2513 2361
2514 2788
2516 6243
2519 5354
2520 1482
2521 649
2523 5388
2524 5834
2525 6265
2527 5720
2529 5769
2530 6228
2531 5379
2532 5425
2533 1257
2536 1670
2537 2365
2538 4459
2539 1501
2541 5729
2543 1665
2545 1019
2546 2867
2547 6143
2550 17
2551 2141
2552 5693
2554 148
2560 616
2562 5683
2563 2294
2565 5517
2567 6182
2568 5728
2569 2316
2579 1717
2581 871
2584 6088
2585 1819
2586 2387
2587 1355
2588 5729
2589 2573
2594 237
2596 4368
2597 1547
2598 6266
2600 6152
2603 3682
2605 5599
2607 5206
2611 660
2612 2069
2613 1321
2614 6135
2615 4786
2616 1036
2618 964
2619 2020
2621 25
2622 4052
2624 2807
2627 5920
2629 3252
2630 6027
2631 2346
2632 2285
2634 5947
2635 53
2636 6151
2637 1242
2638 1985
2641 5515
2642 6205
2643 6129
2644 6042
2645 1189
2646 5600
2649 6315
2651 1994
2652 5487
2653 1254
2655 2871
2656 5412
2657 6012
2658 6137
2661 5839
2662 3483
2663 5941
2664 402
2665 6048
2666 39
2667 494
2668 6095
2670 4772
2672 5491
2674 3485
2675 335
2676 5605
2677 1319
2679 5529
2680 5554
2681 5590
2682 802
2683 561
2684 5833
2685 979
2686 6308
2687 492
2688 6179
2689 5421
2692 4015
2693 5462
2695 5901
2696 1874
2698 5206
2699 6003
2700 5482
2701 1760
2702 5903
2704 158
2705 6191
2707 5953
2709 5836
2710 4024
2712 1276
2715 2466
2717 2797
2718 5947
2719 5900
2720 5203
2721 231
2722 5504
2723 1722
2727 5357
2728 3677
2729 1117
2732 591
2733 430
2735 5424
2736 1212
2738 6236
2742 6100
2743 6129
2744 1169
2745 5402
2748 5456
2749 5762
2750 421
2751 4112
2752 769
2753 5368
2755 2041
2756 5467
2757 5933
2758 6291
2759 1680
2760 437
2761 1697
2762 996
2763 3124
2764 5666
2765 3501
2768 3067
2770 666
2771 471
2772 1316
2773 3645
2774 574
2776 3729
2778 1283
2779 6137
2782 6022
2783 6245
2784 1816
2785 574
2786 5765
2787 5832
2789 681
2791 6241
2793 1642
2794 5654
2795 5765
2796 3707
2799 5518
2800 5547
2801 2781
2802 331
2804 1726
2806 5205
2809 2012
2811 6087
2814 6170
2815 1740
2816 1709
2817 3312
2818 6070
2819 1723
2820 3507
2822 6140
2827 5669
2828 210
2829 5600
2830 5371
2831 1047
2833 6239
2835 5510
2838 1179
2840 5769
2842 172
2843 885
2844 1980
2845 4446
2847 6011
2849 1499
2851 63
2853 5554
2854 78
2855 6012
2857 2730
2859 6025
2861 476
2862 2548
2866 5593
2868 1219
2870 3645
2875 5356
2876 2650
2877 5132
2879 5689
2880 1412
2884 3774
2885 6078
2886 2936
2887 977
2888 552
2889 1657
2890 5408
2891 2065
2893 1206
2894 2595
2895 1877
2896 1702
2897 1305
2900 3238
2901 1060
2902 3612
2903 5419
2904 5848
2908 1319
2909 411
2910 86
2913 6136
2914 150
2915 3506
2916 5665
2917 4998
2918 465
2920 5928
2924 2936
2926 1973
2929 98
2930 474
2931 101
2932 6200
2934 1558
2937 6280
2938 703
2940 5464
2941 1877
2942 1448
2943 784
2945 6251
2947 2557
2949 3242
2950 3708
2951 88
2952 5879
2953 4250
2955 2020
2956 5959
2957 6129
2958 185
2959 6140
2961 6162
2963 2746
2964 1772
2965 1112
2966 6195
2968 847
2969 5895
2970 1959
2971 2863
2972 1436
2973 3083
2974 3237
2975 5398
2979 4217
2981 5395
2982 2864
2984 1284
2985 5179
2986 1688
2987 6163
2990 305
2991 5229
2992 5614
2993 6073
2994 87
2995 2344
2996 4885
2998 2232
2999 5721
3000 783
3001 5507
3002 5613
3006 1501
3009 401
3010 5916
3013 480
3014 127
3015 5203
3016 1305
3018 5952
3019 4530
3020 356
3023 2110
3024 5151
3030 5914
3032 4895
3034 5418
3035 5803
3036 5205
3037 3147
3038 3880
3040 353
3041 2591
3042 3507
3043 1719
3044 5330
3045 6279
3047 2595
3050 3060
3051 5936
3054 4982
3057 6062
3058 2898
3059 2978
3061 1119
3062 5966
3065 391
3069 558
3070 5599
3071 1968
3072 6059
3073 5458
3074 5721
3075 4041
3077 5094
3078 2518
3079 849
3081 1635
3082 2925
3084 1178
3086 3609
3087 1478
3089 1575
3090 1033
3092 4030
3096 4603
3097 557
3098 5829
3099 6191
3100 161
3101 2232
3102 5456
3104 1390
3107 931
3109 1992
3110 5908
3111 1124
3112 1101
3113 423
3115 867
3116 6229
3117 1717
3118 2846
3119 5682
3120 3995
3121 1778
3123 5687
3125 577
3126 5747
3127 3208
3130 4852
3131 2841
3132 4096
3133 1259
3135 2031
3137 5624
3139 6239
3142 948
3144 4483
3145 2659
3146 6309
3149 6242
3150 1547
3151 5803
3152 5550
3153 2055
3154 6114
3156 5927
3160 2
3161 2356
3162 1586
3163 5590
3165 3354
3166 3302
3167 6062
3170 4382
3171 5987
3174 6309
3175 4411
3176 5538
3177 6235
3178 5385
3179 6153
3181 1005
3182 4887
3183 3515
3184 5486
3185 1319
3187 2078
3188 3124
3190 5503
3191 5738
3192 88
3195 3275
3196 393
3197 465
3198 6156
3201 3979
3202 1205
3205 6122
3206 1835
3207 3302
3209 5739
3211 6095
3212 5315
3213 250
3214 5651
3215 5342
3216 114
3217 404
3219 5610
3220 402
3221 2557
3222 3129
3224 56
3225 5797
3226 4487
3227 2012
3228 1709
3229 4586
3231 130
3232 2444
3233 2535
3234 4065
3235 1925
3236 1179
3239 5206
3240 5668
3241 6087
3243 4507
3244 839
3245 1891
3246 6138
3247 1652
3248 6072
3250 537
3251 3871
3253 5483
3254 5805
3255 2065
3258 666
3259 146
3260 339
3261 4443
3262 56
3264 1552
3266 5872
3267 5709
3268 50
3269 5693
3271 5376
3272 5399
3274 5392
3277 1279
3278 1820
3279 998
3282 6215
3283 5544
3284 379
3285 5802
3286 737
3287 4887
3288 417
3290 6005
3292 5286
3293 547
3294 5822
3295 6281
3297 68
3298 512
3301 2242
3303 4908
3304 6135
3305 745
3307 849
3308 1339
3310 1216
3313 388
3315 3360
3316 1009
3317 2599
3320 3351
3322 4879
3323 1684
3325 6195
3328 5940
3330 5568
3331 5809
3333 699
3334 5580
3335 1910
3336 518
3337 5210
3338 1726
3340 5918
3341 516
3342 5416
3343 5944
3345 3495
3346 493
3347 604
3348 6291
3350 5774
3352 5978
3355 483
3356 5749
3357 1185
3358 1591
3361 3031
3362 5967
3363 612
3364 5679
3365 163
3366 1258
3367 2041
3369 5920
3370 5039
3371 5878
3372 1216
3373 1373
3375 1599
3376 6092
3377 1316
3378 5482
3379 259
3380 5210
3381 1364
3382 5544
3384 3995
3386 49
3388 1022
3391 2526
3392 741
3395 1692
3396 5669
3397 5237
3398 214
3399 6271
3400 783
3401 5353
3402 4518
3403 6136
3405 2839
3406 2495
3407 5483
3408 4202
3410 1543
3411 697
3414 847
3416 6291
3419 506
3420 164
3421 5645
3422 4503
3423 4739
3424 1029
3425 5557
3427 6214
3428 65
3431 5810
3432 5769
3434 6168
3437 2011
3438 456
3439 4015
3441 632
3443 4446
3446 98
3447 5255
3448 3159
3449 6086
3452 1526
3454 5439
3455 681
3456 2602
3459 5289
3460 1452
3462 5229
3463 2647
3465 5336
3466 123
3468 1012
3469 33
3470 5176
3471 492
3473 1740
3476 4433
3477 2571
3478 1590
3482 5393
3484 1197
3486 4428
3488 3965
3489 1975
3490 1392
3492 5981
3493 334
3494 2553
3496 2599
3499 5911
3500 5686
3503 1314
3505 1160
3508 1082
3509 5264
3513 1678
3516 6027
3517 3741
3518 4106
3520 802
3521 3210
3522 305
3523 4845
3525 5799
3527 3871
3528 3507
3529 36
3530 3242
3531 6264
3533 2177
3534 80
3535 5514
3536 3819
3538 649
3539 2878
3540 5534
3542 2515
3543 3812
3545 5497
3546 4012
3547 6298
3553 5772
3555 5666
3556 5979
3557 6025
3559 4707
3560 2834
3561 1139
3562 65
3563 5477
3566 5286
3568 5342
3570 4060
3571 292
3572 6070
3573 4550
3574 3004
3575 211
3576 1973
3577 514
3578 5205
3583 6206
3584 2285
3585 2558
3589 5965
3590 3650
3593 981
3594 1696
3595 2606
3596 3464
3597 6062
3598 2626
3599 5421
3601 6276
3602 6018
3603 5472
3605 5785
3606 5858
3607 2726
3608 2136
3610 5805
3611 67
3614 5814
3618 627
3621 5370
3622 5648
3623 3281
3624 518
3625 20
3630 6213
3631 6063
3632 5846
3633 739
3634 158
3635 187
3636 5432
3638 1719
3639 1999
3640 1036
3641 4518
3642 5968
3643 966
3644 270
3647 2841
3651 6203
3653 778
3654 5352
3655 422
3656 925
3658 5456
3661 5976
3664 5750
3665 1139
3666 2946
3667 6167
3668 365
3669 631
3670 2797
3671 366
3674 5597
3676 5262
3679 5622
3680 6057
3681 2246
3684 414
3685 5283
3686 1611
3689 44
3690 1224
3692 3865
3695 3461
3696 4531
3697 1671
3698 5628
3699 2114
3702 5804
3703 4246
3704 4834
3709 118
3713 687
3714 664
3715 5464
3716 5743
3717 226
3719 5347
3720 5595
3721 1599
3722 3418
3728 3091
3732 5565
3733 5631
3736 6059
3737 739
3738 977
3739 849
3742 1959
3743 1244
3745 896
3746 441
3750 6059
3753 644
3757 2032
3758 6214
3760 5530
3764 4753
3765 321
3766 5981
3767 6204
3768 1244
3769 430
3771 736
3772 768
3775 3763
3776 6230
3777 5955
3779 870
3780 5838
3781 1296
3782 4633
3783 5644
3784 215
3787 1333
3788 124
3789 5370
3790 1119
3792 537
3794 4178
3795 5398
3796 5614
3797 2659
3798 3159
3800 4645
3801 5873
3802 2997
3803 3114
3804 3218
3805 2769
3806 3587
3807 5676
3808 3169
3809 5950
3810 1259
3813 5538
3814 5749
3815 1251
3818 5709
3820 828
3821 1775
3823 5733
3824 5614
3825 3701
3826 644
3828 3995
3831 5336
3832 5717
3834 1074
3836 5539
3837 896
3840 996
3841 719
3844 3242
3846 6256
3847 865
3850 3511
3853 5562
3854 5853
3855 4806
3858 5498
3859 3880
3862 5532
3863 5532
3864 2933
3866 5866
3867 5899
3868 3495
3869 6186
3870 4299
3872 5772
3873 187
3874 5892
3875 466
3877 1601
3878 951
3884 221
3885 172
3886 5934
3888 3501
3889 1951
3891 5359
3892 2834
3893 6315
3894 3383
3895 5781
3896 302
3899 4361
3900 5892
3901 5657
3903 5984
3905 1158
3907 3706
3909 2079
3910 2788
3912 6159
3913 3652
3915 6064
3916 5566
3917 5802
3918 956
3919 4503
3924 3203
3925 2933
3927 1543
3929 1568
3930 5613
3932 538
3933 2571
3935 5956
3937 1245
3938 5417
3939 5946
3941 967
3943 1376
3944 3129
3945 4246
3946 481
3947 2153
3948 635
3950 312
3951 4225
3952 5782
3953 2706
3954 5735
3957 3349
3959 522
3960 5332
3961 5487
3962 2564
3963 5634
3964 5553
3966 3053
3968 5203
3970 5314
3971 5600
3972 741
3973 5459
3974 5353
3976 387
3977 5865
3978 4139
3980 1019
3981 1710
3982 5473
3983 5613
3984 1723
3985 1317
3986 2812
3987 1079
3988 6103
3989 1231
3990 5681
3991 5360
3994 4100
3996 6126
3997 1722
3998 1766
3999 997
4000 5940
4001 3857
4002 623
4003 4027
4005 1703
4006 1558
4007 5592
4008 2065
4009 418
4010 5105
4011 1881
4013 2557
4014 6306
4016 5916
4017 2788
4020 577
4022 1101
4025 6298
4028 1670
4029 2647
4033 3774
4035 5315
4036 4507
4037 5320
4039 171
4040 1719
4042 2623
4043 2923
4045 2092
4046 36
4047 2769
4049 682
4050 2623
4051 184
4053 230
4054 5998
4057 1339
4058 5597
4062 5375
4063 555
4064 2639
4066 1353
4067 5559
4069 3275
4070 159
4071 1202
4073 3506
4074 5428
4076 5503
4079 45
4082 4
4083 4538
4084 670
4087 451
4090 61
4091 1883
4092 5028
4093 5897
4094 3942
4097 5231
4104 970
4105 2610
4107 231
4108 331
4109 5771
4111 2394
4114 5466
4117 2252
4118 889
4119 6258
4120 1182
4123 671
4126 609
4129 4764
4130 4676
4133 2252
4135 524
4137 230
4138 1012
4142 1562
4143 6145
4144 4952
4145 6266
4146 1042
4147 5978
4149 447
4150 1692
4151 6006
4152 4446
4153 859
4154 117
4156 5810
4157 388
4158 5525
4159 815
4160 3242
4162 5605
4163 5442
4168 659
4169 5442
4170 75
4172 5769
4173 5560
4174 5700
4183 5744
4185 6186
4186 3865
4187 5549
4189 84
4191 2248
4194 161
4195 5512
4196 5724
4197 887
4198 1189
4201 1723
4203 5569
4204 6096
4205 4251
4206 5627
4207 1943
4210 148
4216 516
4220 969
4222 346
4223 89
4227 5997
4228 1870
4229 499
4230 925
4231 4304
4232 2206
4234 4055
4235 5857
4236 1182
4238 969
4239 6309
4241 5735
4242 6191
4244 264
4245 6165
4249 2182
4253 365
4254 5593
4255 5809
4257 4739
4258 163
4260 5551
4261 2369
4263 1160
4265 5656
4268 1284
4269 5398
4271 935
4273 4085
4275 2441
4276 3532
4277 896
4278 262
4279 1160
4281 3532
4282 2777
4284 1031
4285 5958
4286 2517
4287 3512
4288 387
4290 3969
4293 4343
4295 5472
4297 52
4300 5905
4301 994
4302 2378
4305 4041
4306 5970
4307 4531
4308 5416
4309 1449
4310 3762
4311 3354
4312 718
4313 457
4315 5761
4318 5527
4319 5984
4321 465
4322 6026
4323 819
4324 5850
4326 718
4328 6109
4334 5447
4335 5556
4336 5401
4337 1
4338 379
4339 3311
4340 1179
4342 537
4344 2141
4345 1119
4346 161
4347 5459
4348 4443
4350 5572
4351 3467
4353 6215
4355 6121
4357 6264
4359 3329
4362 6210
4363 1492
4364 615
4365 40
4369 5966
4371 5612
4372 1036
4373 5499
4375 3194
4376 5693
4377 353
4378 5800
4379 656
4383 220
4384 79
4385 5372
4386 6307
4387 5347
4388 5926
4389 5904
4391 641
4394 5698
4395 63
4396 3740
4397 5903
4400 5924
4403 997
4405 1350
4406 4102
4407 1729
4408 6268
4409 5516
4410 3360
4412 417
4413 5941
4414 6044
4415 1334
4416 3969
4417 6122
4418 47
4419 25
4420 2608
4421 5503
4423 1303
4424 2711
4425 3544
4426 4982
4427 5484
4429 6271
4432 5743
4434 4354
4435 1296
4436 5817
4437 5818
4439 2264
4440 5283
4441 718
4444 1031
4445 5429
4448 2456
4449 5916
4451 1189
4452 5489
4455 5926
4456 2271
4457 4218
4458 6221
4460 2570
4461 1219
4462 2319
4464 1613
4466 421
4467 1710
4470 6122
4471 5643
4472 1710
4473 3617
4474 4955
4475 5725
4476 2555
4477 6111
4478 4676
4480 630
4481 1733
4488 5358
4489 5739
4494 457
4495 144
4496 5872
4497 1821
4498 6090
4499 1526
4500 3507
4506 5668
4508 5372
4510 451
4511 5231
4512 4272
4513 6025
4514 367
4516 1183
4520 4532
4521 5759
4522 6159
4523 5505
4525 3049
4526 5734
4529 2138
4535 1811
4536 6175
4539 3995
4540 4202
4543 5694
4544 2848
4545 2846
4546 5188
4548 815
4551 1590
4552 3479
4553 3480
4554 6079
4555 6065
4556 871
4557 5505
4559 209
4560 1078
4561 6170
4562 4056
4563 6063
4564 3351
4566 5447
4568 2247
4572 1402
4573 3708
4575 230
4576 5864
4577 5421
4578 2731
4579 51
4580 2252
4581 3526
4582 3159
4583 2807
4585 5388
4587 5391
4588 3344
4591 4952
4593 95
4594 2834
4595 5438
4596 3053
4597 429
4598 1779
4599 6018
4602 994
4604 5918
4605 4354
4606 134
4607 5883
4608 6102
4609 294
4610 5886
4611 921
4612 2826
4613 4259
4614 5743
4615 5927
4616 5914
4617 880
4618 5954
4620 5901
4621 5926
4622 4226
4623 5037
4624 596
4625 5454
4626 305
4627 938
4628 6142
4629 403
4631 4251
4632 284
4634 5570
4635 5496
4636 1164
4637 195
4638 2907
4639 2426
4640 130
4641 3302
4642 5853
4643 4052
4644 752
4646 1570
4650 5747
4652 3027
4654 5704
4655 1713
4657 6159
4658 2216
4659 1449
4661 4775
4662 5401
4663 1918
4665 5504
4666 5752
4667 5462
4668 6308
4671 2110
4672 84
4673 6046
4674 5698
4675 1569
4677 2466
4678 769
4680 578
4681 6213
4682 547
4683 5864
4684 4660
4686 167
4687 718
4688 2110
4690 3204
4691 1046
4692 6111
4693 5586
4694 656
4698 5367
4699 609
4700 5402
4701 185
4702 5568
4703 2079
4704 1252
4705 80
4706 5805
4708 346
4709 2836
4714 6313
4715 5733
4716 5772
4718 6302
4719 2457
4720 918
4722 5966
4723 1130
4725 2397
4726 3442
4727 6117
4728 2647
4729 4550
4732 2535
4734 3180
4735 5758
4736 5465
4743 5630
4746 6277
4747 5760
4748 4252
4750 5571
4751 5779
4755 2946
4756 465
4758 3273
4759 5323
4760 1611
4762 5791
4763 5210
4765 5838
4766 5565
4767 3646
4770 346
4771 5864
4773 2305
4774 5245
4776 5360
4777 1299
4779 488
4780 1205
4782 5858
4783 364
4784 4924
4785 80
4787 627
4788 5384
4789 630
4790 782
4792 5452
4793 5376
4794 2936
4796 5676
4797 5809
4798 45
4799 147
4801 5406
4803 4266
4805 5938
4807 5758
4809 5357
4812 5613
4815 641
4816 6153
4817 1114
4819 5847
4820 509
4821 1878
4822 5813
4824 6190
4825 979
4826 4710
4827 2346
4828 2192
4829 559
4830 1448
4832 2346
4833 80
4835 5507
4836 5514
4837 2570
4838 5803
4839 5370
4843 1537
4847 1621
4848 5883
4849 558
4850 730
4851 1258
4853 3329
4855 6290
4856 1169
4857 1800
4858 1950
4859 1268
4860 5392
4861 5876
4862 168
4863 1499
4864 5797
4865 248
4866 2179
4869 117
4870 997
4871 6018
4872 161
4873 5333
4874 2608
4875 5482
4877 5433
4878 1671
4880 1912
4881 4331
4882 6070
4886 5449
4889 5953
4891 6117
4892 1305
4894 1721
4897 6044
4898 2365
4900 2495
4901 5773
4904 5468
4905 5938
4907 5740
4910 4769
4911 2826
4912 2441
4913 2557
4914 5729
4915 196
4917 5562
4921 1826
4922 425
4925 532
4928 5237
4929 6008
4931 5915
4932 5526
4935 5814
4938 5341
4939 2495
4940 6174
4942 5304
4945 3755
4946 239
4950 863
4951 61
4953 1501
4956 2640
4958 1910
4959 5956
4960 1754
4961 5992
4962 2355
4963 2361
4964 5863
4965 1556
4966 5323
4967 2175
4968 4459
4970 209
4972 5938
4974 5526
4977 1717
4978 981
4979 5470
4980 5722
4981 2285
4983 5740
4984 2251
4985 718
4992 3662
4993 209
4994 66
4995 2625
4996 6251
4997 954
4999 6009
5000 5513
5002 5908
5003 5987
5004 303
5005 4567
5007 6251
5008 75
5010 417
5011 4590
5012 5908
5014 6265
5015 5662
5016 5654
5017 2488
5018 5498
5021 2825
5023 4707
5025 6317
5026 799
5031 101
5032 6000
5034 871
5035 1804
5038 5863
5041 6002
5043 5368
5044 5996
5045 1022
5046 5763
5047 6144
5049 5324
5050 98
5052 950
5056 340
5057 3159
5059 1586
5062 6047
5064 1883
5069 815
5071 5834
5072 5833
5073 4433
5075 5315
5076 362
5077 5749
5078 5503
5079 5864
5080 5827
5081 6068
5091 3879
5100 1218
5102 2264
5104 6130
5106 2573
5107 517
5108 393
5109 131
5111 573
5112 5851
5116 225
5117 5470
5119 6014
5120 5286
5122 1696
5123 5529
5126 1804
5129 1968
5130 5429
5131 3691
5133 612
5134 871
5135 1119
5136 5887
5137 6164
5138 5324
5139 423
5140 483
5142 6004
5144 1288
5145 497
5146 2610
5147 5577
5148 2746
5149 1531
5150 187
5154 45
5155 524
5156 1721
5157 4549
5159 5666
5160 5930
5161 5809
5163 2154
5164 5928
5166 2825
5168 6026
5169 2306
5172 42
5173 6264
5174 1333
5175 1795
5177 3327
5178 5827
5181 5445
5183 5204
5184 4209
5186 3281
5192 783
5194 2544
5195 5786
5196 5520
5198 5803
5199 3592
5201 3393
5202 1114
5207 6005
5208 3694
5209 6020
5211 750
5212 483
5213 4804
5214 5564
5216 227
5217 6195
5219 6174
5221 5854
5222 147
5225 2216
5228 508
5230 5415
5233 356
5235 1078
5236 3124
5238 2396
5239 4259
5240 1952
5242 5289
5243 697
5244 6068
5246 2948
5247 318
5249 5664
5250 4885
5251 656
5252 703
5256 5920
5257 2495
5259 2285
5260 5375
5261 65
5266 1570
5267 2065
5268 5484
5270 435
5271 5395
5272 43
5273 5299
5274 5731
5277 3851
5278 5853
5279 98
5280 3148
5281 6216
5282 318
5287 6153
5288 5420
5290 5872
5292 6241
5293 87
5294 2610
5296 2933
5297 579
5298 5696
5300 4459
5301 214
5308 5649
5309 5900
5310 3992
5327 1471
5348 5167
5394 2570
5397 5895
5413 1920
5481 181
5629 1586
5677 1800
5705 5704
5711 5460
5766 3028
5793 1596
5830 226
5840 2839
5869 2346
5917 6217
5935 5839
5943 1478
5975 2558
5993 2230
5995 6168
6007 5673
6010 3537
6015 3879
6093 5496
6108 122
6113 2466
6118 3479
6171 5783
6181 6106
6189 6135
6209 79
6223 4401
6227 156
6250 4112
6252 5317
6253 1261
6272 1879
6278 5519
6293 5374
6305 573
6316 356
6323 6097
6325 890
6326 6107
6327 802
6328 5352
6330 5897
6331 5803
6332 1874
6335 5447
6336 117
6337 418
6338 437
6341 5504
6343 5668
6344 5312
6345 1678
6346 6134
6347 2826
6348 5641
6349 896
6350 333
6351 655
6352 5350
6353 967
6354 1178
6355 5736
6356 558
6358 2069
6359 3218
6360 3210
6361 4651
6362 493
6363 3726
6364 716
6365 2921
6366 5960
6367 5899
6368 1898
6369 5831
6370 5402
6371 1339
6374 5723
6375 5772
6376 630
6377 401
6378 948
6379 1001
6380 5478
6381 1802
6382 5945
6383 269
6384 751
6385 1314
6386 5926
6389 6230
6390 5459
6391 5588
6392 1635
6395 164
6396 4106
6398 499
6401 5618
6403 2143
6404 2571
6405 5478
6407 3537
6408 3242
6411 5644
6412 3426
6414 1432
6415 125
6417 5898
6418 1231
6419 8
6421 5704
6422 76
6423 579
6424 3507
6428 1874
6429 5649
6430 321
6431 2457
6432 49
6434 5718
6435 5871
6436 6102
6437 532
6438 285
6440 3359
6441 3194
6443 6101
6444 5733
6445 5421
6447 5618
6448 1678
6449 6092
6450 2240
6452 1499
6453 1349
6454 1780
6455 5802
6456 5886
6457 5863
6458 5694
6459 2867
6460 3751
6463 1432
6464 5850
6465 6200
6466 3511
6469 40
6470 5399
6472 1652
6473 5624
6475 5649
6476 2344
6477 2162
6478 5358
6479 5642
6480 445
6481 5360
6482 5317
6483 5641
6484 4504
6485 146
6486 2134
6487 5419
6488 94
6489 5664
6490 157
6491 1511
6492 2976
6495 6292
6496 1432
6497 4885
6499 2746
6500 5795
6503 2706
6504 1621
6505 5522
6506 6217
6507 5424
6508 5592
6509 158
6510 5505
6511 1448
6512 4329
6513 1078
6514 5902
6515 3515
6517 5409
6518 502
6520 963
6521 1412
6522 5503
6524 6193
6527 5337
6528 1678
6529 3281
6530 920
6531 3458
6533 5998
6534 2639
6535 5694
6536 125
6537 6032
6539 4879
6543 2000
6544 3249
6545 5318
6546 143
6548 2319
6549 5757
6550 2639
6551 5406
6552 2022
6554 6142
6555 1183
6556 651
6558 6143
6559 5401
6560 5255
6561 5462
6562 2294
6563 6275
6564 577
6565 13
6566 5803
6567 6087
6569 5604
6570 4015
6571 1972
6572 5529
6573 3108
6574 3302
6575 2730
6577 2390
6579 104
6581 6095
6582 3085
6583 604
6586 963
6587 6089
6588 6222
6589 2114
6590 5926
6592 1058
6593 98
6595 4027
6596 3740
6597 5427
6599 3138
6600 5715
6601 1212
6602 1288
6603 6251
6604 2456
6605 1543
6606 2578
6607 5976
6608 5619
6609 535
6612 3458
6613 2216
6614 488
6615 269
6616 983
6618 4852
6619 4368
6620 5888
6622 1818
6623 5586
6624 4769
6626 1680
6628 6016
6629 2396
6630 5568
6631 1034
6632 1046
6634 47
6636 6151
6637 1076
6638 4955
6639 494
6640 5780
6642 5725
6643 2608
6644 1290
6645 6165
6646 874
6648 184
6649 2577
6650 5514
6652 6178
6653 5507
6654 751
6656 195
6657 1684
6658 2232
6660 5446
6661 804
6662 2443
6663 3200
6664 449
6665 3479
6666 4213
6668 2444
6669 1390
6670 4252
6671 875
6672 5610
6673 1270
6674 6041
6675 5962
6676 6041
6677 5864
6679 5601
6680 16
6681 5645
6682 2192
6683 5923
6684 1733
6685 5757
6686 4707
6688 1469
6689 2577
6690 2555
6691 4924
6692 1148
6694 1800
6695 1404
6696 5332
6697 4707
6698 6098
6700 1652
6701 3480
6703 5896
6704 5379
6705 5996
6706 3055
6707 604
6708 699
6709 53
6710 366
6712 874
6714 3085
6715 2534
6716 2871
6717 5459
6718 259
6719 1218
6720 3481
6722 5333
6723 2305
6724 826
6726 5675
6727 5817
6728 417
6729 1906
6730 512
6731 3028
6732 216
6733 981
6734 5347
6735 5507
6736 5780
6737 4538
6738 371
6739 6030
6740 2216
6741 623
6742 1224
6743 5460
6744 4504
6746 1127
6747 42
6748 4116
6749 5438
6751 6239
6752 768
6753 5827
6754 2078
6755 311
6756 3461
6757 1316
6759 428
6760 1635
6761 2810
6762 6133
6764 819
6765 2162
6766 5682
6767 5855
6768 2810
6769 5683
6770 2741
6771 1599
6772 524
6773 6018
6774 5803
6775 1724
6776 413
6777 2576
6778 47
6779 4100
6780 6237
6781 725
6782 1221
6783 6192
6784 1992
6785 221
6786 1562
6787 1488
6788 5851
6789 5780
6790 3652
6791 1217
6792 2246
6793 635
6794 1169
6795 4027
6796 5083
6800 2746
6801 443
6802 1601
6804 5591
6805 6087
6806 5953
6807 2436
6808 312
6809 1188
6811 5761
6812 6152
6813 5547
6814 890
6815 2000
6816 596
6817 289
6818 6159
6820 5969
6821 6104
6822 535
6823 2285
6826 6088
6827 6053
6828 3677
6831 3360
6832 739
6834 3440
6835 6136
6836 93
6838 623
6839 670
6840 104
6841 1443
6842 167
6843 1333
6845 4116
6846 1856
6847 6025
6848 938
6850 3134
6851 3237
6852 1910
6853 184
6854 5182
6855 5443
6856 6003
6858 2319
6859 1866
6861 2271
6862 4845
6863 6033
6865 5283
6866 1189
6867 2711
6869 6090
6870 5810
6871 1101
6873 6267
6874 66
6876 342
6879 730
6881 5698
6882 3751
6884 3544
6889 2881
6890 981
6891 912
6892 5770
6893 384
6894 5815
6895 646
6901 5696
6902 925
6903 721
6905 675
6906 5402
6907 4329
6909 6134
6910 591
6911 5806
6912 1283
6913 3312
6914 5763
6915 356
6916 557
6917 5550
6918 998
6919 6131
6920 1324
6922 547
6924 2032
6925 2978
6926 6000
6927 2650
6928 5354
6929 5360
6930 6037
6932 5504
6934 5897
6935 3472
6936 5889
6938 442
6941 4991
6942 54
6944 2355
6945 6185
6946 5757
6947 5963
6949 615
6950 4936
6951 5959
6953 1881
6954 4329
6956 1831
6958 6243
6961 5814
6962 977
6964 1047
6965 5245
6966 5906
6967 6086
6968 5879
6969 4908
6970 6131
6972 269
6973 659
6974 62
6975 1316
6979 5654
6981 6190
6982 373
6983 1621
6984 5681
6985 179
6987 6121
6988 5846
6990 1835
6991 3581
6995 6121
6999 2316
7002 1371
7004 42
7005 364
7006 1324
7008 1826
7009 4753
7010 3762
7012 5853
7013 248
7014 5374
7015 6165
7016 2154
7017 472
7019 5900
7020 5566
7021 6069
7022 2032
7023 5785
7025 5683
7026 921
7027 411
7028 6082
7029 6027
7030 5937
7032 6021
7033 364
7034 5331
7035 5319
7036 6000
7037 741
7038 218
7039 2274
7040 1191
7041 1046
7042 1705
7043 2839
7044 1811
7047 5926
7048 5854
7049 5248
7050 5450
7051 1492
7052 367
7055 3706
7056 5564
7058 2512
7059 1569
7060 5457
7062 2788
7063 5651
7064 5652
7066 5546
7067 1816
7068 2346
7069 5504
7070 1705
7071 1124
7072 1568
7073 983
7074 6216
7076 5967
7077 5343
7078 5215
7079 5359
7080 118
7081 6184
7083 2555
7084 17
7085 1529
7087 512
7088 1316
7089 3180
7090 2076
7091 488
7092 3612
7093 190
7094 2022
7095 682
7097 5608
7098 5576
7099 5472
7100 4739
7101 1482
7102 5853
7104 3173
7105 1086
7106 5796
7107 5723
7109 2361
7110 2141
7111 678
7112 3778
7113 3052
7114 239
7115 1059
7116 5836
7117 5368
7118 1724
7119 780
7122 319
7125 5634
7126 5483
7127 783
7128 4541
7129 721
7130 6215
7131 5657
7132 4085
7134 171
7135 6083
7137 1024
7138 1657
7140 1432
7142 362
7143 2928
7144 487
7145 117
7146 666
7148 611
7149 4753
7150 5788
7152 645
7154 4272
7155 842
7156 1816
7158 433
7159 5892
7160 2443
7161 6012
7162 3052
7164 1276
7166 5836
7167 231
7168 337
7169 3189
7172 504
7173 5713
7174 5874
7175 1684
7176 6097
7177 5006
7178 5655
7180 242
7181 367
7183 5275
7184 5167
7185 892
7186 3544
7188 5491
7189 682
7190 616
7192 4924
7195 5823
7196 6018
7197 508
7198 3270
7199 502
7200 1344
7201 4299
7202 6042
7203 1031
7205 443
7206 5603
7207 2660
7208 5433
7209 5613
7210 18
7211 6111
7212 5265
7213 1898
7214 1488
7215 51
7216 442
7218 2022
7221 268
7222 1434
7223 5453
7224 842
7226 2279
7227 5954
7228 2933
7230 2078
7231 6152
7232 3445
7234 4354
7235 4443
7239 1501
7240 1022
7244 5747
7245 1692
7248 3200
7249 388
7250 1245
7251 5625
7254 6311
7256 4504
7258 349
7259 9
7260 5461
7261 5289
7262 5094
7264 5343
7266 1231
7268 5785
7269 25
7271 2925
7273 212
7276 1117
7277 1803
7278 504
7279 5341
7280 4991
7281 802
7283 144
7285 209
7288 68
7289 5925
7295 5496
7296 5369
7297 5808
7298 1766
7300 2136
7302 5679
7304 6315
7305 5508
7306 4479
7308 606
7310 1376
7311 2846
7312 5341
7314 5989
7315 1338
7316 221
7317 5763
7318 143
7319 5291
7320 1392
7321 783
7323 3
7324 1219
7325 6011
7326 66
7327 2198
7328 579
7329 3404
7330 4924
7331 963
7332 975
7333 1949
7335 5759
7336 4530
7337 4252
7339 3442
7341 1821
7342 367
7343 104
7344 6243
7345 5854
7347 5453
7348 1779
7349 3436
7350 3942
7351 1569
7355 6078
7356 6009
7357 5700
7358 49
7359 4541
7360 750
7361 1224
7362 718
7363 3318
7365 5465
7367 2697
7368 3592
7369 912
7370 1325
7371 5887
7372 2580
7373 5568
7375 4707
7377 1316
7378 3194
7379 5553
7381 5906
7382 65
7383 6173
7384 5998
7387 3762
7389 5937
7390 4879
7391 6060
7392 1800
7393 6078
7395 3238
7396 1666
7397 5607
7399 5103
7400 78
7403 4027
7404 5650
7405 5522
7407 5946
7408 2576
7409 1688
7410 4329
7411 3731
7412 196
7415 4176
7416 5509
7418 1905
7420 311
7421 5864
7422 4148
7425 5416
7426 4019
7427 5428
7429 863
7430 5610
7431 3506
7432 4550
7433 3281
7434 5871
7436 802
7437 5341
7439 6083
7441 5763
7442 5812
7443 4259
7445 6247
7447 417
7448 4018
7450 1861
7451 1040
7452 3712
7453 5336
7454 5709
7456 447
7457 2623
7458 451
7460 5980
7461 3028
7462 6215
7464 5905
7465 4952
7466 1709
7470 3105
7472 963
7473 526
7474 4549
7475 5315
7476 114
7478 1970
7479 2353
7480 5588
7481 3785
7483 981
7486 382
7487 5654
7488 1124
7490 5622
7491 2580
7492 5498
7494 5739
7498 3194
7500 5509
7501 3752
7502 5772
7503 4952
7504 1469
7505 5682
7506 6128
7507 5386
7508 3965
7509 5905
7510 94
7511 6082
7512 4098
7517 481
7518 761
7519 3085
7520 1600
7522 5948
7524 6251
7525 4814
7526 417
7527 5804
7528 5665
7530 5627
7531 2022
7533 5738
7534 1558
7535 3173
7536 5837
7537 5245
7538 3942
7539 4941
7540 5839
7541 233
7544 1117
7545 3646
7546 721
7547 5319
7548 1586
7549 5832
7550 5456
7556 573
7557 889
7558 889
7559 5473
7560 371
7561 5512
7563 534
7564 1635
7567 2177
7568 5070
7570 3129
7571 6195
7573 1389
7574 476
7575 6126
7576 5915
7577 1349
7578 1556
7579 6135
7581 1723
7583 5607
7584 5806
7585 492
7586 5614
7587 6308
7588 6249
7590 2032
7591 1250
7592 6020
7593 524
7598 974
7599 5354
7600 745
7602 2177
7603 1211
7604 5969
7605 5459
7606 5620
7607 364
7608 4534
7609 6004
7610 6167
7611 2788
7612 4482
7613 5188
7615 2198
7616 1780
7618 2285
7619 4
7620 5648
7621 1325
7622 4259
7623 2443
7624 574
7625 5873
7626 6017
7627 2426
7628 1482
7631 4549
7633 4534
7634 492
7635 649
7636 5954
7637 1903
7638 655
7640 5651
7641 921
7642 1562
7643 3861
7644 6179
7645 6094
7647 3270
7649 5836
7650 1994
7652 5601
7653 1212
7654 5950
7656 853
7657 5721
7658 226
7659 6153
7660 5976
7661 277
7662 302
7663 3920
7664 6277
7665 79
7666 5898
7667 4246
7668 5577
7669 2936
7670 5582
7671 67
7672 252
7675 230
7676 5928
7677 558
7678 3613
7680 3646
7681 6317
7682 1179
7686 5579
7688 5381
7689 3147
7690 2626
7692 1329
7693 625
7694 5758
7695 178
7696 5613
7698 6057
7700 5399
7701 525
7702 6203
7704 4100
7705 398
7707 4060
7709 1101
7710 4707
7712 433
7713 2000
7714 1350
7715 921
7716 5357
7717 462
7718 5816
7721 6228
7722 3849
7723 233
7724 6153
7725 4361
7727 6304
7728 632
7729 5416
7730 190
7731 2555
7732 3882
7736 5422
7737 4800
7738 5898
7740 6265
7741 2566
7742 1376
7743 441
7744 475
7746 3755
7747 6051
7750 5429
7752 4515
7753 437
7756 6164
7757 5749
7759 608
7761 3677
7764 255
7766 3083
7767 89
7768 4490
7769 5715
7771 3080
7772 907
7773 5978
7774 6160
7776 5702
7778 2777
7780 4764
7782 2231
7783 5911
7784 1158
7786 1629
7788 969
7789 291
7790 5518
7792 2518
7793 6126
7795 1178
7796 4075
7798 3004
7799 487
7800 310
7806 1189
7808 4487
7810 1819
7811 5671
7813 5289
7814 526
7815 1221
7816 6016
7817 5519
7818 557
7819 4217
7821 5674
7822 316
7823 161
7824 2020
7825 2092
7826 1719
7827 400
7828 3210
7829 5549
7830 3169
7832 6123
7835 2781
7837 5717
7841 5808
7842 4213
7843 5722
7845 6313
7846 124
7848 4651
7849 4331
7850 624
7851 918
7852 143
7853 1591
7854 2846
7855 1703
7856 1787
7859 5853
7861 5984
7862 1943
7863 2285
7864 2522
7867 5963
7868 896
7869 1114
7870 6086
7872 5514
7873 1607
7874 5061
7876 823
7878 670
7879 5956
7880 5580
7881 6054
7882 25
7884 346
7886 3497
7887 600
7888 2375
7891 1362
7892 344
7894 6268
7895 1668
7897 5437
7898 5983
7899 6042
7901 750
7903 4952
7905 5740
7908 5686
7909 1209
7910 3662
7911 1187
7913 5983
7914 1854
7915 3025
7916 3677
7917 4213
7918 6073
7919 651
7920 1835
7921 5669
7922 581
7923 1322
7924 1778
7925 832
7926 5667
7927 6133
7929 2834
7930 3029
7931 211
7932 1205
7933 46
7934 887
7935 5815
7937 1557
7939 1635
7941 5583
7942 5437
7943 278
7944 1024
7946 1389
7947 1601
7950 2192
7953 5713
7954 920
7955 2781
7956 1529
7957 2553
7958 2396
7959 918
7961 2678
7962 2138
7963 3029
7966 5370
7967 6298
7969 1785
7970 975
7971 682
7973 144
7975 5691
7976 5489
7977 6262
7978 2143
7979 1665
7980 76
7983 4139
7984 4390
7986 912
7989 5675
7990 5606
7991 784
7993 6303
7994 631
7995 3
7996 6136
7998 3845
7999 5436
8000 5969
8001 5752
8002 591
8003 4534
8004 907
8005 1366
8006 1087
8007 312
8008 636
8011 504
8012 3928
8013 5802
8014 6002
8016 1402
8018 5487
8020 5505
8022 4292
8023 5749
8024 5962
8025 6187
8026 5611
8027 2899
8028 1586
8029 2595
8030 2239
8032 2848
8034 5895
8035 4106
8036 8
8038 20
8039 1251
8040 493
8041 725
8042 400
8044 2128
8045 3344
8047 3755
8048 403
8049 5557
8050 1130
8051 2128
8052 581
8053 6152
8055 1179
8057 832
8058 2962
8059 600
8061 6
8062 645
8063 231
8064 2247
8065 890
8066 5700
8067 1007
8068 2041
8069 1089
8070 5715
8071 2076
8074 762
8075 1404
8076 1343
8077 4800
8079 5557
8080 1373
8081 4991
8082 5672
8083 2436
8084 5463
8085 2355
8086 4361
8087 1448
8090 875
8092 5817
8094 6303
8096 2078
8097 5357
8099 1879
8101 5930
8102 6065
8103 270
8104 5555
8105 5915
8109 6192
8111 601
8112 5529
8116 3537
8118 5827
8119 5237
8120 6175
8122 404
8123 5940
8127 187
8128 5686
8130 895
8132 6275
8133 5991
8135 558
8136 5928
8137 2144
8140 1435
8142 1810
8143 4250
8144 764
8145 4075
8146 1476
8147 4895
8148 4549
8149 6275
8150 5463
8152 1854
8153 5037
8154 5718
8155 39
8156 5338
8157 561
8159 1412
8160 5885
8163 2448
8164 1101
8166 1288
8167 1655
8168 1294
8170 5530
8171 5923
8172 5687
8173 39
8174 5318
8175 3440
8177 539
8178 1973
8179 4586
8182 3312
8184 2591
8186 2146
8187 5839
8188 871
8189 4840
8190 1621
8191 5482
