6717 762
6586 106
6383 936
6511 38
6435 247
6793 13
1236 161
6657 371
305 141
4587 183
6757 240
6221 528
14 13
6380 33
2495 706
8192 539
1 5314
8193 1024
8194 2485
8196 3175
8197 6053
6 6782
8198 1555
8199 1350
8200 2179
10 6736
11 2695
8202 971
8203 6805
8204 6612
15 242
8205 866
8206 6499
8209 6892
19 6991
20 1929
21 3472
8210 442
23 1441
8211 238
8212 4058
26 2394
27 744
28 4875
29 1303
8213 1547
8214 1288
8215 2175
8216 303
34 6165
35 6510
8219 180
37 1333
38 5213
8222 6483
8225 477
8226 7156
42 7198
49 6615
57 1119
60 4650
64 7146
69 752
72 6890
74 6766
75 7198
77 1251
85 2580
89 3795
90 5648
91 6392
97 6205
99 68
100 2120
102 1058
105 378
106 6789
111 5175
112 631
113 4763
115 7167
120 7150
122 7081
126 6663
128 6491
129 5553
133 4066
135 375
136 4946
137 233
138 619
140 443
141 5289
149 4665
150 5614
151 7160
152 1991
153 596
158 632
161 6479
165 3831
166 6221
170 6800
173 3359
177 6487
183 6449
186 6818
187 6128
189 5363
191 308
192 7028
193 6509
201 2826
203 6590
206 725
207 7132
208 6869
209 6221
210 1543
211 1562
213 2659
215 6891
216 6190
219 6616
222 5930
226 6817
229 2491
234 920
240 80
241 3132
243 6622
245 1726
247 6514
250 6891
251 2355
252 6691
253 104
254 1184
255 6747
256 7002
257 7126
258 1490
259 1023
260 1301
262 404
263 7172
264 6742
265 164
266 5789
269 6828
273 4801
276 4875
278 1029
279 7044
282 5311
283 101
287 7089
288 3880
290 1187
293 1183
294 4293
295 1376
296 6703
297 7058
299 1985
300 6950
301 4066
302 6777
304 6223
307 1078
314 7062
317 2289
318 7060
320 7021
322 1856
323 109
324 185
325 1892
326 1119
330 6914
332 935
334 5679
338 6408
341 5298
347 6609
352 559
354 2536
355 1786
357 993
358 1594
361 639
362 2031
368 2246
369 3762
370 782
372 7159
373 645
376 1729
377 598
380 1860
381 5474
8217 1860
386 1570
8218 108
392 2020
393 289
394 541
395 3141
396 6730
8220 107
398 1294
399 6679
401 178
8221 4751
405 1501
407 1610
408 5029
412 17
413 6656
416 202
419 671
420 143
423 2781
424 2291
425 6508
426 3011
427 5767
428 5534
432 5632
434 6002
435 5833
438 6928
441 3592
444 305
446 6840
453 6355
454 221
455 1862
457 6822
459 6252
460 6910
463 6171
464 306
469 4676
470 1300
472 1363
474 6852
478 1047
479 1034
480 3472
486 5930
489 6871
491 447
501 268
502 6567
504 2454
505 1140
507 6703
514 6358
515 7174
516 3410
520 415
521 382
522 6690
525 1705
527 61
528 4800
529 2936
530 4178
531 319
534 1197
542 6327
543 7100
544 6593
545 2933
546 1488
548 7132
551 6521
553 103
554 333
556 4727
558 6492
560 6917
563 159
564 3046
567 7213
568 2893
569 4625
573 2429
574 76
576 2246
580 5155
582 2473
583 7174
585 3749
587 1373
589 1629
590 3236
592 977
595 1992
597 2936
599 3132
602 6509
603 4269
604 6918
605 7150
606 4941
607 1981
610 1925
612 5442
614 6103
617 1250
618 562
620 7014
621 385
626 2991
629 145
633 2443
635 179
637 488
638 6556
642 6644
647 6356
648 3237
649 2456
650 5083
652 7044
653 414
654 7223
656 6305
661 7032
662 5774
663 4801
664 1652
665 6365
667 566
668 139
669 12
670 447
672 1303
673 1299
674 6401
676 6082
677 6582
679 3507
680 139
681 495
682 651
685 7093
686 4676
688 327
690 2394
692 3514
693 168
694 4965
698 6777
700 1139
701 382
702 7131
707 5077
709 7183
711 403
712 3708
713 3795
714 1709
715 2488
719 134
720 6484
721 367
722 1376
723 5789
724 867
726 2128
727 1649
729 4926
733 6686
743 477
745 2697
746 3650
747 6964
748 639
750 2361
751 6956
753 2695
754 1803
755 2955
757 4472
758 4962
763 6103
765 6484
767 6991
769 6209
770 6599
771 5546
776 6492
777 1329
779 3596
780 6216
783 6841
784 6487
785 639
786 880
787 1022
788 4800
789 6374
793 58
794 1067
795 2959
796 6545
797 591
798 7095
800 36
801 7138
803 5947
804 198
806 1435
807 5383
810 6432
812 7206
814 734
816 36
817 6714
818 6760
820 3593
821 328
822 3633
824 1247
830 7207
831 2659
833 6739
836 1284
837 5413
838 3458
840 7221
841 2595
843 6793
844 2803
845 3360
847 1501
848 4910
849 1791
851 2671
852 562
854 6675
855 1889
856 6515
859 935
860 1067
865 624
868 6450
873 4677
874 683
875 7129
876 1202
878 6562
881 6417
882 221
883 2517
885 6628
887 7174
888 6486
889 3325
891 2528
892 6083
893 148
897 6738
900 1197
901 6561
902 716
903 7085
905 2091
906 1181
908 6443
909 155
910 2536
911 418
915 1381
916 658
922 517
923 6746
926 7028
927 2154
928 289
930 1792
931 1017
933 566
936 509
937 5876
939 6802
940 6417
941 2002
942 6950
943 7016
944 3162
945 6808
947 6609
949 6809
950 6854
952 734
953 1984
955 6503
958 6736
961 6654
962 2907
965 2000
968 6892
969 1001
970 7211
972 4650
975 3004
976 5728
978 7206
980 6487
982 1670
983 1060
984 4489
986 1602
988 1726
989 6988
990 5630
991 5255
992 2777
995 6631
999 6171
1000 6186
1002 7042
1003 2171
1004 6596
1008 7213
1012 974
1015 3969
1016 6344
1018 6820
1020 570
1021 6734
1026 6911
1027 6924
1032 6645
1033 1300
1035 3896
1037 5876
1039 4490
1040 2272
1041 938
1045 80
1048 1461
1050 5917
1053 994
1054 7154
1055 6826
1056 6945
1057 4672
1061 5206
1062 717
1063 3896
1064 1477
1070 586
1071 1321
1072 5894
1073 131
1077 6615
1079 6697
1080 5980
1081 411
1084 6811
1086 45
1088 1670
1090 6569
1091 73
1092 4534
1093 6510
1094 6867
1095 884
1096 6459
1098 1244
1099 687
1102 93
1103 6649
1105 2476
1107 732
1108 6543
1110 1022
1111 4772
1112 1752
1113 4751
1115 697
1116 4436
1118 6947
1120 2353
1121 1813
1122 826
1123 7199
1125 1271
1126 7209
1129 6811
1132 2001
1133 5209
1134 6876
1135 1119
1137 4965
1138 223
1141 5946
1142 220
1143 3218
1144 172
1145 1139
1146 402
1147 1635
1150 2725
1151 71
1152 6724
1155 2668
1156 3236
1157 6459
1159 697
1161 289
1162 6729
1164 450
1166 3812
1167 4487
1168 898
1169 238
1170 579
1171 627
1172 496
1174 7137
1175 4085
1177 5083
1178 7102
1180 731
1186 775
1190 6915
1191 6874
1192 6802
1193 1352
1194 2003
1195 699
1198 1030
1200 4965
1201 1610
1204 6686
1207 2595
1209 1404
1210 3466
1211 1478
1212 1337
1213 6995
1214 532
1215 7215
1216 6879
1218 7155
1219 306
1222 4910
1223 6967
1224 6865
1225 7198
1226 39
1227 6909
1228 345
1229 7176
1230 7110
1231 403
1232 488
1234 2003
1235 641
1238 1839
1239 6827
1242 7093
1243 244
1245 1392
1246 475
1248 5120
1249 212
1253 410
1260 6359
1261 6411
1262 3596
1263 5255
1264 1726
1265 3218
1266 6686
1267 7223
1268 2554
1272 7135
1273 5975
1274 7156
1275 1173
1276 2443
1280 3880
1281 175
1282 198
1283 6792
1289 6778
1290 570
1291 55
1298 71
1302 1119
1304 360
1306 7062
1307 2466
1309 4772
1310 281
1311 3613
1313 6736
1315 1490
1319 7200
1322 198
1323 6167
1324 1334
1332 387
1335 6676
1336 1352
1338 1607
1340 2559
1342 2444
1344 2404
1347 6782
1349 3194
1351 6932
1353 1403
1354 174
1355 6732
1356 1149
1357 1911
1358 2306
1360 2232
1362 957
1366 4408
1367 6500
1368 790
1369 6752
1370 623
1372 7006
1374 2192
1379 6626
1380 6473
1383 3685
1384 196
1385 6866
1387 6909
1391 828
1393 1429
1394 477
1395 1788
1399 4503
1400 1450
1401 572
1405 7140
1406 6559
1407 6156
1409 6773
1412 1543
1413 6813
1414 6717
1415 3845
1416 6225
1417 6612
1418 2240
1419 2738
1420 1464
1423 110
1425 1296
1426 509
1427 1856
1428 130
1432 6907
1433 6088
1434 156
1436 2083
1437 4771
1438 6728
1439 4157
1440 6465
1442 6563
1445 6828
1446 890
1447 3512
1452 6765
1453 4926
1455 925
1456 1247
1457 162
1458 2741
1459 2578
1463 5725
1465 1493
1466 7017
1468 6492
1470 705
1472 2171
1473 3105
1475 7023
1476 6914
1480 4609
1481 1014
1482 7210
1484 5680
1486 5083
1487 6401
1489 3367
1491 6082
1495 96
1496 6658
1497 6950
1498 1059
1500 2011
1504 3769
1505 2110
1507 2349
1508 83
1509 5398
1510 1389
1511 147
1512 2442
1513 608
1514 6716
1515 3237
1516 4240
1518 73
1519 858
1520 1104
1522 1153
1525 6382
1526 3769
1527 6477
1528 3646
1529 7190
1530 3099
1531 6724
1533 6845
1534 3180
1535 1877
1537 4240
1539 6658
1540 7021
1542 6429
1544 2268
1545 834
1546 6432
1551 2003
1552 6856
1554 5474
1556 2566
1558 6086
1559 509
1560 775
1561 6646
1563 5311
1564 1352
1565 6097
1566 660
1571 1173
1572 3681
1573 1060
1574 5105
1575 1233
1576 2399
1577 7132
1581 6597
1583 6637
1584 1925
1585 6772
1587 5522
1589 62
1591 3114
1592 339
1593 6355
1595 3070
1596 6640
1601 4058
1604 6488
1605 7109
1606 6380
1609 337
1612 6619
1614 6529
1615 6783
1616 4472
1617 6314
1618 1814
1619 1743
1620 6363
1622 3231
1623 6505
1625 5465
1628 1220
1630 549
1631 6606
1632 1254
1633 7004
1636 512
1637 1598
1640 6840
1641 772
1642 6605
1643 2134
1644 993
1645 1277
1646 1343
1648 6912
1650 12
1656 5795
1657 655
1658 5175
1659 2083
1660 1681
1661 315
1664 366
1667 212
1668 6548
1669 3612
1673 6918
1675 1813
1676 1158
1678 981
1679 2246
1682 6508
1683 3329
1685 1570
1687 2231
1688 6256
1689 870
1690 2925
1691 4957
1693 6447
1694 495
1695 7110
1697 890
1698 244
1699 329
1700 5909
1701 600
1703 1183
1704 1038
1706 4441
1708 59
1711 248
1713 6482
1714 96
1715 1937
1721 6452
1723 792
1727 6309
1728 6499
1730 1247
1731 2803
1732 6612
1734 863
1735 3124
1736 2149
1741 7203
1742 1979
1744 524
1745 1925
1746 353
1747 1665
1748 6100
1749 6991
1750 971
1753 5263
1754 130
1755 6605
1756 172
1757 6390
1758 6991
1759 7132
1760 6941
1761 494
1762 870
1764 6727
1765 2171
1767 1013
1769 3825
1770 2415
1771 1197
1773 5248
1776 5163
1777 2186
1780 7095
1782 7174
1784 5124
1787 6632
1789 1929
1790 6640
1793 1241
1795 616
1797 7027
1798 4248
1799 144
1801 1655
1805 6672
1807 3142
1808 7099
1809 2246
1810 3187
1812 2373
1815 58
1816 53
1817 1320
1818 6630
1821 2536
1822 117
1824 7173
1825 1254
1827 481
1829 6513
1830 185
1831 704
1832 6779
1833 6537
1834 6756
1836 6901
1837 5725
1842 7114
1843 4483
1844 6062
1845 5273
1846 6821
1847 6506
1848 2268
1849 6314
1851 7140
1852 7215
1853 7152
1854 2444
1857 6086
1858 7195
1859 6804
1861 2989
1864 5412
1865 1671
1866 1258
1867 223
1868 4365
1869 7198
1871 1885
1872 2128
1874 3484
1875 4345
1879 7109
1880 1220
1883 1257
1886 3324
1887 2930
1888 7041
1890 1666
1891 6331
1894 6806
1895 3981
1897 3400
1898 7208
1899 6355
1900 2056
1901 5446
1902 6619
1903 7178
1904 4001
1905 5841
1908 6438
1910 6638
1917 3141
1918 6815
1919 6589
1921 5622
1923 227
1924 195
1926 5188
1930 1060
1931 3682
1932 2000
1935 7200
1936 6378
1938 2092
1941 1378
1943 2068
1944 2349
1945 1611
1946 2348
1948 2797
1949 6422
1950 421
1953 2192
1954 6663
1955 7063
1956 2264
1958 6689
1959 1136
1960 737
1961 6910
1962 5546
1963 3252
1964 1719
1966 7146
1968 6332
1969 4225
1970 1314
1972 2316
1974 1160
1976 5486
1977 6491
1978 959
1982 3849
1983 3981
1986 1709
1987 6459
1988 1295
1989 3845
1990 147
1993 249
1994 5092
1995 107
1996 6505
1998 1059
1999 7126
2004 2553
2005 6531
2007 2252
2012 5163
2013 1176
2014 7072
2015 4962
2016 139
2017 5480
2018 541
2019 2353
2021 5321
2022 6489
2023 3963
2024 62
2025 6531
2026 456
2028 3029
2029 601
2030 1176
2032 6550
2033 716
2034 2442
2035 430
2036 374
2037 7167
2038 471
2039 6315
2040 6999
2041 6405
2042 3748
2045 7020
2046 2134
2047 646
2048 716
2050 3809
2051 3129
2052 5522
2053 890
2054 228
2057 3175
2058 7014
2059 2365
2060 7205
2061 6190
2065 2777
2066 333
2071 1823
2072 2321
2073 6331
2075 3804
2076 6509
2078 1333
2079 9
2080 7146
2081 4506
2082 389
2084 7161
2086 6975
2087 6371
2090 6528
2094 6007
2095 1549
2096 6562
2097 6949
2098 1952
2099 6766
2100 6429
2101 5103
2102 2268
2103 4801
2104 7092
2105 6675
2106 3507
2107 6682
2109 1471
2112 1877
2113 3857
2114 6375
2117 6596
2118 539
2119 6630
2122 3400
2123 6946
2124 3691
2125 6852
2126 3173
2127 217
2130 749
2133 2893
2137 6351
2138 7201
2140 630
2141 3215
2142 2129
2143 1424
2145 6834
2146 418
2148 3612
2150 4426
2152 7036
2153 6865
2155 6392
2156 5943
2157 5626
2158 4001
2159 7206
2161 6731
2162 4751
2163 7177
2165 7044
2166 1925
2167 7168
2172 2252
2174 6988
2176 6444
2178 6928
2180 768
2182 6815
2183 2306
2184 535
2187 6539
2188 6738
2189 6560
2191 2261
2193 1314
2194 223
2195 632
2197 7119
2199 5836
2200 4506
2201 3491
2202 1860
2203 2985
2204 6589
2205 2671
2208 6367
2210 7117
2211 204
2212 630
2213 6786
2214 6918
2215 5467
2217 1826
2218 1488
2221 45
2222 6816
2223 6315
2226 5636
2227 6530
2228 1013
2229 190
2233 571
2234 6564
2235 6223
2236 3142
2238 6701
2239 466
2241 846
2243 4030
2244 4763
2247 1022
2248 7040
2249 2120
2250 225
2251 3813
2253 1814
2254 1929
2255 3819
2256 7205
2258 1634
2259 6524
2260 1429
2262 2085
2263 5311
2265 1785
2266 5577
2267 3461
2269 6469
2270 3119
2271 1686
2273 6754
2275 6925
2277 6441
2278 1305
2279 6703
2280 7040
2281 6404
2283 7102
2284 3691
2285 13
2286 1478
2288 762
2290 1038
2292 6813
2293 5988
2295 5909
2296 6723
2297 6082
2298 1140
2299 2131
2300 6181
2301 872
2302 7190
2303 6834
2305 7197
2307 7051
2308 5858
2310 1722
2311 1149
2313 4001
2314 7041
2315 1284
2317 2615
2318 532
2320 3611
2323 7180
2324 2953
2325 6432
2326 5354
2327 3161
2330 6634
2333 6328
2334 2003
2335 6966
2336 5167
2337 306
2338 1149
2340 1600
2341 598
2342 56
2343 6605
2345 1217
2346 4148
2347 1046
2350 5648
2351 6560
2352 2654
2357 80
2358 1796
2360 4293
2362 6747
2366 1392
2370 7102
2374 5636
2377 7105
2378 1031
2379 497
2382 6179
2384 5789
2386 6408
2387 1005
2389 6951
2390 1547
2391 5716
2392 3637
2393 4
2395 6879
2396 2348
2397 6984
2398 6839
2400 1448
2401 2192
2402 3029
2405 1543
2407 6483
2411 1109
2413 5803
2414 762
2416 6871
2417 87
2418 4215
2419 3769
2421 828
2423 6330
2424 1042
2425 4672
2426 616
2430 1478
2431 2068
2432 533
2433 6221
2435 7202
2436 5321
2438 6480
2439 3495
2440 1067
2441 1655
2446 6128
2447 6411
2448 815
2449 6995
2451 2668
2453 3916
2455 4974
2457 1975
2458 699
2459 4590
2460 66
2461 4710
2464 3593
2467 6739
2469 2528
2470 2991
2471 6328
2472 1647
2479 364
2480 1259
2482 697
2483 6865
2484 2232
2486 292
2487 512
2489 5294
2490 2928
2492 6909
2493 3270
2494 3359
2499 1217
2500 5679
2501 578
2502 1826
2505 2534
2507 487
2508 291
2509 6476
2510 2375
2511 7074
2512 168
2513 345
2514 6740
2516 1907
2519 6485
2520 5630
2521 861
2522 3359
2523 1450
2524 6083
2529 782
2530 7035
2532 1382
2533 4958
2537 1303
2538 117
2539 6800
2541 3694
2543 2536
2545 6639
2546 1979
2547 835
2550 6359
2551 5311
2555 6855
2560 7037
2562 7200
2563 1543
2567 5858
2569 752
2570 4408
2571 2454
2572 4483
2573 6848
2576 5841
2577 6619
2581 7162
2585 1649
2586 6736
2587 6683
2588 5586
2589 6457
2590 4143
2591 2599
2594 200
2596 6377
2597 3512
2598 1655
2600 3218
2602 6010
2603 7094
2605 1594
2607 383
2610 6558
2611 4604
2612 7127
2613 2136
2614 185
2616 1543
2618 6919
2619 6843
2621 6738
2622 539
2623 238
2624 1885
2625 4621
2626 6360
2628 422
2629 1013
2630 5006
2631 3241
2632 994
2634 1069
2635 579
2636 6354
2638 6947
2639 2565
2640 3407
2641 1058
2642 6475
2643 6384
2644 1785
2645 4100
2646 3701
2647 6717
2649 708
2650 2893
2651 98
2652 1270
2653 5612
2655 5215
2656 3360
2657 6792
2658 2595
2660 1296
2661 6789
2662 496
2663 6765
2664 3650
2665 2111
2666 636
2667 7164
2670 5789
2672 6722
2674 6385
2675 2526
2676 6524
2677 4482
2678 764
2679 6359
2680 3752
2681 4603
2682 6771
2683 6137
2684 1624
2685 759
2686 6469
2688 6335
2689 6626
2692 3036
2696 6663
2698 615
2699 7227
2700 4837
2701 6624
2704 6867
2705 6337
2706 6968
2707 6930
2709 139
2711 1692
2712 477
2715 5953
2717 7166
2718 417
2719 6346
2720 7026
2721 2870
2722 6869
2723 390
2727 467
2728 496
2729 6970
2730 1613
2731 6669
2732 2129
2733 5648
2735 5248
2736 6751
2743 6665
2744 5767
2745 6256
2746 2373
2748 31
2749 3723
2750 2031
2751 371
2752 6529
2756 3237
2757 6683
2758 1492
2759 6942
2760 6859
2762 5518
2763 6108
2764 239
2765 3328
2768 3324
2770 4771
2771 7111
2772 2908
2773 6450
2774 7228
2775 6706
2776 4446
2778 1255
2779 160
2782 3778
2783 6389
2784 4825
2785 6924
2786 6223
2787 3328
2789 5092
2791 195
2793 7228
2794 148
2795 6739
2796 1448
2799 6637
2800 5928
2801 7150
2802 48
2804 3734
2806 4052
2807 6622
2809 4545
2810 912
2811 4763
2812 1997
2814 3896
2815 509
2816 6661
2817 389
2818 6583
2819 2866
2820 7192
2822 6964
2827 2991
2828 7105
2829 2093
2830 78
2831 3329
2833 3495
2834 485
2835 7190
2836 6759
2838 6603
2842 418
2843 1680
2844 1022
2845 5360
2847 866
2849 7156
2851 773
2853 5299
2854 6546
2855 6907
2857 5905
2859 4825
2861 6942
2862 6492
2863 1049
2867 7176
2868 6450
2871 68
2873 4974
2875 4962
2877 835
2879 6950
2880 3567
2884 8
2885 1738
2886 954
2887 2369
2888 6956
2889 2548
2890 6435
2891 3229
2892 1680
2894 6589
2895 199
2896 6662
2897 6213
2898 2289
2899 6642
2900 306
2901 8
2902 6853
2903 1205
2904 5522
2909 242
2910 6714
2913 5248
2914 2881
2915 6718
2916 6744
2917 403
2918 6350
2920 6854
2924 1176
2926 6920
2929 2415
2931 1743
2932 2049
2934 6173
2937 2488
2938 2637
2939 159
2940 1183
2941 5155
2942 5360
2945 1153
2947 1680
2948 1025
2949 1136
2950 3046
2951 7030
2952 894
2956 7164
2957 630
2958 1339
2961 3320
2962 157
2963 2171
2964 4065
2965 6836
2966 4635
2968 2429
2969 744
2970 448
2972 2840
2973 3238
2974 842
2975 51
2976 993
2978 1692
2979 7173
2981 3426
2982 2246
2984 482
2986 6349
2987 508
2988 2089
2990 6784
2992 450
2993 2693
2994 3039
2995 509
2996 6969
2997 6411
2998 4001
2999 5962
3000 5
3001 535
3005 997
3006 3396
3009 7021
3010 7185
3013 1471
3014 6663
3015 2580
3016 52
3018 1863
3019 327
3020 6492
3023 6518
3024 7184
3025 4248
3026 7084
3027 204
3028 359
3030 5480
3032 7105
3034 157
3035 56
3037 3129
3038 220
3040 6486
3041 7104
3042 7092
3043 5946
3044 1724
3045 1461
3047 6616
3050 6293
3051 246
3052 3099
3053 1117
3054 6476
3055 1308
3057 2175
3058 6558
3059 2375
3061 382
3062 6858
3065 2369
3067 164
3069 1068
3071 2403
3072 6305
3073 5396
3074 1884
3075 7192
3077 7083
3078 1671
3079 6476
3082 6583
3083 2144
3084 3849
3085 6703
3086 6527
3087 2991
3088 6853
3089 7178
3090 764
3091 6891
3092 6759
3096 1652
3097 1334
3098 5975
3100 6813
3101 2477
3102 2552
3104 5354
3107 2304
3108 7029
3109 1038
3110 4058
3111 1610
3112 870
3113 5124
3115 3359
3116 18
3117 1984
3118 185
3120 6549
3121 5188
3123 1828
3125 3593
3126 1779
3127 7040
3130 6841
3131 884
3133 1022
3135 130
3137 3275
3138 1973
3139 1652
3144 7080
3145 5393
3146 6863
3147 6554
3149 3175
3150 1937
3151 433
3152 630
3153 1740
3154 7030
3156 1586
3159 7215
3160 6715
3163 2846
3165 634
3166 248
3167 4446
3168 826
3169 2790
3170 4590
3171 6517
3174 4827
3176 4634
3177 792
3178 6019
3179 6483
3181 6403
3182 539
3183 2693
3184 6679
3185 4489
3188 6475
3189 1183
3190 6486
3191 2566
3192 802
3195 1663
3196 3596
3197 331
3198 5619
3201 6759
3202 81
3203 1036
3206 6951
3207 2599
3208 6347
3209 6812
3210 1014
3211 4599
3212 4148
3213 6796
3214 4293
3216 2454
3217 3238
3219 3857
3220 790
3221 1980
3224 6445
3226 7072
3227 4483
3228 6178
3232 687
3233 2697
3234 959
3235 6990
3239 410
3240 6969
3242 2468
3243 1117
3245 2478
3246 5553
3247 1076
3248 6110
3249 418
3250 6445
3251 1042
3253 415
3254 7184
3255 1743
3258 7126
3259 4926
3260 2319
3261 1114
3264 3222
3266 4416
3267 1555
3268 2294
3269 6186
3271 2175
3272 2181
3273 7162
3274 6613
3277 6852
3278 3407
3279 2388
3281 6794
3282 1036
3283 2008
3284 773
3285 5178
3286 1665
3287 6707
3288 5561
3290 4325
3292 3134
3293 6073
3294 7152
3295 1719
3297 5393
3298 5215
3299 2116
3301 6088
3303 6757
3304 2306
3307 7025
3308 5160
3310 461
3311 6417
3312 870
3313 3895
3315 1160
3316 477
3318 1109
3323 5728
3327 2091
3330 508
3331 1550
3333 450
3334 2220
3335 199
3336 6452
3337 3410
3338 6767
3340 6487
3341 6457
3342 44
3343 6276
3345 233
3346 6178
3348 6771
3350 3474
3352 477
3355 6434
3356 1881
3357 2878
3358 364
3361 7005
3362 2959
3363 5654
3364 636
3365 4489
3366 7050
3369 3039
3370 2797
3371 7097
3372 2595
3373 3484
3374 391
3375 761
3376 7025
3377 1140
3378 7023
3380 7192
3381 7051
3382 5314
3383 6707
3384 123
3385 2826
3386 55
3388 524
3390 5619
3391 632
3392 792
3393 782
3394 406
3395 6973
3397 7207
3398 6165
3399 6956
3401 5968
3402 2908
3403 6682
3405 178
3406 461
3408 1907
3411 6620
3414 5803
3416 331
3418 6327
3419 2083
3420 5083
3421 5263
3422 5248
3423 959
3424 93
3425 6414
3427 6156
3428 5262
3431 2476
3432 1256
3434 1221
3437 5320
3438 6521
3439 1389
3441 2741
3442 7012
3443 195
3445 2477
3446 4917
3447 1173
3448 6764
3449 3778
3452 3351
3453 6382
3454 6577
3455 5498
3456 51
3459 6820
3460 703
3462 5213
3463 5803
3464 109
3465 547
3468 3029
3469 3236
3470 2876
3471 5320
3473 808
3477 5764
3478 2708
3479 6407
3480 7168
3482 2552
3483 4426
3485 2536
3486 359
3487 4965
3488 1321
3489 6770
3490 7088
3492 3461
3493 6636
3494 6639
3496 6599
3497 180
3500 6463
3501 2240
3503 7134
3504 228
3505 2580
3506 492
3508 6396
3509 2928
3511 5151
3513 2553
3515 198
3516 7198
3520 6774
3521 2434
3522 7224
3526 6599
3527 2008
3529 475
3530 3400
3531 7113
3533 2548
3534 415
3535 1241
3536 451
3538 6352
3539 6386
3540 7159
3542 790
3543 6447
3545 1173
3546 683
3547 835
3551 6638
3553 3161
3555 6984
3556 6755
3557 1911
3559 6470
3560 660
3561 6520
3562 5654
3563 6653
3566 5614
3568 6817
3570 7028
3571 4353
3572 6867
3573 1621
3574 3813
3575 4739
3576 1677
3577 6276
3578 5577
3579 5360
3581 1570
3583 4112
3584 7072
3585 6718
3587 2055
3589 1389
3590 6673
3594 6604
3595 3359
3597 1677
3598 6607
3599 5612
3601 5347
3602 6382
3603 684
3606 7215
3607 6729
3608 6367
3609 2580
3610 6716
3614 2365
3618 6589
3621 7027
3622 5930
3623 3351
3624 6660
3625 2056
3630 2839
3631 442
3632 6706
3634 6620
3635 343
3636 539
3638 88
3639 5833
3640 7102
3641 1794
3642 6437
3643 4534
3644 5474
3647 5793
3651 586
3652 6374
3653 2908
3654 449
3655 6703
3656 7149
3658 7015
3659 43
3661 5917
3662 3162
3663 3831
3665 2959
3666 1647
3667 778
3668 5946
3669 6083
3671 1443
3674 6189
3676 6480
3678 4436
3679 6464
3680 6435
3684 7183
3686 351
3689 4209
3692 6455
3695 5396
3696 4487
3697 5356
3698 101
3699 6999
3702 5498
3703 3837
3704 6637
3706 2825
3707 47
3709 225
3712 1036
3713 114
3714 2527
3716 6484
3717 6853
3718 3328
3721 2291
3722 13
3726 5465
3728 6351
3729 1803
3731 6775
3732 1296
3733 6777
3736 433
3737 925
3738 4587
3739 7040
3740 2111
3741 1471
3742 826
3743 1985
3745 305
3746 2008
3750 6737
3751 6417
3753 1665
3755 6514
3757 81
3758 2637
3760 471
3761 6407
3763 3715
3765 1303
3766 6780
3767 458
3768 2960
3771 2659
3772 6479
3774 1386
3775 3450
3776 896
3777 963
3780 6988
3781 1153
3782 181
3783 1117
3784 979
3785 1066
3787 4752
3788 938
3789 3749
3790 2240
3792 2069
3794 1052
3796 4480
3797 5909
3798 5636
3800 6935
3801 447
3802 1680
3803 3567
3805 7066
3806 2481
3807 5549
3808 312
3810 442
3811 2553
3814 1127
3815 402
3818 3596
3820 484
3821 104
3823 6762
3824 3649
3826 1555
3828 6465
3832 6680
3833 6756
3834 2839
3836 5355
3840 7104
3841 1670
3844 2473
3846 6569
3847 3650
3848 3461
3850 103
3851 1187
3853 218
3854 6097
3855 50
3858 948
3859 2348
3861 7184
3862 646
3864 1148
3866 1506
3867 5347
3868 244
3869 5758
3870 1149
3871 5970
3872 6571
3873 1181
3874 2002
3875 1751
3877 2848
3878 6729
3884 1278
3885 7016
3886 2557
3888 6189
3889 6869
3891 246
3892 3325
3893 6854
3894 308
3899 2179
3900 6404
3901 2991
3903 2111
3905 8
3907 200
3909 6774
3910 2179
3911 6761
3912 382
3913 6780
3915 246
3917 2495
3918 6666
3919 2476
3921 619
3924 6737
3925 524
3927 3715
3928 5793
3929 6447
3931 6751
3933 6601
3935 678
3937 6360
3938 6213
3939 6110
3941 7143
3943 2558
3944 6354
3945 6506
3946 634
3947 6574
3948 1287
3950 2216
3951 1724
3952 2738
3953 6403
3954 6570
3957 5360
3959 6356
3960 6783
3961 871
3962 6533
3964 666
3966 22
3968 6821
3970 6088
3971 3537
3972 704
3973 6776
3974 6499
3976 6390
3977 1663
3978 6816
3979 1236
3980 6644
3982 6646
3983 249
3984 4225
3985 6640
3986 4487
3987 5209
3988 1402
3989 5160
3990 6607
3991 4269
3992 1329
3994 1543
3995 3795
3996 6660
3997 3981
3998 5163
3999 231
4000 7160
4002 168
4003 422
4005 6171
4006 7116
4007 6381
4008 179
4009 7085
4010 2456
4011 5988
4012 2454
4013 566
4014 3756
4015 6616
4016 6949
4017 1705
4020 1308
4022 3831
4024 3890
4025 6443
4027 5725
4028 3879
4029 1350
4035 623
4036 2797
4040 1889
4042 1392
4043 6577
4045 1692
4046 6766
4047 3650
4049 511
4050 1403
4051 7085
4053 3400
4054 5767
4055 6689
4057 81
4060 2219
4062 1038
4064 1602
4069 7158
4070 979
4071 6867
4073 6517
4074 3517
4075 954
4076 3523
4079 741
4082 5167
4083 2361
4084 4030
4087 5
4090 197
4092 482
4093 1257
4094 44
4097 1256
4098 277
4102 5321
4104 2264
4105 6378
4106 7145
4108 4965
4109 6338
4111 3379
4114 6432
4116 1647
4117 5526
4118 7098
4119 1490
4120 752
4123 2491
4124 2713
4126 935
4129 6338
4130 6728
4133 6848
4135 6505
4137 7052
4138 445
4142 549
4145 588
4146 3351
4147 819
4149 164
4150 4751
4151 7034
4152 1381
4153 6478
4154 6882
4156 2403
4158 2557
4159 6392
4160 1884
4162 7071
4163 5415
4164 1025
4168 3613
4169 5151
4170 5321
4172 2268
4173 6773
4174 6315
4176 1738
4183 3880
4185 488
4187 6944
4189 6666
4191 2415
4195 6854
4196 6930
4197 6884
4198 2151
4201 5360
4203 492
4204 6225
4205 1501
4206 3347
4207 5962
4210 6390
4213 3173
4216 1271
4217 4489
4218 1375
4220 5952
4222 5446
4223 6639
4226 7181
4227 6507
4228 741
4229 703
4231 6708
4232 3916
4234 59
4235 1182
4236 2708
4238 2083
4239 6785
4241 6447
4242 1009
4244 7102
4245 7116
4246 1350
4249 6086
4250 6223
4252 1082
4253 344
4254 919
4255 6772
4257 3708
4258 2209
4259 6404
4260 759
4261 4692
4263 54
4265 5846
4268 6504
4271 6788
4272 4634
4273 3880
4275 2878
4276 228
4277 3664
4278 616
4279 6477
4280 1621
4281 342
4282 309
4284 7038
4285 4707
4286 6504
4287 237
4290 4325
4292 1912
4295 3518
4297 6365
4299 497
4300 3328
4301 458
4302 1740
4304 2654
4305 6936
4306 382
4307 6927
4308 6363
4309 4962
4310 1397
4311 3440
4312 2196
4313 7132
4314 5213
4315 5299
4318 2361
4319 2216
4321 6431
4322 1733
4323 1823
4324 327
4326 7169
4328 6936
4331 2468
4333 5943
4334 6867
4335 343
4336 445
4337 4672
4338 3670
4339 7181
4340 6742
4342 4441
4344 1042
4346 6974
4347 2595
4348 6608
4350 1567
4351 6662
4354 1860
4355 5
4357 1733
4359 5946
4361 737
4362 7101
4363 1490
4364 1785
4368 509
4369 6709
4371 782
4372 1058
4373 1131
4375 6518
4376 194
4377 3612
4378 18
4379 5167
4382 4635
4383 6434
4384 4928
4385 974
4386 552
4387 5450
4388 4178
4389 7093
4390 6261
4391 7040
4394 6551
4396 1719
4397 1709
4400 1499
4401 3567
4402 6734
4403 6772
4405 4825
4406 2536
4407 71
4409 6463
4410 2427
4411 107
4412 261
4413 6479
4414 7228
4415 1038
4417 2274
4418 5912
4419 3329
4420 1493
4421 1881
4423 146
4424 6665
4425 2230
4427 536
4429 6156
4432 351
4433 3252
4434 7117
4435 581
4437 2710
4439 88
4440 7205
4443 331
4444 6669
4445 3969
4448 6353
4449 6603
4450 181
4451 3591
4452 41
4455 4039
4456 4065
4457 6083
4458 828
4459 6636
4460 4001
4461 1881
4462 1375
4464 3701
4466 6626
4467 7166
4468 13
4470 6710
4471 7140
4473 6437
4474 3060
4475 6558
4476 36
4477 3916
4478 3252
4479 3694
4481 6801
4488 557
4495 624
4496 1467
4497 6661
4498 6073
4499 4739
4500 1980
4504 4066
4507 2777
4508 2466
4510 951
4511 2344
4512 6419
4513 3244
4514 199
4515 6895
4516 6320
4517 3756
4518 5928
4520 4436
4521 5728
4522 6506
4525 7020
4526 6666
4529 577
4530 6686
4531 7223
4532 6783
4535 734
4536 4251
4537 2116
4538 6365
4539 3649
4540 5799
4541 708
4543 114
4544 7168
4546 6661
4548 1991
4549 3031
4551 1389
4552 7119
4553 6554
4554 5779
4555 533
4556 6827
4557 4609
4559 6338
4560 6870
4561 2559
4562 6987
4563 445
4564 2115
4566 898
4567 6514
4568 6944
4572 4030
4573 6628
4575 7113
4576 6469
4577 118
4578 7088
4580 6508
4581 36
4582 6843
4583 1740
4585 6508
4586 6656
4588 951
4591 1303
4593 1337
4594 1339
4595 6928
4596 2355
4597 7140
4598 6609
4602 6562
4605 2495
4606 7016
4607 3896
4608 1403
4610 3205
4611 6351
4612 6892
4613 2404
4614 1471
4615 6774
4616 6661
4617 2936
4618 5833
4620 1189
4622 6781
4623 7071
4624 683
4626 7034
4627 4845
4628 107
4629 1862
4631 6473
4632 7181
4633 1803
4636 4490
4637 5632
4638 3645
4639 1877
4640 6583
4641 3825
4642 624
4643 493
4644 7222
4646 1189
4647 896
4648 493
4651 2429
4652 5789
4654 6223
4655 6167
4657 2846
4658 7071
4659 7207
4660 5775
4661 1937
4662 6873
4663 1971
4666 1390
4667 625
4668 2637
4671 6660
4673 3436
4674 6814
4675 124
4678 3809
4680 3105
4681 5577
4682 675
4683 6969
4684 6603
4686 3241
4687 1364
4688 5491
4690 2062
4691 7020
4693 4353
4694 7216
4697 181
4698 6565
4700 391
4701 6780
4702 6719
4703 6093
4704 6481
4705 6869
4706 3396
4708 1240
4709 6966
4714 1221
4715 2316
4716 2580
4718 6441
4719 6764
4720 3004
4721 5702
4722 3920
4723 6841
4726 2557
4728 4650
4729 1117
4732 4650
4734 2548
4735 2671
4736 3882
4738 2049
4742 3845
4743 2693
4746 139
4747 1184
4748 3450
4750 6672
4755 509
4756 1800
4758 6866
4759 6703
4760 6455
4762 5534
4764 898
4765 6919
4766 2840
4767 1681
4769 1131
4770 221
4773 951
4774 2536
4775 1005
4776 3896
4777 6672
4779 2535
4780 4269
4782 6695
4783 500
4784 310
4785 6381
4787 1860
4788 1737
4789 736
4790 3720
4792 3322
4793 6272
4794 3466
4796 6821
4797 2477
4798 6422
4799 1819
4803 6581
4804 7125
4805 1819
4806 6736
4807 4143
4809 3466
4812 1352
4813 1739
4814 3046
4815 6974
4816 1284
4817 7135
4819 3756
4820 6419
4821 6684
4824 7078
4826 6679
4828 6607
4829 6811
4830 6504
4832 1916
4833 6629
4834 6684
4835 2944
4836 6361
4838 557
4839 167
4840 4240
4841 7190
4843 1570
4847 6695
4848 6754
4849 2928
4850 861
4851 7073
4852 598
4853 87
4855 1001
4856 5912
4857 4801
4858 3440
4859 6569
4860 76
4862 7183
4863 172
4864 5799
4865 6390
4866 6672
4869 2000
4870 5299
4871 1184
4872 6371
4873 1013
4874 6515
4877 7064
4878 4672
4879 6465
4880 6450
4881 7192
4882 1220
4885 7184
4886 6434
4887 7125
4889 3819
4891 339
4892 1860
4894 3930
4895 6741
4897 6379
4898 2536
4900 5998
4901 4625
4904 6616
4905 5968
4907 4763
4908 1019
4911 657
4912 853
4913 536
4914 7037
4915 6643
4921 5029
4922 994
4924 6804
4925 752
4929 4186
4931 6435
4932 985
4936 4293
4938 7129
4939 422
4940 1835
4942 3592
4945 6332
4947 2553
4950 1364
4951 88
4952 1738
4953 2136
4955 6424
4956 6949
4959 2169
4960 1951
4961 3436
4963 7028
4964 5480
4966 2525
4967 6441
4968 6821
4970 6879
4972 6683
4977 7033
4978 465
4979 4353
4980 731
4981 5716
4982 6773
4983 4650
4984 2580
4985 912
4987 7070
4991 382
4993 7074
4994 169
4995 5846
4996 6375
4998 7079
4999 2548
5000 964
5002 239
5003 7010
5004 3124
5005 4446
5007 7145
5008 879
5010 484
5011 31
5012 227
5014 3708
5015 7184
5016 156
5017 6673
5018 7201
5019 1979
5021 2554
5023 1348
5025 6350
5026 442
5028 123
5031 5909
5032 3200
5034 966
5035 2468
5038 13
5039 3205
5043 6612
5044 7169
5045 5946
5046 6777
5047 5836
5049 6186
5050 6926
5052 415
5056 5446
5057 6552
5059 6628
5061 3426
5062 7111
5063 725
5064 2971
5069 4408
5071 5291
5072 2557
5073 6227
5075 1373
5076 7072
5078 6623
5079 6465
5080 6787
5081 6827
5094 142
5100 2373
5102 7078
5104 6496
5106 3060
5107 6672
5108 2535
5109 581
5110 7100
5111 1068
5112 518
5115 1671
5116 139
5117 465
5118 7070
5119 4293
5122 3244
5123 2319
5126 6559
5129 498
5130 303
5131 3825
5132 2536
5133 6774
5134 7228
5135 1506
5136 466
5139 1259
5140 4587
5142 1803
5144 3141
5145 6429
5146 3036
5147 2000
5148 3613
5149 1386
5150 4752
5154 6777
5156 339
5157 7051
5159 139
5161 1007
5164 5636
5166 6630
5168 3
5172 7224
5173 6942
5174 6619
5177 3173
5181 7004
5182 6524
5183 360
5184 6588
5186 6421
5191 2559
5192 65
5193 2232
5194 6650
5195 3942
5196 24
5198 1671
5199 3670
5201 799
5202 6676
5203 5680
5204 1375
5205 6879
5207 6606
5208 575
5210 7079
5211 7073
5212 2864
5214 2710
5216 790
5217 227
5219 2841
5221 6167
5222 6511
5225 1331
5227 17
5228 2654
5229 6746
5230 6456
5231 4727
5233 270
5235 6637
5236 6490
5237 6503
5238 3769
5239 7080
5240 938
5242 6715
5243 402
5244 2369
5245 588
5246 6751
5247 5636
5249 83
5250 7215
5251 7113
5252 2959
5256 125
5257 233
5258 1299
5259 6712
5260 88
5261 5764
5264 6213
5265 4635
5266 6391
5267 960
5270 6511
5271 1586
5272 1127
5274 1485
5275 6492
5276 2606
5277 1506
5278 6389
5279 3813
5280 7130
5281 1823
5282 948
5283 6881
5286 6935
5287 3270
5288 2468
5290 6615
5292 7015
5293 1176
5296 7090
5297 6719
5300 1220
5301 6751
5304 6548
5308 6500
5309 6530
5310 3499
5312 5041
5315 6432
5317 2434
5318 6907
5319 1464
5323 306
5324 116
5327 3270
5328 5103
5330 5294
5331 7025
5332 6734
5333 1251
5335 6403
5336 7215
5337 7074
5341 402
5342 482
5343 728
5345 2168
5346 985
5348 2002
5350 6779
5352 6970
5353 18
5357 6095
5358 7100
5359 7042
5361 1030
5362 4727
5366 2376
5367 7066
5368 3670
5369 2821
5370 308
5371 6486
5372 6884
5374 3896
5375 6815
5376 4139
5379 7113
5381 524
5382 6165
5384 2478
5385 5940
5386 998
5388 609
5389 6910
5392 7152
5394 6341
5395 1046
5397 3329
5399 3320
5400 1602
5401 834
5402 734
5403 6623
5404 6475
5406 4827
5408 3119
5409 2527
5410 5538
5414 2846
5416 1443
5417 50
5418 6573
5419 4096
5420 2000
5421 6988
5422 4441
5424 4844
5425 2526
5427 131
5428 1327
5429 2408
5431 2216
5432 2476
5433 6536
5435 6915
5436 2559
5437 5988
5438 2375
5440 6587
5441 1889
5443 1017
5445 7073
5447 7100
5449 1686
5452 4325
5453 6619
5454 2252
5456 6337
5457 1220
5458 1258
5459 4085
5460 632
5461 3
5462 5546
5463 1804
5464 799
5466 7177
5468 6489
5470 3865
5472 1907
5473 1199
5475 6793
5476 1712
5477 1819
5478 1828
5479 3175
5481 2991
5482 309
5483 4503
5484 1066
5487 164
5489 5561
5490 5912
5496 1992
5497 2443
5499 1547
5500 4107
5504 1796
5505 6874
5507 894
5508 2517
5509 6344
5510 6744
5512 1450
5513 7154
5514 7161
5515 6377
5516 6002
5517 6577
5519 2353
5520 147
5521 7010
5523 699
5525 1570
5527 623
5529 95
5530 353
5532 1568
5536 3593
5537 3031
5539 6088
5540 1739
5541 1705
5543 861
5544 6984
5547 1130
5548 3105
5550 1109
5551 6984
5554 562
5555 1984
5556 7228
5557 1718
5559 6984
5560 5029
5562 7211
5563 7142
5564 2478
5566 2209
5568 1860
5569 4157
5570 6879
5571 1785
5572 482
5576 1862
5578 7175
5579 378
5580 552
5582 6419
5583 6734
5588 2
5590 7118
5591 5702
5593 2132
5594 2450
5595 1068
5596 6453
5597 367
5599 3813
5600 6556
5601 17
5603 2708
5604 6891
5605 2876
5606 345
5607 6973
5608 1388
5610 3613
5611 7042
5613 7222
5615 6113
5616 1991
5618 762
5621 382
5625 18
5627 7107
5628 1187
5631 2209
5633 6662
5634 1800
5641 1666
5642 778
5643 175
5644 619
5645 1772
5646 6491
5649 309
5650 1182
5651 3981
5652 4482
5653 6551
5655 2495
5656 313
5657 1199
5658 2741
5659 6941
5660 5356
5661 6514
5662 6834
5664 124
5665 7040
5666 3387
5667 6548
5668 261
5671 7128
5672 3450
5673 2179
5674 5320
5675 6469
5676 1047
5681 5314
5682 5373
5683 4917
5684 6478
5685 3222
5686 3011
5687 1014
5689 62
5690 5534
5691 73
5692 4058
5693 508
5694 2232
5695 1791
5696 6415
5697 159
5698 703
5699 6639
5700 270
5703 7106
5704 4441
5705 6767
5707 954
5709 1181
5711 6515
5712 6827
5713 2566
5715 2944
5717 6561
5718 646
5720 3236
5721 7211
5722 4875
5723 456
5724 466
5726 160
5729 175
5733 6551
5734 7099
5735 5268
5736 6912
5737 6305
5738 3677
5739 3779
5740 6769
5741 655
5742 63
5743 934
5744 5077
5746 6644
5747 6390
5749 1772
5750 2466
5752 7129
5753 752
5757 391
5759 2840
5760 1127
5761 3752
5762 205
5763 2565
5765 6465
5766 5299
5769 53
5770 7130
5771 2848
5772 2388
5773 6604
5777 364
5778 6276
5780 4446
5781 6500
5782 1802
5783 1881
5784 7088
5785 538
5786 3544
5791 1052
5796 6746
5797 675
5798 1912
5800 5795
5802 2925
5804 24
5805 3481
5806 4910
5808 660
5809 627
5810 6093
5812 533
5813 7004
5814 2648
5815 7020
5816 7185
5817 4523
5818 148
5819 3664
5822 2848
5823 6630
5826 4699
5827 1220
5829 3466
5830 4786
5831 6665
5832 1928
5834 1363
5837 634
5838 781
5839 1403
5842 1130
5843 1148
5847 2559
5848 7043
5849 440
5850 1856
5854 858
5855 4248
5856 1562
5857 6852
5863 6646
5864 4494
5865 4483
5866 3849
5870 1109
5871 171
5872 6919
5873 6789
5874 6735
5875 1913
5878 433
5879 5215
5880 3650
5881 230
5882 6669
5883 3749
5884 3517
5885 6152
5886 3617
5887 1240
5889 1569
5891 624
5892 4503
5895 6930
5896 3387
5897 1971
5898 5626
5899 6464
5900 1124
5901 1154
5902 2
5903 3694
5904 5779
5906 7111
5911 6601
5915 142
5916 94
5918 3752
5919 2056
5920 198
5921 7176
5923 3694
5924 6774
5925 6436
5926 4957
5927 1922
5931 6852
5932 6382
5933 1320
5934 1547
5936 5103
5937 7164
5938 181
5939 6351
5941 3354
5944 1104
5945 4699
5948 3404
5950 3119
5951 1066
5954 2
5955 5962
5956 538
5958 1493
5959 1317
5960 6521
5961 2001
5963 2536
5965 6841
5966 6710
5967 2020
5969 6371
5972 1247
5976 3879
5978 6429
5979 5347
5981 6859
5982 591
5983 312
5984 3694
5985 4941
5987 6371
5989 6894
5990 4590
5991 7211
5992 1979
5993 2055
5995 913
5996 6832
5997 1449
6000 1929
6003 562
6004 4112
6005 5953
6006 5858
6008 62
6009 5
6011 56
6012 4579
6013 6826
6014 156
6015 5206
6016 5858
6017 7042
6018 7095
6020 6434
6021 3060
6022 609
6023 7208
6025 6567
6026 6815
6027 7115
6030 7181
6032 4579
6033 6543
6034 184
6036 1078
6037 6518
6041 4926
6042 6968
6044 6396
6046 46
6047 461
6048 6354
6049 3682
6051 2131
6054 1257
6056 6315
6057 6688
6058 2584
6059 6511
6060 5858
6061 374
6063 2091
6064 6942
6065 6802
6068 6938
6069 7059
6070 6848
6072 3916
6075 61
6076 2252
6078 2443
6079 4587
6081 6928
6084 5120
6085 6640
6087 6599
6089 50
6090 351
6091 7078
6092 5450
6094 6371
6096 4935
6098 6969
6101 7077
6102 62
6104 7070
6105 1940
6106 6592
6107 6619
6109 2120
6111 2093
6112 6440
6114 2579
6116 500
6118 6411
6121 6909
6122 967
6123 7107
6124 1743
6126 2584
6127 3320
6129 6421
6130 1046
6131 2316
6132 7105
6133 866
6134 2083
6135 1389
6136 6517
6138 6840
6139 181
6140 5614
6141 835
6142 190
6143 508
6144 775
6145 4699
6147 981
6150 5176
6151 1114
6153 6347
6159 1624
6160 8
6162 6110
6163 2011
6164 7113
6168 6503
6174 4958
6175 1490
6176 646
6180 443
6182 6694
6184 6325
6185 6495
6187 80
6191 3466
6192 839
6193 598
6195 5851
6200 1600
6201 6338
6203 6746
6204 1082
6206 4727
6210 375
6212 1343
6214 7004
6215 7184
6217 195
6218 7126
6222 7152
6228 224
6229 623
6230 7084
6234 194
6235 6330
6236 3649
6239 5467
6241 6873
6242 6788
6243 6727
6245 4148
6247 1411
6248 6934
6249 6536
6250 879
6251 2790
6253 7224
6258 1778
6260 2274
6262 2797
6264 6539
6265 6205
6266 1652
6267 492
6268 6492
6269 327
6270 500
6271 305
6274 5779
6275 6812
6277 7088
6279 3329
6280 5952
6281 640
6283 4634
6284 2840
6285 2554
6288 6685
6290 378
6291 1663
6292 7100
6298 492
6302 2930
6303 3932
6304 1317
6306 6167
6307 1321
6308 2841
6310 1140
6311 6912
6313 1294
6316 7176
6317 1655
6321 6432
6323 1176
6345 1049
6544 7060
6664 7129
6671 5415
6704 7126
6705 5534
6743 6347
6748 1594
6753 1127
6851 225
6861 5083
6953 7072
6954 1001
6965 919
6979 3142
6983 1488
7019 2989
7048 6375
7091 3613
7186 1305
7218 6227
7230 1221
7231 6019
7232 1680
7234 447
7235 2960
7239 1279
7240 104
7244 1794
7245 4037
7248 1608
7249 108
7250 3241
7251 6720
7254 2456
7256 5356
7258 1049
7259 3650
7260 981
7261 1252
7262 938
7264 6189
7266 359
7268 433
7269 1411
7271 1199
7273 823
7276 184
7277 2003
7278 7052
7279 5636
7280 1876
7281 6100
7283 1320
7285 6548
7288 6445
7289 4875
7295 7022
7296 646
7297 5788
7298 7098
7300 5383
7302 749
7304 5169
7305 125
7306 4739
7308 6599
7310 1800
7311 4345
7312 2908
7314 388
7315 6465
7316 6728
7317 1441
7318 2429
7319 1254
7320 7178
7321 4416
7323 5092
7324 6767
7325 506
7326 7115
7327 6828
7328 6086
7329 3591
7330 3969
7331 1217
7332 7071
7333 691
7335 233
7336 842
7337 6990
7339 536
7341 3514
7342 6793
7343 5412
7344 683
7345 907
7347 7224
7348 5998
7349 6019
7350 6511
7351 55
7355 2179
7356 6967
7357 1288
7358 7162
7359 6727
7360 6362
7361 3565
7362 3612
7363 139
7365 7022
7367 1241
7368 6515
7369 6137
7370 6708
7371 2003
7372 2348
7373 1804
7375 7062
7377 6823
7378 6558
7379 2528
7381 866
7382 7093
7383 6856
7384 1381
7387 157
7389 918
7390 960
7391 7012
7392 559
7393 7208
7395 1036
7396 6530
7397 6596
7399 114
7400 511
7403 600
7404 225
7405 309
7407 7166
7408 66
7409 110
7410 1802
7411 7008
7412 1710
7415 84
7416 6809
7418 1339
7420 3512
7421 6595
7422 168
7425 143
7426 4225
7427 7101
7429 6700
7430 609
7431 6225
7432 4209
7433 2415
7434 6571
7436 1181
7437 467
7439 461
7441 3645
7442 1469
7443 6914
7445 267
7447 774
7448 5853
7450 6086
7451 41
7452 6417
7453 6375
7454 1176
7456 6739
7457 2725
7458 6629
7460 4751
7461 570
7462 4240
7464 1154
7465 867
7466 490
7470 6438
7472 483
7473 6314
7474 5188
7475 752
7476 4609
7478 2454
7479 1814
7480 687
7481 6550
7483 6784
7486 1119
7487 6783
7488 6730
7490 7127
7491 898
7492 1042
7494 6894
7498 538
7500 762
7501 110
7502 246
7503 778
7504 6654
7505 17
7506 1299
7507 6588
7508 6422
7509 6669
7510 2478
7511 6062
7512 1001
7517 728
7518 508
7519 960
7520 1506
7522 1375
7524 5498
7525 5908
7526 1363
7527 2936
7528 6882
7530 6735
7531 1712
7533 5373
7534 898
7535 7158
7536 496
7537 3809
7538 1722
7539 5914
7540 6865
7541 1089
7544 739
7545 2876
7546 918
7547 839
7548 3612
7549 6802
7550 6327
7556 5917
7557 5636
7558 6757
7559 6205
7560 1424
7561 44
7563 4997
7564 773
7567 144
7568 3930
7570 1140
7571 6949
7573 81
7574 2120
7575 4293
7576 1547
7577 6847
7578 7210
7579 6592
7581 913
7583 1058
7584 4215
7585 3484
7586 7087
7587 6719
7588 3691
7590 5624
7591 7073
7592 6734
7593 7131
7598 411
7599 2803
7600 5928
7602 7209
7603 490
7604 4085
7605 4917
7606 7063
7607 586
7608 3637
7609 1881
7610 1371
7611 858
7612 45
7613 5209
7615 1933
7616 4621
7618 7202
7619 6730
7620 5731
7621 1031
7622 3837
7623 5151
7624 1386
7625 1686
7626 808
7627 404
7628 73
7631 1378
7633 5155
7634 214
7635 3565
7636 1303
7637 450
7638 4266
7640 907
7641 823
7642 7034
7643 3849
7644 6928
7645 6866
7647 194
7649 411
7650 45
7652 7009
7653 7135
7654 762
7656 6053
7657 6768
7658 6972
7659 4230
7660 2008
7661 4041
7662 3002
7663 7085
7664 1862
7665 4650
7666 5289
7667 2526
7668 6600
7669 5980
7670 3187
7671 6086
7672 7152
7675 3544
7676 1376
7677 1663
7678 4650
7680 5396
7681 4194
7682 3119
7686 3011
7688 6396
7689 737
7690 1722
7692 6508
7693 71
7694 4408
7695 6466
7696 1796
7698 6487
7700 6309
7701 6682
7702 6500
7704 6901
7705 5592
7707 490
7709 517
7710 7185
7712 3523
7713 1885
7714 7
7715 6740
7716 3612
7717 782
7718 1296
7721 6548
7722 270
7723 4801
7724 2367
7725 1652
7727 6337
7728 2083
7729 4483
7730 3187
7731 5853
7732 2821
7736 6685
7737 920
7738 414
7740 7093
7741 839
7742 205
7743 2134
7744 7228
7746 6093
7747 4992
7750 6448
7752 866
7753 1549
7756 7122
7757 966
7759 6631
7761 1259
7764 6423
7766 6648
7767 2534
7768 4935
7769 1726
7771 4545
7772 7058
7773 6452
7774 4962
7776 1036
7778 967
7780 2991
7782 7181
7783 6527
7784 6735
7786 6355
7788 493
7789 1197
7790 148
7792 6746
7793 1299
7795 6847
7796 383
7798 3748
7799 7107
7800 2003
7806 4844
7808 5930
7810 6632
7811 6768
7813 5851
7814 1876
7815 2242
7816 2738
7817 1258
7818 6870
7819 458
7821 1109
7822 6754
7823 6673
7824 116
7825 6309
7826 3882
7827 2008
7828 2495
7829 3637
7830 7209
7832 3969
7835 3049
7837 6734
7841 5620
7842 487
7843 6593
7845 6622
7846 2154
7848 6698
7849 2136
7850 18
7851 3329
7852 2960
7853 3060
7854 6682
7855 1738
7856 6593
7859 261
7861 7110
7862 1934
7863 6608
7864 6666
7867 1029
7868 496
7869 6650
7870 1794
7872 2803
7873 4066
7874 1044
7876 6117
7878 6917
7879 718
7880 6962
7881 6233
7882 3879
7884 4587
7886 815
7887 7206
7888 557
7891 2168
7892 2991
7894 703
7895 1716
7897 6882
7898 1076
7899 6603
7901 3305
7903 6751
7905 1068
7908 225
7909 1469
7910 6744
7911 2908
7913 7183
7914 6315
7915 482
7916 5391
7917 4650
7918 248
7919 601
7920 6660
7921 880
7922 7112
7923 718
7924 6985
7925 3036
7926 6862
7927 6709
7929 623
7930 5909
7931 4603
7932 174
7933 6583
7934 6558
7935 6961
7937 1652
7939 782
7941 6062
7942 2049
7943 7039
7944 964
7946 6724
7947 1124
7950 171
7953 5626
7954 2339
7955 6403
7956 1185
7957 658
7958 3685
7959 1709
7961 6347
7962 174
7963 1114
7966 6167
7967 7144
7969 199
7970 1043
7971 6500
7973 6488
7975 1074
7976 7201
7977 199
7978 1199
7979 518
7980 6823
7983 6808
7984 1803
7986 6661
7989 6766
7990 6784
7991 549
7993 704
7994 3748
7995 1188
7996 2085
7998 6412
7999 577
8000 1241
8001 7068
8002 5163
8003 6945
8004 6863
8005 1130
8006 7183
8007 639
8008 6836
8011 5360
8012 6278
8013 6496
8014 3537
8016 6438
8018 6873
8020 6103
8022 6902
8023 3367
8024 3404
8025 2294
8026 5998
8027 462
8028 898
8029 6492
8030 4621
8032 430
8034 225
8035 6828
8036 7144
8038 898
8039 1607
8040 5630
8041 5758
8042 6378
8044 6448
8045 3890
8047 920
8048 6272
8049 2960
8050 1240
8051 4827
8052 6530
8053 6430
8055 1314
8057 101
8058 492
8059 7010
8061 6356
8062 6984
8063 6917
8064 5175
8065 6787
8066 1471
8067 163
8068 2599
8069 1876
8070 1712
8071 2466
8074 4665
8075 96
8076 2907
8077 2175
8079 6601
8080 6341
8081 1130
8082 671
8083 3720
8084 4506
8085 2306
8086 3262
8087 7156
8090 1568
8092 1101
8094 5789
8096 2242
8097 289
8099 858
8101 284
8102 7122
8103 3347
8104 4917
8105 2933
8109 6661
8111 4868
8112 6866
8116 1185
8118 3400
8119 328
8120 3596
8122 535
8123 7132
8127 6482
8128 644
8130 1378
8132 2116
8133 4143
8135 3229
8136 4107
8137 1378
8140 12
8142 6846
8143 6652
8144 1499
8145 5552
8146 4436
8147 1241
8148 81
8149 7213
8150 2443
8152 985
8153 1005
8154 331
8155 1863
8156 1104
8157 4751
8159 3426
8160 224
8163 3831
8164 7100
8166 311
8167 1662
8168 146
8170 7014
8171 2559
8172 7148
8173 509
8174 496
8175 6640
8177 2264
8178 2361
8179 223
8182 3134
8184 1348
8186 7149
8187 5412
8188 6384
8189 327
8190 2089
8191 2797
