515 196
2021 444
2212 87
1969 68
2398 87
1581 240
137 114
1463 395
1072 70
1120 207
2347 601
2071 48
743 362
690 134
2299 661
276 206
2284 42
798 21
1489 395
1409 116
2208 119
637 350
910 439
1809 601
112 70
2417 174
688 364
1481 313
1747 123
266 127
1433 184
8192 2336
8193 143
8194 1616
8196 1049
8197 3
8198 296
7 800
8199 190
8200 192
8202 2315
8203 343
8204 704
8205 1472
8206 1170
8209 1734
8210 1561
8211 456
20 1612
8212 658
8213 2280
8214 952
8215 1079
8216 1119
8217 1209
8218 641
8219 1183
8220 1862
8221 355
8222 9
8225 2042
8226 2306
43 657
114 2513
129 1983
141 2293
177 962
209 1612
241 517
302 1743
323 1200
324 1446
330 1595
336 547
341 1988
349 2317
359 1435
360 534
362 1226
405 714
406 54
434 830
451 563
477 828
489 1204
490 2382
528 2414
558 974
648 52
649 2033
674 1209
676 2003
701 2295
710 1971
733 1183
760 2426
772 89
773 2293
804 551
817 411
831 1767
842 790
845 12
847 1079
861 1058
954 2107
970 2295
989 2450
1008 1470
1017 553
1041 1099
1055 124
1057 1762
1065 1144
1107 108
1109 2001
1112 322
1127 1870
1140 1126
1149 1199
1152 1469
1158 2344
1160 153
1166 2471
1187 497
1197 991
1215 1066
1225 147
1241 1200
1266 1563
1268 1904
1280 157
1290 1283
1317 423
1327 1520
1343 590
1349 790
1356 2091
1362 836
1371 260
1375 509
1394 2508
1399 838
1404 2131
1412 29
1423 2515
1427 2097
1450 881
1458 480
1461 109
1476 974
1477 1416
1480 1919
1501 1124
1504 818
1505 1840
1512 691
1519 38
1529 1074
1535 1364
1543 1281
1554 2415
1566 1604
1570 629
1577 885
1587 385
1590 1760
1598 1735
1602 331
1632 1000
1634 2411
1635 554
1641 919
1663 2123
1673 2481
1678 754
1679 1897
1691 2087
1692 1460
1694 504
1697 198
1738 704
1740 445
1755 1262
1765 1585
1779 1752
1786 663
1811 915
1812 1126
1817 2392
1853 1078
1860 1793
1874 206
1877 2487
1883 2039
1898 1948
1902 802
1907 1144
1911 2024
1913 1900
1917 1592
1928 446
1932 1833
1933 1014
1937 308
1950 2512
1958 1867
1974 340
1977 422
1979 1471
1982 1849
2011 724
2013 2174
2032 2468
2038 1992
2040 1655
2049 1609
2052 2317
2057 835
2083 2407
2111 751
2120 317
2121 415
2137 1846
2138 753
2143 2433
2144 1402
2157 1207
2166 115
2178 2012
2179 1194
2186 584
2199 782
2202 2217
2203 2425
2215 1819
2231 1871
2237 2221
2240 1482
2242 920
2252 484
2274 274
2287 1120
2304 1916
2305 588
2319 1537
2320 1509
2325 352
2334 131
2339 304
2341 2418
2342 165
2355 358
2373 2442
2374 1413
2387 1613
2395 671
2397 2314
2399 1209
2403 1494
2404 547
2408 2349
2427 812
2429 818
2438 1045
2444 1549
2448 2292
2451 1681
2457 771
2458 2370
2473 2356
2476 1277
2483 225
2485 1274
2490 1496
2499 1985
2511 290
2520 2104
2523 640
2526 2260
2528 1647
2529 483
2530 2255
2531 193
2532 465
2533 2020
2534 619
2535 1573
2536 807
2537 1658
2538 23
2539 1445
2541 1845
2543 1217
2544 1457
2545 2125
2546 2487
2547 40
2548 247
2550 1703
2551 2294
2552 1322
2553 543
2554 313
2555 2095
2557 239
2558 1465
2559 221
2560 633
2562 492
2563 395
2564 1880
2565 1219
2566 2175
2567 1489
2568 1797
2569 202
2570 179
2571 1234
2572 1086
2573 1409
2576 492
2577 2302
2578 1843
2579 1296
2580 182
2581 867
2584 492
2585 543
2586 722
2587 2095
2588 1063
2589 1359
2590 2439
2591 8
2593 2019
2594 2003
2595 1574
2596 1306
2597 1824
2598 1869
2599 2263
2600 1379
2602 2181
2603 2501
2605 1401
2606 1122
2607 574
2608 631
2610 387
2611 1432
2612 137
2613 482
2614 2353
2615 1243
2616 798
2618 1776
2619 1246
2621 1862
2622 1380
2623 1750
2624 92
2625 2024
2626 1437
2627 1088
2628 2446
2629 1050
2630 2390
2631 367
2632 2055
2634 822
2635 285
2636 1144
2637 1214
2638 1889
2639 983
2640 1083
2641 332
2642 441
2643 978
2644 2440
2645 928
2646 60
2647 1463
2648 389
2649 910
2650 1876
2651 2318
2652 2423
2653 2162
2654 2361
2655 21
2656 874
2657 1428
2658 516
2659 2221
2660 1441
2661 879
2662 1182
2663 106
2664 1347
2665 1076
2666 315
2667 1436
2668 358
2670 2235
2671 1797
2672 851
2674 11
2675 764
2676 777
2677 2184
2678 234
2679 938
2680 1854
2681 2100
2682 723
2683 601
2684 610
2685 1870
2686 680
2687 2153
2688 332
2689 80
2692 352
2693 730
2695 160
2696 2401
2697 1701
2698 1745
2699 1565
2700 757
2701 677
2702 1342
2704 128
2705 1489
2706 2151
2707 2148
2708 686
2709 514
2710 76
2711 1031
2712 1715
2713 1026
2715 1910
2717 491
2718 438
2719 557
2720 1020
2721 1826
2722 2078
2723 980
2725 228
2726 172
2727 373
2728 1045
2729 1636
2730 1033
2731 520
2732 2500
2733 2222
2734 1837
2735 1767
2736 14
2738 1734
2741 13
2742 1456
2743 2367
2744 1438
2745 639
2746 579
2748 2391
2749 854
2750 1484
2751 552
2752 384
2753 1143
2755 1595
2756 603
2757 691
2758 152
2759 2512
2760 950
2761 1861
2762 2123
2763 2333
2764 2478
2765 350
2768 2174
2769 779
2770 1888
2771 979
2772 1571
2773 1571
2774 2350
2775 311
2776 2265
2777 2480
2778 12
2779 22
2781 1609
2782 604
2783 1991
2784 2149
2785 695
2786 1618
2787 1258
2788 1555
2789 2257
2790 2090
2791 881
2793 2181
2794 1400
2795 488
2796 2189
2797 1032
2799 1670
2800 982
2801 2115
2802 551
2803 1720
2804 625
2806 354
2807 173
2809 2018
2810 609
2811 338
2812 1798
2814 749
2815 1018
2816 787
2817 1711
2818 1640
2819 239
2820 1067
2821 1565
2822 255
2825 2161
2826 1124
2827 669
2828 684
2829 793
2830 295
2831 1067
2833 2419
2834 2087
2835 373
2836 2218
2837 197
2838 1645
2839 1288
2840 532
2841 1621
2842 2285
2843 483
2844 261
2845 1719
2846 230
2847 1750
2848 990
2849 2301
2851 104
2853 562
2854 525
2855 240
2857 1821
2859 430
2861 943
2862 789
2863 118
2864 2211
2866 402
2867 388
2868 414
2870 951
2871 2327
2873 1723
2875 60
2876 543
2877 2024
2878 517
2879 1808
2880 1722
2881 745
2884 1077
2885 599
2886 253
2887 2008
2888 2163
2889 1151
2890 2102
2891 2185
2892 458
2893 822
2894 1889
2895 504
2896 621
2897 680
2898 159
2899 1980
2900 1388
2901 960
2902 1827
2903 2246
2904 822
2907 818
2908 2521
2909 821
2910 2405
2913 1295
2914 278
2915 2026
2916 2502
2917 2321
2918 2249
2920 1664
2921 2377
2923 2126
2924 1425
2925 2264
2926 1892
2928 1273
2929 2050
2930 1101
2931 67
2932 835
2933 1020
2934 922
2936 449
2937 383
2938 828
2939 2384
2940 250
2941 2046
2942 1732
2943 61
2944 1359
2945 1022
2946 139
2947 1485
2948 310
2949 981
2950 1616
2951 793
2952 909
2953 675
2955 576
2956 1901
2957 1731
2958 1903
2959 1265
2960 310
2961 851
2962 2251
2963 460
2964 2441
2965 395
2966 1194
2968 1856
2969 752
2970 1337
2971 1121
2972 795
2973 2317
2974 2338
2975 1507
2976 1249
2978 1062
2979 1685
2981 408
2982 1353
2984 824
2985 2435
2986 1868
2987 1094
2988 1761
2989 1324
2990 1147
2991 1647
2992 2253
2993 1090
2994 1561
2995 2266
2996 2479
2997 235
2998 2310
2999 2513
3000 1986
3001 1746
3002 779
3004 635
3005 2025
3006 18
3009 2023
3010 388
3011 561
3013 634
3014 2324
3015 1717
3016 2513
3018 762
3019 279
3020 1999
3023 2042
3024 1189
3025 562
3026 1265
3027 1171
3028 1889
3029 223
3030 1023
3031 1071
3032 366
3034 1530
3035 1369
3036 2094
3037 2365
3038 1150
3039 2389
3040 57
3041 935
3042 1076
3043 1508
3044 767
3045 618
3046 2507
3047 1121
3049 110
3050 1141
3051 1021
3052 1506
3053 465
3054 2145
3055 2034
3057 1534
3058 95
3059 444
3060 537
3061 835
3062 2330
3065 14
3067 1621
3069 1888
3070 1261
3071 311
3072 1870
3073 2015
3074 316
3075 8
3077 2435
3078 1134
3079 1749
3080 1099
3081 245
3082 999
3083 590
3084 795
3085 1170
3086 1854
3087 162
3088 2278
3089 776
3090 1271
3091 1997
3092 1891
3096 1962
3097 2289
3098 181
3099 1890
3100 2270
3101 1372
3102 2086
3104 106
3105 880
3107 327
3108 1776
3109 2159
3110 199
3111 598
3112 2512
3113 1195
3114 543
3115 1668
3116 493
3117 1064
3118 2257
3119 1589
3120 424
3121 1769
3123 1114
3124 445
3125 670
3126 62
3127 217
3129 350
3130 2000
3131 1959
3132 662
3133 488
3134 1690
3135 1027
3137 495
3138 2183
3139 2098
3141 684
3142 620
3144 2073
3145 2133
3146 367
3147 782
3148 269
3149 802
3150 1459
3151 1671
3152 705
3153 1295
3154 1661
3156 212
3159 586
3160 1710
3161 931
3162 1387
3163 1924
3165 873
3166 300
3167 774
3168 265
3169 316
3170 2142
3171 2255
3173 2071
3174 994
3175 334
3176 561
3177 1508
3178 1101
3179 1619
3180 125
3181 1169
3182 147
3183 1004
3184 144
3185 184
3187 479
3188 202
3189 1170
3190 2073
3191 248
3192 1424
3194 2443
3195 1096
3196 1706
3197 546
3198 1630
3200 230
3201 350
3202 465
3203 432
3204 1025
3205 496
3206 1941
3207 1130
3208 617
3209 732
3210 2182
3211 2159
3212 2288
3213 1803
3214 2256
3215 2194
3216 1562
3217 1494
3218 1583
3219 2197
3220 1170
3221 518
3222 173
3224 390
3225 203
3226 2230
3227 1488
3228 1658
3229 1790
3231 2524
3232 289
3233 319
3234 1727
3235 9
3236 1500
3237 1538
3238 250
3239 1969
3240 1263
3241 427
3242 1440
3243 715
3244 937
3245 651
3246 822
3247 1828
3248 2059
3249 112
3250 1033
3251 1040
3252 781
3253 2184
3254 1767
3255 269
3258 1596
3259 574
3260 97
3261 1581
3262 1072
3264 1153
3266 996
3267 876
3268 807
3269 745
3270 1814
3271 1710
3272 427
3273 717
3274 138
3275 1993
3277 1531
3278 1576
3279 1079
3281 316
3282 216
3283 494
3284 1357
3285 811
3286 2337
3287 863
3288 304
3290 2263
3292 1315
3293 806
3294 74
3295 1226
3297 1473
3298 1251
3299 1820
3301 52
3302 694
3303 458
3304 2321
3305 964
3307 1969
3308 994
3310 475
3311 1487
3312 1734
3313 902
3315 1680
3316 1515
3317 2087
3318 984
3320 1016
3322 2236
3323 1739
3324 711
3325 1631
3327 1481
3328 536
3329 671
3330 102
3331 889
3333 1142
3334 1284
3335 248
3336 2307
3337 1455
3338 728
3340 2122
3341 387
3342 1096
3343 230
3344 10
3345 1459
3346 1167
3347 413
3348 1656
3349 2460
3350 2400
3351 642
3352 2198
3354 551
3355 1657
3356 933
3357 948
3358 640
3359 2435
3360 1614
3361 872
3362 908
3363 382
3364 953
3365 1790
3366 2099
3367 492
3369 1717
3370 526
3371 2316
3372 1842
3373 1675
3374 575
3375 1996
3376 730
3377 1013
3378 1014
3379 35
3380 246
3381 1959
3382 655
3383 2159
3384 762
3385 1111
3386 557
3387 1734
3388 2018
3390 634
3391 999
3392 303
3393 833
3394 52
3395 1296
3396 2467
3397 728
3398 447
3399 1705
3400 410
3401 546
3402 1989
3403 2255
3404 1682
3405 2184
3406 2259
3407 938
3408 2025
3410 751
3411 2250
3414 1981
3416 2001
3418 1220
3419 2191
3420 2516
3421 1732
3422 609
3423 2343
3424 1296
3425 1642
3426 34
3427 1496
3428 680
3431 1307
3432 1082
3434 1083
3436 104
3437 1307
3438 1246
3439 1036
3440 2416
3441 1023
3442 1990
3443 107
3445 739
3446 1647
3447 127
3448 1885
3449 1472
3450 628
3452 55
3453 573
3454 1441
3455 370
3456 1953
3458 1233
3459 1601
3460 606
3461 2352
3462 39
3463 1321
3464 1078
3465 487
3466 1530
3467 1573
3468 1595
3469 202
3470 2324
3471 889
3472 1134
3473 699
3474 429
3476 2308
3477 1029
3478 934
3479 1621
3480 2244
3481 161
3482 221
3483 868
3484 587
3485 1323
3486 389
3487 1809
3488 680
3489 404
3490 846
3491 2517
3492 1118
3493 985
3494 1690
3495 1113
3496 617
3497 401
3499 1455
3500 963
3501 1231
3503 352
3504 2267
3505 1411
3506 2102
3507 935
3508 588
3509 1129
3511 1254
3512 1688
3513 2505
3514 2112
3515 2116
3516 2226
3517 2259
3518 981
3520 1903
3521 450
3522 1926
3523 826
3525 1144
3526 136
3527 832
3528 1236
3529 1576
3530 2291
3531 2447
3532 2267
3533 1750
3534 1868
3535 812
3536 278
3537 1867
3538 1789
3539 423
3540 2176
3542 1498
3543 150
3544 1089
3545 502
3546 928
3547 1023
3551 280
3553 39
3555 1310
3556 98
3557 174
3559 259
3560 1944
3561 304
3562 1449
3563 1516
3565 969
3566 1354
3567 2317
3568 1851
3570 2089
3571 2095
3572 2357
3573 1836
3574 46
3575 335
3576 1389
3577 780
3578 142
3579 1904
3581 1265
3583 525
3584 1528
3585 1688
3587 422
3589 2477
3590 2384
3591 144
3592 414
3593 201
3594 234
3595 1204
3596 2026
3597 728
3598 166
3599 1333
3601 88
3602 668
3603 670
3605 681
3606 603
3607 48
3608 2470
3609 423
3610 2230
3611 1073
3612 1414
3613 161
3614 1989
3617 562
3618 814
3621 1376
3622 1089
3623 151
3624 2141
3625 1333
3630 994
3631 308
3632 538
3633 1807
3634 1316
3635 748
3636 575
3637 1840
3638 2102
3639 61
3640 395
3641 542
3642 865
3643 960
3644 2167
3645 1482
3646 1059
3647 1080
3649 1764
3650 205
3651 1601
3652 865
3653 2298
3654 2307
3655 1742
3656 1905
3658 1978
3659 180
3661 442
3662 118
3663 2279
3664 1148
3665 1413
3666 655
3667 2317
3668 1070
3669 2180
3670 1808
3671 140
3674 835
3676 1696
3677 2356
3678 1331
3679 1060
3680 1022
3681 1211
3682 1981
3684 1096
3685 36
3686 2221
3689 2226
3690 810
3691 723
3692 728
3694 136
3695 833
3696 2400
3697 1912
3698 1647
3699 2193
3701 94
3702 1092
3703 1446
3704 1611
3706 2431
3707 1616
3708 260
3709 1830
3712 404
3713 837
3714 1613
3715 69
3716 432
3717 882
3718 1565
3719 514
3720 1284
3721 2123
3722 1749
3723 240
3726 1567
3728 754
3729 1789
3731 818
3732 1155
3733 48
3734 1082
3736 2014
3737 529
3738 445
3739 272
3740 271
3741 853
3742 1135
3743 1545
3745 547
3746 2518
3748 2293
3749 1669
3750 1903
3751 2300
3752 2293
3753 1212
3755 225
3756 2303
3757 684
3758 2375
3760 524
3761 1996
3762 1009
3763 943
3764 664
3765 1700
3766 261
3767 2502
3768 1681
3769 146
3771 854
3772 2181
3774 1315
3775 1829
3776 2142
3777 758
3778 169
3779 216
3780 2236
3781 1226
3782 1497
3783 1507
3784 1585
3785 1223
3787 1435
3788 1306
3789 461
3790 1955
3792 365
3794 1818
3795 995
3796 1727
3797 1575
3798 1463
3800 1630
3801 794
3802 2277
3803 1386
3804 1310
3805 551
3806 2414
3807 2450
3808 1792
3809 1219
3810 1880
3811 1636
3812 2255
3813 2278
3814 965
3815 2442
3818 599
3819 1279
3820 15
3821 2014
3823 2030
3824 476
3825 2310
3826 722
3828 2365
3831 906
3832 145
3833 205
3834 1526
3836 1605
3837 1239
3840 1337
3841 731
3844 853
3845 2205
3846 1507
3847 540
3848 609
3849 1800
3850 1337
3851 602
3853 552
3854 2510
3855 380
3857 1115
3858 63
3859 2012
3861 69
3862 213
3863 2030
3864 824
3865 1282
3866 1585
3867 568
3868 1392
3869 616
3870 1304
3871 1383
3872 1871
3873 285
3874 2275
3875 448
3877 641
3878 1174
3879 131
3880 808
3882 124
3884 1971
3885 1063
3886 507
3888 2007
3889 1175
3890 1934
3891 1162
3892 2026
3893 1642
3894 184
3895 939
3896 1174
3899 381
3900 1891
3901 133
3903 920
3905 120
3907 474
3909 2314
3910 2219
3911 1842
3912 282
3913 1095
3915 1271
3916 915
3917 556
3918 859
3919 1154
3920 256
3921 252
3924 160
3925 139
3927 551
3928 1313
3929 2492
3930 631
3931 739
3932 2413
3933 670
3935 2225
3937 1986
3938 2098
3939 1750
3941 89
3942 2191
3943 2347
3944 1726
3945 69
3946 1714
3947 422
3948 961
3950 1729
3951 1729
3952 1526
3953 487
3954 1998
3957 2405
3959 1865
3960 42
3961 131
3962 1418
3963 371
3964 1866
3965 1482
3966 2431
3968 328
3969 1872
3970 2477
3971 1063
3972 1336
3973 1174
3974 826
3976 720
3977 702
3978 73
3979 2230
3980 314
3981 521
3982 1413
3983 549
3984 2142
3985 1936
3986 1551
3987 824
3988 2321
3989 1693
3990 422
3991 1401
3992 2004
3994 2017
3995 31
3996 1096
3997 203
3998 945
3999 2449
4000 1685
4001 2191
4002 84
4003 66
4005 465
4006 1528
4007 33
4008 650
4009 1471
4010 198
4011 749
4012 198
4013 136
4014 1760
4015 219
4016 1708
4017 1253
4018 2035
4019 1879
4020 17
4022 1334
4024 2095
4025 1695
4027 2089
4028 1856
4029 1818
4030 422
4033 255
4035 257
4036 1731
4037 2426
4039 1198
4040 1693
4041 2288
4042 1581
4043 799
4045 997
4046 1606
4047 276
4049 939
4050 23
4051 415
4052 943
4053 1449
4054 779
4055 2469
4056 1402
4057 2153
4058 908
4060 332
4062 1352
4063 698
4064 672
4065 1384
4066 737
4067 2154
4069 161
4070 1574
4071 1569
4073 1405
4074 1281
4075 219
4076 1726
4079 2028
4082 625
4083 322
4084 169
4085 2436
4087 767
4090 2418
4091 1973
4092 447
4093 424
4094 143
4096 1228
4097 1485
4098 2205
4100 306
4102 1973
4104 179
4105 1526
4106 1826
4107 1631
4108 22
4109 12
4111 1102
4112 1091
4114 1347
4116 1836
4117 2065
4118 1265
4119 709
4120 1
4123 1278
4124 1032
4126 1550
4129 235
4130 6
4133 1847
4135 2031
4137 1550
4138 867
4139 1308
4142 1040
4143 89
4144 1211
4145 56
4146 2169
4147 1551
4148 1787
4149 505
4150 2017
4151 475
4152 199
4153 292
4154 2236
4156 2527
4157 703
4158 1792
4159 2019
4160 140
4162 2119
4163 542
4164 467
4168 1962
4169 260
4170 263
4172 259
4173 1440
4174 355
4176 441
4178 788
4183 1899
4185 2073
4186 1070
4187 1063
4189 137
4191 2446
4194 1520
4195 2048
4196 1335
4197 2522
4198 172
4201 2248
4202 1813
4203 1309
4204 461
4205 2068
4206 427
4207 2254
4209 178
4210 156
4213 2286
4214 1229
4215 1771
4216 1001
4217 2425
4218 1022
4220 542
4222 552
4223 2255
4225 1684
4226 59
4227 381
4228 742
4229 2159
4230 951
4231 474
4232 907
4234 974
4235 1087
4236 443
4238 1549
4239 463
4240 1772
4241 35
4242 1731
4244 1126
4245 539
4246 375
4248 708
4249 1542
4250 1198
4251 1487
4252 575
4253 1703
4254 1616
4255 1757
4257 1411
4258 381
4259 2263
4260 1248
4261 719
4263 261
4265 1204
4266 45
4268 217
4269 1839
4271 2370
4272 536
4273 709
4275 470
4276 2327
4277 2249
4278 1335
4279 1387
4280 2024
4281 897
4282 1294
4284 2508
4285 269
4286 2292
4287 1260
4288 364
4290 684
4292 295
4293 2480
4295 134
4297 1023
4299 1199
4300 935
4301 703
4302 1747
4304 884
4305 996
4306 1798
4307 2069
4308 1015
4309 214
4310 925
4311 2035
4312 895
4313 223
4314 1252
4315 2127
4318 1087
4319 205
4321 2402
4322 1121
4323 1071
4324 1095
4325 466
4326 1810
4328 1633
4329 1976
4331 1252
4333 445
4334 2218
4335 1195
4336 1133
4337 2210
4338 103
4339 2205
4340 1689
4342 1229
4343 234
4344 2039
4345 242
4346 1733
4347 483
4348 2262
4350 2257
4351 906
4353 1265
4354 520
4355 1892
4357 484
4359 1236
4361 808
4362 321
4363 1434
4364 2261
4365 994
4368 1515
4369 1344
4371 1881
4372 1656
4373 187
4375 2054
4376 1138
4377 2377
4378 2356
4379 2480
4382 411
4383 2367
4384 2192
4385 470
4386 225
4387 1121
4388 998
4389 357
4390 1522
4391 736
4394 206
4395 1926
4396 883
4397 2307
4400 1558
4401 385
4402 1094
4403 667
4405 950
4406 881
4407 690
4408 1545
4409 828
4410 1924
4411 2365
4412 301
4413 1374
4414 2115
4415 555
4416 1696
4417 1207
4418 389
4419 786
4420 978
4421 1899
4423 169
4424 2469
4425 748
4426 74
4427 2400
4428 999
4429 1863
4432 2105
4433 1973
4434 249
4435 758
4436 2071
4437 180
4439 2433
4440 2292
4441 762
4443 1888
4444 1788
4445 2307
4446 1051
4447 2461
4448 598
4449 547
4450 305
4451 2480
4452 1890
4455 1843
4456 351
4457 198
4458 127
4459 976
4460 1618
4461 1497
4462 1890
4464 2034
4466 604
4467 107
4468 2154
4470 1951
4471 1652
4472 856
4473 116
4474 357
4475 1858
4476 16
4477 1171
4478 222
4479 1662
4480 1324
4481 1997
4482 1252
4483 1045
4487 896
4488 1331
4489 307
4490 1469
4494 272
4495 438
4496 761
4497 1176
4498 1353
4499 2210
4500 548
4503 1572
4504 1567
4506 2255
4507 87
4508 1482
4510 1773
4511 1087
4512 231
4513 1722
4514 1613
4515 1511
4516 1954
4517 1732
4518 1948
4520 1171
4521 719
4522 521
4523 753
4525 474
4526 1600
4529 1672
4530 486
4531 1472
4532 522
4534 380
4535 2201
4536 762
4537 729
4538 2253
4539 941
4540 1048
4541 1612
4543 290
4544 2238
4545 771
4546 1753
4548 282
4549 1995
4550 1481
4551 1195
4552 2078
4553 584
4554 1975
4555 1926
4556 930
4557 585
4559 318
4560 2172
4561 224
4562 157
4563 1089
4564 1752
4566 230
4567 1985
4568 9
4572 345
4573 555
4575 432
4576 655
4577 777
4578 378
4579 1024
4580 1869
4581 293
4582 1693
4583 252
4585 1576
4586 927
4587 734
4588 1125
4590 1730
4591 1924
4593 1310
4594 978
4595 483
4596 1189
4597 1115
4598 1003
4599 2192
4602 743
4603 653
4604 215
4605 2470
4606 1526
4607 2244
4608 1449
4609 576
4610 249
4611 189
4612 607
4613 2318
4614 2213
4615 6
4616 2377
4617 51
4618 1254
4620 1132
4621 1389
4622 881
4623 852
4624 245
4625 928
4626 592
4627 863
4628 1117
4629 559
4631 2132
4632 388
4633 2296
4634 1369
4635 2469
4636 268
4637 1571
4638 411
4639 1816
4640 2155
4641 442
4642 2481
4643 602
4644 1336
4645 83
4646 2014
4647 1429
4648 2090
4650 92
4651 10
4652 2298
4654 1940
4655 1244
4657 372
4658 658
4659 2233
4660 1167
4661 2441
4662 1647
4663 1234
4665 1970
4666 1392
4667 1837
4668 1260
4671 878
4672 1217
4673 396
4674 669
4675 736
4676 156
4677 388
4678 2159
4680 221
4681 1616
4682 432
4683 650
4684 1499
4686 332
4687 73
4688 2236
4690 172
4691 105
4692 1026
4693 2115
4694 2185
4697 2356
4698 149
4699 1226
4700 1060
4701 1048
4702 1360
4703 1625
4704 1148
4705 546
4706 1104
4707 1637
4708 76
4709 329
4710 852
4714 469
4715 2176
4716 758
4718 12
4719 1324
4720 2268
4721 459
4722 721
4723 60
4725 1190
4726 124
4727 1030
4728 697
4729 224
4732 2246
4734 487
4735 1262
4736 1214
4738 62
4739 757
4742 367
4743 267
4746 999
4747 1435
4748 2270
4750 2280
4751 1794
4752 730
4753 1936
4755 278
4756 229
4758 23
4759 113
4760 112
4762 1373
4763 679
4764 677
4765 213
4766 1144
4767 1551
4769 866
4770 295
4771 199
4772 1162
4773 2425
4774 1221
4775 1500
4776 2227
4777 928
4779 2114
4780 1708
4782 1865
4783 204
4784 1596
4785 563
4786 1016
4787 578
4788 1836
4789 623
4790 1246
4792 2494
4793 788
4794 2075
4796 1539
4797 664
4798 1665
4799 243
4800 299
4801 457
4803 1931
4804 781
4805 202
4806 1787
4807 1849
4809 81
4812 2352
4813 620
4814 1816
4815 549
4816 538
4817 1401
4819 587
4820 1221
4821 1525
4822 547
4824 1184
4825 2098
4826 1640
4827 1177
4828 152
4829 776
4830 2390
4832 1544
4833 1545
4834 1059
4835 1460
4836 385
4837 786
4838 1720
4839 1449
4840 28
4841 2258
4843 1235
4844 1966
4845 390
4847 159
4848 25
4849 19
4850 640
4851 566
4852 1799
4853 491
4855 123
4856 355
4857 1276
4858 940
4859 1538
4860 98
4861 1033
4862 444
4863 246
4864 1245
4865 610
4866 124
4868 742
4869 418
4870 563
4871 986
4872 1470
4873 1839
4874 1440
4875 1413
4877 1495
4878 952
4879 1434
4880 2321
4881 1113
4882 1698
4885 456
4886 471
4887 1687
4889 472
4891 1966
4892 2114
4894 1294
4895 1434
4897 1081
4898 832
4900 1020
4901 1046
4904 2316
4905 1184
4907 952
4908 1762
4910 155
4911 2225
4912 1619
4913 2407
4914 2056
4915 83
4917 1756
4921 1164
4922 146
4924 1151
4925 2401
4926 902
4928 1113
4929 2294
4931 1972
4932 941
4935 484
4936 1387
4938 893
4939 526
4940 5
4941 650
4942 516
4945 829
4946 527
4947 741
4950 79
4951 1594
4952 1323
4953 2130
4955 1464
4956 1016
4957 1406
4958 73
4959 2101
4960 2051
4961 1936
4962 1435
4963 574
4964 1546
4965 1153
4966 907
4967 2249
4968 1818
4970 1618
4972 19
4974 1878
4977 5
4978 1453
4979 159
4980 328
4981 2076
4982 660
4983 252
4984 624
4985 991
4987 449
4991 944
4992 1195
4993 382
4994 1103
4995 930
4996 957
4997 1058
4998 1445
4999 1833
5000 459
5002 470
5003 231
5004 227
5005 344
5006 905
5007 2393
5008 1905
5010 1840
5011 632
5012 301
5014 337
5015 47
5016 189
5017 394
5018 2045
5019 1335
5020 237
5021 2197
5023 2449
5025 2050
5026 1019
5028 2271
5029 1023
5031 1195
5032 383
5034 1575
5035 1680
5037 785
5038 1545
5039 66
5041 1438
5043 2466
5044 1630
5045 1042
5046 1599
5047 206
5049 37
5050 1258
5052 556
5056 924
5057 297
5059 1885
5061 338
5062 1772
5063 1384
5064 425
5069 272
5070 1264
5071 1207
5072 525
5073 1688
5075 761
5076 6
5077 828
5078 2456
5079 1972
5080 1751
5081 992
5083 1271
5091 1436
5092 12
5094 55
5100 1994
5102 933
5103 1265
5104 1782
5105 25
5106 669
5107 1879
5108 527
5109 1868
5110 1076
5111 1492
5112 1790
5115 240
5116 729
5117 1969
5118 919
5119 2056
5120 163
5122 1337
5123 2084
5124 1382
5126 2243
5129 633
5130 1852
5131 2401
5132 684
5133 465
5134 2461
5135 264
5136 1086
5137 1302
5138 2089
5139 1508
5140 377
5142 168
5144 2174
5145 1471
5146 2001
5147 94
5148 305
5149 1537
5150 2072
5151 472
5154 2223
5155 506
5156 2273
5157 1325
5159 369
5160 442
5161 1636
5163 192
5164 684
5166 13
5167 464
5168 160
5169 2184
5172 997
5173 529
5174 2401
5175 1272
5176 16
5177 717
5178 552
5179 796
5181 2478
5182 407
5183 1829
5184 883
5186 907
5188 1867
5191 110
5192 1045
5193 55
5194 398
5195 367
5196 637
5198 841
5199 351
5201 1265
5202 2003
5203 19
5204 1726
5205 2447
5206 469
5207 2439
5208 795
5209 122
5210 1556
5211 838
5212 2069
5213 245
5214 2295
5215 576
5216 454
5217 250
5219 835
5221 1726
5222 2311
5225 247
5227 682
5228 731
5229 1417
5230 1024
5231 1333
5233 2222
5235 1066
5236 1402
5237 1294
5238 117
5239 1331
5240 1865
5242 1770
5243 2344
5244 746
5245 379
5246 1007
5247 2293
5248 1871
5249 1426
5250 2004
5251 1994
5252 1485
5255 2048
5256 1556
5257 1658
5258 2016
5259 554
5260 635
5261 2004
5262 496
5263 357
5264 1384
5265 705
5266 687
5267 2119
5268 2388
5270 775
5271 2356
5272 2004
5273 2238
5274 2518
5275 380
5276 2208
5277 1448
5278 184
5279 934
5280 2189
5281 2382
5282 640
5283 1934
5286 2055
5287 1572
5288 1240
5289 2367
5290 1592
5291 1439
5292 277
5293 1826
5294 566
5296 816
5297 1479
5298 1731
5299 602
5300 2150
5301 581
5304 2233
5308 2386
5309 879
5310 1605
5311 1455
5312 2104
5314 1086
5315 5
5317 2513
5318 2393
5319 1015
5320 2482
5321 1405
5323 1815
5324 173
5327 200
5328 453
5330 714
5331 837
5332 944
5333 2296
5335 2188
5336 633
5337 8
5338 133
5341 1354
5342 423
5343 1565
5345 2285
5346 1320
5347 1995
5348 2014
5350 952
5352 666
5353 540
5354 1188
5355 1777
5356 1981
5357 116
5358 1926
5359 1506
5360 116
5361 1929
5362 1360
5363 1316
5366 1689
5367 1058
5368 641
5369 1796
5370 1229
5371 2414
5372 580
5373 1306
5374 1184
5375 1239
5376 605
5379 475
5381 1547
5382 889
5383 757
5384 2023
5385 1162
5386 2115
5388 1363
5389 1511
5391 919
5392 1007
5393 1630
5394 1466
5395 1093
5396 1116
5397 2470
5398 2369
5399 2218
5400 139
5401 2275
5402 1516
5403 1785
5404 175
5406 2303
5408 58
5409 276
5410 2035
5412 1857
5413 1062
5414 2026
5415 493
5416 1820
5417 2401
5418 691
5419 514
5420 1091
5421 2225
5422 2104
5424 2391
5425 2421
5427 1624
5428 423
5429 64
5431 955
5432 222
5433 2352
5435 2310
5436 467
5437 474
5438 271
5439 2017
5440 569
5441 1489
5442 461
5443 1613
5445 1751
5446 1885
5447 2189
5449 347
5450 2244
5452 2366
5453 704
5454 374
5456 1388
5457 1887
5458 1201
5459 5
5460 2365
5461 568
5462 1032
5463 205
5464 378
5465 188
5466 1804
5467 635
5468 1116
5470 728
5472 386
5473 224
5474 729
5475 2053
5476 2344
5477 2220
5478 1943
5479 771
5480 6
5481 377
5482 277
5483 551
5484 1094
5486 2478
5487 120
5489 119
5490 1309
5491 984
5496 1644
5497 635
5498 437
5499 113
5500 1294
5503 458
5504 485
5505 1200
5507 1901
5508 120
5509 884
5510 386
5512 1040
5513 1226
5514 754
5515 2226
5516 1575
5517 1351
5518 1747
5519 1834
5520 500
5521 243
5522 1556
5523 2393
5525 1986
5526 1487
5527 529
5529 2460
5530 1797
5532 355
5534 168
5536 764
5537 416
5538 717
5539 1544
5540 2467
5541 437
5543 1970
5544 1984
5546 812
5547 618
5548 2398
5549 312
5550 37
5551 250
5552 373
5553 353
5554 432
5555 2168
5556 630
5557 829
5559 1481
5560 1002
5561 1533
5562 2232
5563 1186
5564 1184
5565 910
5566 1751
5568 182
5569 578
5570 1363
5571 1948
5572 1631
5576 1983
5577 964
5578 998
5579 2039
5580 2356
5582 2158
5583 1043
5586 972
5588 2484
5590 1549
5591 749
5592 1739
5593 460
5594 1599
5595 675
5596 432
5597 1964
5599 329
5600 11
5601 25
5603 1493
5604 2442
5605 2502
5606 568
5607 1352
5608 1068
5610 826
5611 355
5612 2350
5613 930
5614 1354
5615 1120
5616 798
5618 1355
5619 1910
5620 793
5621 682
5622 1612
5624 1053
5625 475
5626 2478
5627 44
5628 815
5629 2524
5630 782
5631 2165
5632 387
5633 1062
5634 525
5636 520
5641 1514
5642 944
5643 741
5644 1599
5645 1020
5646 2402
5648 1468
5649 2518
5650 898
5651 1613
5652 2126
5653 1264
5654 203
5655 859
5656 640
5657 289
5658 1547
5659 150
5660 64
5661 2100
5662 1118
5664 2130
5665 2258
5666 2517
5667 2191
5668 2109
5669 1865
5671 562
5672 21
5673 1436
5674 416
5675 68
5676 1342
5677 201
5679 1986
5680 1851
5681 850
5682 1829
5683 313
5684 2024
5685 480
5686 1518
5687 221
5689 1014
5690 903
5691 499
5692 618
5693 1827
5694 566
5695 2087
5696 1544
5697 233
5698 390
5699 2441
5700 500
5702 2321
5703 2140
5704 608
5705 133
5707 1323
5709 389
5711 880
5712 1498
5713 269
5715 1926
5716 115
5717 1767
5718 1682
5720 2117
5721 2126
5722 662
5723 876
5724 549
5725 1905
5726 269
5728 373
5729 602
5731 1400
5733 422
5734 1995
5735 2318
5736 627
5737 2036
5738 504
5739 2468
5740 2358
5741 1956
5742 2062
5743 340
5744 2501
5746 1114
5747 1724
5749 259
5750 2175
5752 2099
5753 709
5757 1401
5758 645
5759 2269
5760 812
5761 461
5762 37
5763 2356
5764 2031
5765 1764
5766 1102
5767 1741
5769 41
5770 2142
5771 2154
5772 1926
5773 1287
5774 1033
5775 785
5777 802
5778 1976
5779 1416
5780 1030
5781 1839
5782 2295
5783 978
5784 2156
5785 247
5786 11
5788 2066
5789 237
5791 517
5793 788
5795 938
5796 1973
5797 698
5798 824
5799 334
5800 776
5802 800
5803 1888
5804 199
5805 1216
5806 556
5808 670
5809 859
5810 1436
5812 1964
5813 1105
5814 1998
5815 975
5816 1655
5817 1198
5818 598
5819 860
5822 1556
5823 666
5826 93
5827 1963
5829 1488
5830 1026
5831 2128
5832 259
5833 393
5834 210
5836 2051
5837 1808
5838 1822
5839 91
5840 2073
5841 591
5842 1516
5843 2281
5846 2254
5847 2100
5848 2421
5849 2312
5850 775
5851 1607
5853 2065
5854 2405
5855 1078
5856 383
5857 1370
5858 2300
5863 717
5864 53
5865 1344
5866 1122
5869 1247
5870 2261
5871 2025
5872 135
5873 445
5874 1409
5875 339
5876 2375
5878 1000
5879 530
5880 757
5881 1066
5882 1894
5883 119
5884 1495
5885 704
5886 700
5887 1457
5888 2432
5889 1669
5891 1147
5892 1619
5894 1646
5895 2047
5896 1315
5897 120
5898 2289
5899 460
5900 2029
5901 2104
5902 186
5903 403
5904 2416
5905 1629
5906 2292
5908 1374
5909 1051
5911 2251
5912 1300
5914 319
5915 2174
5916 2206
5917 1730
5918 1033
5919 529
5920 972
5921 1844
5923 682
5924 836
5925 2338
5926 1544
5927 2527
5928 1153
5930 616
5931 782
5932 139
5933 301
5934 456
5935 2109
5936 242
5937 1083
5938 327
5939 308
5940 1466
5941 2129
5943 1677
5944 1063
5945 2048
5946 2145
5947 660
5948 1557
5950 1381
5951 1486
5952 1448
5953 313
5954 1794
5955 1324
5956 835
5958 719
5959 300
5960 609
5961 745
5962 1839
5963 1188
5965 2248
5966 898
5967 752
5968 748
5969 2312
5970 1363
5972 47
5975 305
5976 602
5977 1247
5978 794
5979 2524
5980 466
5981 814
5982 577
5983 1239
5984 2183
5985 964
5987 852
5988 1372
5989 216
5990 1249
5991 2310
5992 1520
5993 118
5995 562
5996 1393
5997 1282
5998 305
6000 1382
6002 2280
6003 941
6004 404
6005 1941
6006 1464
6007 1475
6008 1267
6009 1121
6010 2469
6011 1796
6012 2002
6013 200
6014 227
6015 2284
6016 290
6017 1049
6018 533
6019 1668
6020 530
6021 1839
6022 2419
6023 1926
6025 974
6026 1630
6027 1716
6030 1988
6032 414
6033 1981
6034 13
6036 1770
6037 1134
6041 270
6042 1313
6044 38
6046 2082
6047 1244
6048 1331
6049 59
6051 2477
6053 2321
6054 1894
6056 1253
6057 1528
6058 1167
6059 880
6060 919
6061 400
6062 1599
6063 698
6064 1869
6065 2425
6068 1594
6069 173
6070 425
6072 480
6073 1810
6075 1247
6076 3
6078 1386
6079 1497
6080 2489
6081 1542
6082 2316
6083 485
6084 1132
6085 843
6086 912
6087 1105
6088 1226
6089 2263
6090 1551
6091 1124
6092 1599
6093 1849
6094 865
6095 1084
6096 826
6097 227
6098 2294
6100 1499
6101 948
6102 1005
6103 1347
6104 1234
6105 720
6106 936
6107 314
6108 639
6109 200
6110 793
6111 1287
6112 2228
6113 1219
6114 1474
6116 2517
6117 1518
6118 1435
6121 880
6122 1858
6123 1959
6124 1120
6126 1867
6127 664
6128 368
6129 2522
6130 322
6131 385
6132 1053
6133 48
6134 1859
6135 2301
6136 1821
6137 1043
6138 631
6139 677
6140 2338
6141 670
6142 299
6143 1586
6144 495
6145 1677
6147 131
6150 216
6151 859
6152 437
6153 1658
6156 2390
6159 24
6160 1955
6162 1369
6163 1926
6164 2034
6165 614
6167 829
6168 1263
6170 2162
6171 1649
6173 337
6174 508
6175 1110
6176 910
6178 1730
6179 317
6180 418
6181 2418
6182 1272
6184 506
6185 1572
6186 1600
6187 752
6189 1052
6190 194
6191 559
6192 1016
6193 383
6195 2314
6200 1777
6201 673
6203 198
6204 956
6205 2089
6206 2414
6209 1594
6210 1260
6212 1800
6213 1439
6214 131
6215 222
6216 1830
6217 2130
6218 1645
6221 1142
6222 1887
6223 161
6225 472
6227 517
6228 1777
6229 1301
6230 627
6233 188
6234 1588
6235 900
6236 2468
6237 679
6239 441
6241 1249
6242 108
6243 2069
6245 281
6247 887
6248 150
6249 1192
6250 584
6251 843
6252 2163
6253 2471
6256 860
6258 1819
6260 1994
6261 136
6262 1316
6264 978
6265 745
6266 1514
6267 1189
6268 2378
6269 1333
6270 394
6271 1304
6272 2509
6274 748
6275 1876
6276 1452
6277 1791
6278 138
6279 399
6280 1861
6281 1126
6283 746
6284 38
6285 2456
6288 739
6290 1685
6291 908
6292 233
6293 2035
6298 213
6302 1492
6303 1514
6304 553
6305 725
6306 1521
6307 1785
6308 1267
6309 998
6310 1238
6311 2191
6313 1730
6314 2133
6315 1090
6316 221
6317 214
6320 1722
6321 1210
6323 2036
6325 1499
6326 874
6327 905
6328 118
6330 1190
6331 368
6332 2205
6335 310
6336 257
6337 472
6338 905
6341 1176
6343 1212
6344 2124
6345 1962
6346 744
6347 57
6348 1386
6349 1033
6350 1350
6351 678
6352 1223
6353 1235
6354 535
6355 245
6356 588
6358 586
6359 571
6360 1135
6361 2084
6362 616
6363 126
6364 1699
6365 1137
6366 1473
6367 2002
6368 2191
6369 814
6370 1960
6371 1737
6374 881
6375 741
6376 587
6377 2122
6378 1045
6379 144
6380 2266
6381 751
6382 1493
6383 2302
6384 1490
6385 703
6386 806
6389 1288
6390 1348
6391 54
6392 1455
6395 1455
6396 340
6398 806
6401 1296
6403 715
6404 2446
6405 357
6407 591
6408 1637
6411 1684
6412 2238
6414 48
6415 2449
6417 1485
6418 1122
6419 16
6421 2171
6422 48
6423 1714
6424 2311
6428 1889
6429 1354
6430 844
6431 728
6432 959
6434 2084
6435 1617
6436 1253
6437 1159
6438 2209
6440 1975
6441 1198
6443 1094
6444 426
6445 536
6447 2414
6448 263
6449 758
6450 1814
6452 267
6453 1267
6454 2146
6455 78
6456 1599
6457 1438
6458 1250
6459 204
6460 2037
6463 715
6464 1923
6465 2136
6466 28
6469 1091
6470 1731
6472 945
6473 575
6475 1888
6476 891
6477 422
6478 2515
6479 1182
6480 1416
6481 1658
6482 202
6483 1993
6484 927
6485 774
6486 603
6487 1338
6488 619
6489 579
6490 1332
6491 1966
6492 2154
6495 2311
6496 459
6497 818
6499 731
6500 751
6503 2196
6504 841
6505 2028
6506 1839
6507 873
6508 1390
6509 749
6510 2454
6511 1750
6512 1962
6513 249
6514 902
6515 1861
6517 821
6518 610
6520 1518
6521 2389
6522 605
6524 542
6527 849
6528 1239
6529 1764
6530 551
6531 133
6533 1049
6534 1790
6535 2488
6536 2247
6537 8
6539 2391
6543 334
6544 1226
6545 684
6546 2389
6548 2029
6549 927
6550 81
6551 1281
6552 1613
6554 315
6555 2270
6556 1242
6558 2219
6559 2191
6560 2275
6561 592
6562 475
6563 1681
6564 747
6565 2028
6566 2295
6567 541
6569 1157
6570 777
6571 411
6572 856
6573 1604
6574 596
6575 1030
6577 1972
6579 1751
6581 2092
6582 1525
6583 1175
6586 475
6587 1064
6588 1074
6589 1575
6590 532
6592 23
6593 1718
6595 1353
6596 1766
6597 2396
6599 941
6600 1558
6601 690
6602 974
6603 1488
6604 27
6605 592
6606 1887
6607 494
6608 2486
6609 1716
6612 264
6613 1205
6614 759
6615 67
6616 2357
6618 1936
6619 197
6620 62
6622 454
6623 2039
6624 78
6626 595
6628 793
6629 85
6630 295
6631 64
6632 1687
6634 1392
6636 1432
6637 433
6638 369
6639 1294
6640 840
6642 2416
6643 2461
6644 1533
6645 1525
6646 321
6648 1713
6649 2294
6650 1862
6652 2045
6653 417
6654 1876
6656 499
6657 516
6658 931
6660 650
6661 548
6662 537
6663 931
6664 2004
6665 2201
6666 123
6668 1272
6669 443
6670 116
6671 2514
6672 1267
6673 2296
6674 1369
6675 1448
6676 981
6677 1827
6679 2348
6680 171
6681 136
6682 1213
6683 221
6684 1411
6685 2100
6686 352
6688 1470
6689 475
6690 282
6691 2233
6692 1628
6694 23
6695 2450
6696 391
6697 719
6698 737
6700 1904
6701 972
6703 139
6704 848
6705 612
6706 291
6707 329
6708 2228
6709 2185
6710 1557
6712 1319
6714 486
6715 220
6716 1772
6717 318
6718 1509
6719 957
6720 1861
6722 1794
6723 1538
6724 469
6726 2289
6727 1545
6728 387
6729 814
6730 2310
6731 1124
6732 110
6733 2177
6734 1802
6735 1593
6736 2087
6737 1188
6738 681
6739 55
6740 1550
6741 1558
6742 1640
6743 687
6744 977
6746 1116
6747 2053
6748 1711
6749 1339
6751 309
6752 1233
6753 789
6754 2205
6755 2417
6756 1491
6757 702
6759 962
6760 2251
6761 2023
6762 2510
6764 2375
6765 246
6766 12
6767 1114
6768 430
6769 1888
6770 1821
6771 1170
6772 1762
6773 1033
6774 507
6775 2338
6776 2055
6777 2048
6778 601
6779 557
6780 2501
6781 1854
6782 1724
6783 1283
6784 1859
6785 1299
6786 2110
6787 38
6788 2343
6789 2262
6790 1119
6791 225
6792 721
6793 2486
6794 562
6795 2361
6796 1027
6800 1074
6801 1209
6802 479
6804 148
6805 51
6806 1331
6807 416
6808 2015
6809 1596
6811 1620
6812 1329
6813 2518
6814 963
6815 1216
6816 707
6817 445
6818 684
6820 1584
6821 731
6822 788
6823 133
6826 947
6827 1735
6828 2217
6831 770
6832 1021
6834 2415
6835 680
6836 2260
6838 944
6839 1514
6840 1943
6841 1983
6842 1702
6843 1440
6845 574
6846 2414
6847 1992
6848 1230
6850 1847
6851 1244
6852 2338
6853 464
6854 27
6855 960
6856 664
6858 542
6859 2464
6861 1003
6862 1912
6863 1311
6865 1397
6866 91
6867 1376
6869 909
6870 1525
6871 781
6873 1118
6874 1030
6876 133
6879 881
6881 668
6882 1251
6884 2102
6889 1113
6890 1239
6891 311
6892 964
6893 189
6894 705
6895 1261
6901 828
6902 2174
6903 2303
6905 137
6906 709
6907 1007
6909 1397
6910 2517
6911 1895
6912 166
6913 1658
6914 1014
6915 1844
6916 1709
6917 2370
6918 1059
6919 1716
6920 799
6922 186
6924 339
6925 1401
6926 1255
6927 2128
6928 2382
6929 2152
6930 1575
6932 232
6934 2209
6935 1705
6936 1952
6938 566
6941 118
6942 830
6944 1972
6945 369
6946 1206
6947 1471
6949 743
6950 635
6951 618
6953 1443
6954 1810
6956 752
6958 332
6961 81
6962 109
6964 618
6965 872
6966 787
6967 524
6968 2316
6969 1729
6970 137
6972 118
6973 376
6974 2365
6975 2210
6979 383
6981 1066
6982 1384
6983 1633
6984 580
6985 2298
6987 1169
6988 16
6990 74
6991 378
6995 112
6999 549
7002 128
7004 284
7005 2091
7006 2382
7008 821
7009 1986
7010 1448
7012 1025
7013 801
7014 578
7015 690
7016 39
7017 652
7019 784
7020 1730
7021 1475
7022 751
7023 216
7025 924
7026 1659
7027 638
7028 1492
7029 824
7030 2153
7032 1105
7033 2191
7034 548
7035 1202
7036 293
7037 1708
7038 2273
7039 1752
7040 883
7041 1064
7042 1605
7043 1609
7044 1538
7047 1848
7048 1594
7049 939
7050 1916
7051 123
7052 2377
7055 1245
7056 1486
7058 1244
7059 1433
7060 1230
7062 1949
7063 1463
7064 1881
7066 850
7067 650
7068 2102
7069 2159
7070 1671
7071 2295
7072 64
7073 1544
7074 1350
7076 672
7077 955
7078 2051
7079 2094
7080 1395
7081 371
7083 2198
7084 1339
7085 717
7087 1123
7088 1659
7089 1092
7090 255
7091 285
7092 81
7093 9
7094 190
7095 181
7097 597
7098 765
7099 2414
7100 1537
7101 1975
7102 273
7104 146
7105 1038
7106 1709
7107 640
7109 913
7110 1561
7111 2478
7112 41
7113 2008
7114 94
7115 1020
7116 1076
7117 1306
7118 185
7119 522
7122 210
7125 325
7126 1803
7127 1072
7128 1955
7129 935
7130 2041
7131 2521
7132 797
7134 627
7135 1094
7137 2366
7138 582
7140 1869
7142 234
7143 1918
7144 978
7145 2211
7146 226
7148 2297
7149 1804
7150 5
7152 49
7154 1259
7155 975
7156 1455
7158 586
7159 2149
7160 1467
7161 1357
7162 2265
7164 887
7166 2335
7167 1997
7168 1581
7169 87
7172 727
7173 135
7174 1788
7175 690
7176 2454
7177 840
7178 1656
7180 1696
7181 681
7183 1223
7184 2298
7185 1990
7186 6
7188 511
7189 618
7190 1839
7192 1929
7195 2045
7196 855
7197 361
7198 623
7199 951
7200 1606
7201 1803
7202 2264
7203 2094
7205 2020
7206 1227
7207 2197
7208 623
7209 595
7210 2079
7211 1962
7212 2264
7213 2076
7214 2486
7215 942
7216 29
7218 851
7221 757
7222 75
7223 1784
7224 338
7226 1435
7227 1479
7228 2472
7230 2327
7231 1791
7232 2369
7234 1555
7235 984
7239 268
7240 278
7244 1637
7245 2033
7248 1891
7249 704
7250 811
7251 1441
7254 88
7256 978
7258 130
7259 783
7260 1825
7261 478
7262 1437
7264 2513
7266 1303
7268 219
7269 948
7271 808
7273 1083
7276 2459
7277 1278
7278 755
7279 1671
7280 1442
7281 205
7283 569
7285 679
7288 1153
7289 2060
7295 2370
7296 1193
7297 68
7298 1249
7300 1540
7302 684
7304 573
7305 1605
7306 1329
7308 742
7310 1715
7311 1218
7312 1966
7314 2102
7315 329
7316 2351
7317 840
7318 1754
7319 2466
7320 1576
7321 1478
7323 918
7324 610
7325 1531
7326 1558
7327 937
7328 1098
7329 265
7330 2426
7331 39
7332 1550
7333 751
7335 2103
7336 592
7337 720
7339 424
7341 307
7342 839
7343 1250
7344 1263
7345 1994
7347 1157
7348 815
7349 1385
7350 1005
7351 624
7355 429
7356 646
7357 1537
7358 1342
7359 2210
7360 1728
7361 640
7362 856
7363 1252
7365 1527
7367 1182
7368 1101
7369 623
7370 850
7371 1667
7372 1214
7373 2078
7375 1142
7377 2196
7378 512
7379 2390
7381 64
7382 1484
7383 684
7384 42
7387 1321
7389 1990
7390 2307
7391 2398
7392 10
7393 2391
7395 2297
7396 1595
7397 1821
7399 951
7400 592
7403 718
7404 2486
7405 1470
7407 1960
7408 1307
7409 1173
7410 1584
7411 1354
7412 1559
7415 1879
7416 147
7418 355
7420 1378
7421 193
7422 159
7425 793
7426 1305
7427 1575
7429 567
7430 408
7431 2352
7432 1690
7433 322
7434 2171
7436 309
7437 1447
7439 2232
7441 902
7442 1749
7443 1283
7445 1645
7447 1148
7448 2046
7450 1672
7451 728
7452 1240
7453 211
7454 1703
7456 2486
7457 1732
7458 2308
7460 1388
7461 23
7462 2134
7464 755
7465 426
7466 486
7470 754
7472 1685
7473 1843
7474 475
7475 1495
7476 1352
7478 2105
7479 2162
7480 679
7481 388
7483 1145
7486 1741
7487 921
7488 1465
7490 888
7491 84
7492 1077
7494 852
7498 1892
7500 574
7501 282
7502 1963
7503 1359
7504 375
7505 639
7506 1283
7507 163
7508 1069
7509 2008
7510 1520
7511 765
7512 1996
7517 771
7518 566
7519 98
7520 1048
7522 1040
7524 935
7525 253
7526 2318
7527 612
7528 1272
7530 1120
7531 1305
7533 2527
7534 916
7535 1983
7536 1968
7537 925
7538 971
7539 799
7540 1935
7541 2150
7544 949
7545 2327
7546 441
7547 546
7548 1337
7549 1455
7550 1605
7556 865
7557 2007
7558 2517
7559 2069
7560 896
7561 617
7563 312
7564 231
7567 1787
7568 681
7570 2031
7571 1826
7573 938
7574 928
7575 947
7576 227
7577 1039
7578 726
7579 1182
7581 393
7583 976
7584 9
7585 757
7586 625
7587 2253
7588 91
7590 2196
7591 1468
7592 620
7593 1739
7598 338
7599 749
7600 470
7602 1000
7603 1124
7604 355
7605 2281
7606 1460
7607 752
7608 1943
7609 765
7610 479
7611 445
7612 2516
7613 1153
7615 304
7616 865
7618 170
7619 230
7620 1212
7621 872
7622 742
7623 2279
7624 955
7625 2130
7626 465
7627 46
7628 1819
7631 933
7633 1799
7634 251
7635 1931
7636 1273
7637 2156
7638 39
7640 736
7641 2195
7642 584
7643 2257
7644 2522
7645 149
7647 440
7649 1324
7650 220
7652 422
7653 1936
7654 1448
7656 2141
7657 259
7658 229
7659 2086
7660 1391
7661 1443
7662 2260
7663 424
7664 153
7665 820
7666 475
7667 1885
7668 1231
7669 1264
7670 282
7671 1610
7672 737
7675 2505
7676 356
7677 142
7678 67
7680 527
7681 335
7682 1571
7686 905
7688 73
7689 900
7690 420
7692 412
7693 1104
7694 453
7695 719
7696 2446
7698 224
7700 279
7701 1852
7702 494
7704 1594
7705 280
7707 748
7709 2016
7710 248
7712 822
7713 291
7714 802
7715 33
7716 1007
7717 2016
7718 2176
7721 758
7722 482
7723 1277
7724 2454
7725 1013
7727 1418
7728 227
7729 509
7730 1789
7731 958
7732 1920
7736 1734
7737 1308
7738 366
7740 1625
7741 1976
7742 414
7743 978
7744 2244
7746 601
7747 368
7750 2290
7752 591
7753 1207
7756 612
7757 1329
7759 1416
7761 623
7764 1313
7766 482
7767 1959
7768 764
7769 1314
7771 2220
7772 2217
7773 1647
7774 460
7776 714
7778 948
7780 2262
7782 688
7783 458
7784 1460
7786 602
7788 1723
7789 1560
7790 1776
7792 695
7793 1221
7795 700
7796 774
7798 347
7799 1040
7800 913
7806 484
7808 1969
7810 1973
7811 1115
7813 2455
7814 274
7815 782
7816 1172
7817 928
7818 280
7819 531
7821 238
7822 2115
7823 54
7824 700
7825 1701
7826 1400
7827 1302
7828 2508
7829 2296
7830 156
7832 1618
7835 1074
7837 1665
7841 1828
7842 2126
7843 1364
7845 2217
7846 2289
7848 816
7849 1584
7850 142
7851 685
7852 755
7853 1456
7854 495
7855 1320
7856 758
7859 355
7861 113
7862 1114
7863 2155
7864 261
7867 959
7868 1271
7869 2471
7870 1604
7872 2527
7873 1072
7874 1
7876 703
7878 1699
7879 2500
7880 2018
7881 72
7882 447
7884 507
7886 610
7887 1499
7888 2500
7891 246
7892 1178
7894 910
7895 1910
7897 54
7898 1800
7899 2321
7901 2256
7903 1319
7905 910
7908 1296
7909 399
7910 1194
7911 144
7913 2095
7914 203
7915 642
7916 556
7917 922
7918 2500
7919 711
7920 1179
7921 2100
7922 2029
7923 1782
7924 90
7925 1676
7926 1246
7927 520
7929 1130
7930 603
7931 540
7932 1729
7933 762
7934 1383
7935 2196
7937 1212
7939 1842
7941 1062
7942 742
7943 1764
7944 836
7946 644
7947 1110
7950 1465
7953 1076
7954 820
7955 71
7956 9
7957 1096
7958 2450
7959 1155
7961 1843
7962 529
7963 1235
7966 150
7967 2256
7969 920
7970 1551
7971 242
7973 1329
7975 1693
7976 1656
7977 605
7978 1719
7979 2045
7980 95
7983 172
7984 838
7986 794
7989 2177
7990 435
7991 426
7993 2155
7994 609
7995 1802
7996 2344
7998 1721
7999 1358
8000 1668
8001 1764
8002 752
8003 193
8004 1392
8005 1386
8006 205
8007 2189
8008 2344
8011 2289
8012 1190
8013 1879
8014 290
8016 1000
8018 2201
8020 2415
8022 1508
8023 151
8024 2151
8025 1046
8026 2477
8027 1518
8028 1074
8029 233
8030 1378
8032 897
8034 1182
8035 1831
8036 2152
8038 1171
8039 278
8040 984
8041 284
8042 2310
8044 2141
8045 1569
8047 39
8048 2115
8049 1766
8050 1077
8051 1001
8052 534
8053 259
8055 1920
8057 1935
8058 1144
8059 195
8061 218
8062 1551
8063 1134
8064 385
8065 2084
8066 1303
8067 996
8068 2384
8069 1770
8070 90
8071 2201
8074 963
8075 2388
8076 2151
8077 868
8079 407
8080 1482
8081 369
8082 417
8083 2198
8084 1704
8085 501
8086 334
8087 1142
8090 263
8092 1645
8094 2016
8096 2382
8097 2432
8099 147
8101 555
8102 393
8103 795
8104 1124
8105 14
8109 2085
8111 491
8112 21
8116 470
8118 2065
8119 1631
8120 1481
8122 329
8123 287
8127 1576
8128 167
8130 493
8132 1309
8133 1088
8135 1806
8136 1667
8137 316
8140 1221
8142 350
8143 1908
8144 616
8145 142
8146 506
8147 999
8148 353
8149 1104
8150 2001
8152 1024
8153 1432
8154 2233
8155 614
8156 926
8157 2277
8159 1752
8160 1960
8163 545
8164 2318
8166 1816
8167 2129
8168 1761
8170 1559
8171 548
8172 2311
8173 811
8174 576
8175 1224
8177 152
8178 656
8179 1665
8182 755
8184 750
8186 1185
8187 2281
8188 1667
8189 2117
8190 1437
8191 1775
