2931 114
2719 505
2789 293
3177 366
787 393
301 220
2235 611
3234 384
3621 701
3074 660
3248 116
2656 150
1234 355
3089 660
3279 112
3019 259
2529 206
2470 461
2760 58
3758 19
2735 239
3875 91
8192 3525
8193 2035
8194 366
8196 2186
8197 2471
8198 797
7 2897
8199 328
8200 2578
8202 2807
11 2361
8203 1925
8204 2290
14 2616
8205 1089
8206 1925
8209 3651
8210 2441
19 2566
20 2605
8211 108
22 3166
8212 3041
8213 2554
25 3392
8214 3248
8215 64
28 1066
29 1264
8216 2749
31 325
8217 3513
8218 2321
34 3567
8219 3610
8220 524
37 1997
38 3210
8222 3070
8225 1803
8226 2938
46 2565
52 2252
55 2024
57 666
62 405
74 3362
75 361
77 3089
79 3663
85 1569
91 1702
92 3538
94 2226
97 257
99 3941
100 701
106 749
110 3148
112 3695
115 1551
120 417
126 3463
128 2686
133 2862
135 3596
137 627
138 71
139 2752
140 3641
141 3014
143 1131
147 86
149 3075
150 1348
153 2153
154 2551
155 3420
158 727
161 1101
162 492
166 2544
170 3447
175 1876
177 2772
186 3234
187 3347
188 2078
189 3658
190 1717
192 1169
201 2907
202 989
204 3864
207 3087
211 3792
215 2025
217 1670
219 1168
222 3398
228 570
229 865
235 1295
240 931
241 2853
249 1934
251 2178
252 3976
253 2078
258 873
260 3670
261 3179
262 2797
263 331
265 3039
266 1052
272 423
276 1017
279 3862
282 2947
283 3572
288 1058
293 2958
295 842
297 2336
299 516
300 3784
302 2781
304 644
306 2663
307 1084
313 653
314 3121
315 535
320 3032
321 1209
326 1308
332 44
333 3985
336 1535
338 874
344 3024
352 3606
354 931
357 1687
358 3746
360 342
368 2089
372 1321
375 1710
376 670
377 2312
380 524
381 3241
385 247
386 2564
390 359
393 72
394 2551
395 2630
396 3608
398 768
399 3357
401 3639
8221 3777
406 3819
407 3630
408 2252
413 1195
416 3973
420 1903
424 1051
427 716
435 3964
438 131
444 3141
446 2093
453 44
454 1127
455 3597
457 2733
458 1376
459 846
460 3032
463 2864
466 366
469 2881
470 3450
471 2136
481 2898
489 1575
490 774
491 2569
496 2434
501 1890
505 2867
507 3846
508 355
511 3726
514 1082
515 2269
520 477
521 566
522 2470
527 2896
528 400
529 3126
541 309
542 280
543 21
544 2688
545 3459
546 2768
548 3501
549 2886
551 448
553 1775
554 1575
556 2894
558 3245
560 13
561 1300
563 2032
564 823
567 601
568 2788
569 3596
571 1258
572 2851
573 2079
575 364
576 2958
577 1678
580 1723
582 881
583 3512
584 633
585 842
587 3450
589 1123
592 3304
595 761
596 3780
597 3585
598 2915
599 3407
602 3083
604 3440
605 1643
606 3471
607 1218
610 415
614 3222
616 3937
618 1641
619 3952
620 3014
626 3100
628 209
629 2891
634 3695
637 2104
638 1576
642 1619
645 1647
647 3888
650 3400
652 3624
654 3024
657 445
661 3307
662 1066
663 532
665 3259
667 1040
668 371
669 1086
672 1082
673 2857
676 3453
677 2936
679 1705
680 761
682 3200
685 1643
686 1640
688 423
690 1251
691 3373
692 2535
693 3274
694 2853
698 191
700 3439
702 1448
704 3882
707 3953
709 3748
710 555
711 1069
713 3130
715 2844
718 3875
720 870
721 3637
723 3776
724 3509
728 1577
729 2960
730 1607
732 2892
734 2646
735 231
743 2552
744 2833
746 2998
748 781
751 739
753 2168
758 2167
760 849
763 243
765 3768
767 3992
771 3200
776 2178
778 2630
779 3630
780 2732
786 256
789 851
792 1828
793 3989
794 2580
796 2712
798 2638
801 3075
803 2231
804 2998
806 1959
807 1027
810 1537
812 2783
814 750
816 2718
817 430
818 44
821 2550
824 774
832 3560
833 3950
834 3976
837 268
838 3712
839 2054
840 591
841 2365
843 3352
844 851
845 3110
848 23
852 2761
853 10
854 1305
855 2975
856 3840
859 2821
860 2957
867 2640
868 3768
872 819
876 3101
880 245
882 1260
883 591
885 2234
887 1065
888 547
891 330
892 3082
893 165
895 752
898 451
900 951
901 63
902 486
905 3858
906 2921
908 1258
909 1140
910 3087
911 3144
915 123
916 3757
922 3259
923 1270
924 749
926 3467
927 3808
928 3948
930 2653
933 1890
936 3849
937 47
939 3395
940 2361
941 1611
942 3910
945 3776
947 1295
949 3210
952 3778
955 3176
956 2
958 3623
961 2960
965 1036
970 1804
971 3201
972 3864
974 1593
976 871
978 3237
979 2885
980 3497
984 1828
986 684
988 2546
991 3071
992 3947
993 2573
996 788
998 3894
999 2861
1000 196
1002 621
1003 578
1004 2963
1007 2234
1008 3597
1009 2978
1012 86
1014 3596
1015 165
1016 430
1018 2974
1020 2345
1021 291
1022 884
1023 2467
1025 2357
1026 3566
1030 3601
1032 3151
1033 311
1034 3160
1035 3302
1037 836
1039 1723
1041 3388
1045 1726
1048 3112
1050 2921
1053 1598
1054 3562
1055 3053
1056 1137
1057 9
1059 3698
1061 3004
1062 206
1063 1633
1064 2016
1067 1568
1070 655
1072 3408
1073 3428
1077 1803
1079 3752
1080 822
1081 633
1083 2167
1088 1188
1091 2942
1093 2770
1094 985
1095 2573
1098 1382
1099 2679
1102 931
1103 3450
1105 3105
1107 2560
1108 2854
1109 3758
1110 1655
1112 35
1113 3509
1115 2968
1118 3802
1120 2345
1121 918
1122 1278
1124 3200
1125 3845
1126 107
1129 3228
1132 3388
1133 3973
1134 1752
1135 2803
1138 2003
1141 9
1142 3129
1143 1820
1144 502
1145 653
1146 2083
1147 3721
1149 3535
1150 2809
1151 3156
1154 2443
1155 3699
1156 3178
1158 3340
1159 440
1160 3402
1161 3825
1162 3138
1167 3181
1170 2141
1171 433
1172 2490
1174 983
1175 1717
1177 1276
1180 3267
1186 2753
1187 3361
1190 1894
1191 327
1192 2722
1193 246
1194 802
1197 3352
1199 330
1200 2700
1201 3302
1204 305
1205 1700
1207 2680
1210 1241
1211 2961
1213 3608
1215 3010
1216 1684
1222 2743
1223 6
1225 3504
1226 1467
1229 2228
1230 3078
1231 1386
1232 1795
1236 757
1239 273
1243 3535
1245 3204
1246 3259
1247 2687
1248 1443
1249 269
1252 451
1253 2042
1255 4001
1256 714
1262 2844
1265 3356
1271 2854
1272 467
1273 3204
1275 364
1281 2560
1282 1264
1289 2483
1298 3202
1302 3318
1304 2910
1309 1997
1310 2836
1311 1670
1315 181
1317 2154
1319 3813
1320 1349
1322 1795
1323 3369
1327 3198
1331 759
1336 2589
1337 1962
1340 1717
1342 280
1344 2696
1351 3001
1352 3489
1354 1119
1355 2488
1356 1778
1357 675
1358 3962
1360 2939
1363 3625
1364 2689
1366 2836
1367 2524
1368 3297
1370 2827
1372 2083
1374 221
1375 325
1379 2011
1380 2755
1384 271
1385 1680
1387 3927
1388 366
1391 831
1393 3988
1394 2197
1395 3946
1403 631
1404 815
1405 3865
1406 48
1407 3197
1409 3181
1412 3813
1413 697
1414 959
1415 3736
1416 2750
1418 1636
1419 223
1420 2806
1423 2889
1424 819
1425 84
1426 3120
1427 144
1428 1074
1429 3390
1433 3999
1437 3695
1439 600
1440 2997
1441 3343
1445 3647
1446 1178
1447 53
1450 1260
1452 2585
1453 2775
1455 601
1456 3167
1457 3948
1458 13
1459 2240
1460 2966
1461 1752
1463 2388
1464 3182
1465 3171
1470 2444
1472 323
1473 1238
1474 49
1475 331
1476 3720
1477 2597
1479 2862
1480 61
1481 417
1482 2144
1484 3661
1486 3652
1487 3470
1488 3515
1489 2885
1490 3680
1493 2369
1495 3623
1496 497
1497 797
1498 2634
1500 2707
1501 3
1504 3450
1507 3850
1508 61
1509 2470
1510 1294
1514 3126
1515 2862
1516 1179
1519 1082
1520 1078
1522 1127
1526 3950
1527 3336
1528 644
1530 212
1533 935
1534 2958
1538 2115
1539 3182
1544 3371
1545 160
1546 3691
1554 203
1556 871
1557 2264
1558 1568
1559 3426
1560 3854
1561 1636
1563 350
1564 3523
1565 3035
1567 2664
1570 2696
1572 2918
1573 3617
1574 356
1581 3743
1583 3408
1584 1729
1585 3847
1587 3060
1588 1359
1589 2532
1592 2374
1594 9
1595 1168
1601 1274
1602 2910
1604 3826
1605 3169
1606 2185
1609 3568
1612 3420
1613 2146
1615 2514
1618 3482
1620 3634
1623 2184
1624 2797
1625 169
1628 500
1631 1569
1634 3292
1642 3340
1645 2768
1646 1402
1648 351
1649 2146
1657 3680
1658 476
1660 3950
1661 3501
1663 21
1664 2248
1665 359
1667 2647
1668 3074
1669 3917
1671 1897
1672 369
1673 3357
1675 3631
1676 1019
1679 964
1682 113
1683 1803
1685 2891
1686 3248
1688 2931
1689 951
1690 1090
1692 3183
1693 3585
1695 1300
1698 16
1699 2781
1701 3117
1704 2209
1706 3198
1708 230
1713 3083
1714 2746
1715 2087
1720 2696
1721 2843
1724 2786
1727 741
1728 2833
1730 646
1731 2536
1732 579
1733 2957
1734 3167
1735 2177
1736 2875
1737 1719
1738 1031
1739 3748
1741 1719
1742 2619
1743 3982
1744 3960
1745 3166
1746 242
1747 3818
1748 3077
1749 26
1750 2974
1751 630
1753 3388
1755 648
1756 2546
1757 921
1758 3625
1759 2894
1761 3406
1762 3303
1767 2444
1769 3160
1770 3182
1771 3722
1773 443
1776 3911
1780 286
1782 1840
1784 3608
1786 2577
1787 875
1788 3653
1789 2854
1790 60
1794 2843
1797 3530
1798 3658
1799 3105
1801 3043
1805 695
1806 2396
1807 2797
1808 9
1809 3024
1810 3449
1811 708
1813 2168
1814 3578
1815 3065
1817 2555
1824 3233
1825 2998
1830 3020
1831 3034
1832 3702
1833 484
1834 3010
1836 631
1837 641
1839 3633
1842 4002
1843 3207
1844 2254
1845 2011
1846 2643
1847 1116
1848 1826
1849 2688
1852 1656
1854 494
1858 3222
1859 3719
1860 3476
1862 3406
1864 164
1865 2136
1866 2970
1867 2185
1868 3324
1869 586
1870 3516
1871 2988
1872 400
1874 367
1880 1382
1883 2016
1886 3449
1887 146
1888 2536
1891 3930
1895 3864
1898 42
1899 1968
1900 2946
1901 2886
1905 3054
1907 774
1908 2951
1910 1316
1913 2770
1916 1400
1919 3542
1920 47
1921 759
1922 684
1923 119
1924 3469
1926 2902
1928 2933
1930 3606
1931 1918
1932 3206
1935 41
1936 3080
1937 2700
1938 2606
1940 2803
1941 3270
1943 736
1944 464
1945 1543
1946 1571
1948 2578
1949 3150
1950 224
1951 3390
1953 243
1954 1224
1955 2586
1956 3338
1958 2822
1960 2898
1961 1051
1963 2895
1964 182
1966 3622
1969 1043
1973 1616
1974 2662
1975 1334
1978 2763
1979 3901
1983 244
1985 2573
1986 3347
1987 737
1989 230
1991 2884
1993 3999
1996 2185
1999 86
2001 644
2002 2788
2004 712
2005 2800
2008 3001
2012 3780
2013 3174
2014 3279
2015 1591
2017 3594
2018 3163
2019 2801
2020 3964
2021 130
2022 3488
2023 3765
2026 1571
2029 152
2030 617
2033 2343
2034 1703
2036 2955
2039 1436
2040 3260
2041 1224
2046 3850
2047 1042
2048 2495
2049 3220
2050 2458
2051 3299
2053 3850
2055 1629
2056 3408
2058 1492
2059 267
2060 2681
2061 3334
2062 574
2065 3608
2066 1390
2068 243
2071 1169
2072 2848
2073 3125
2075 1894
2080 3559
2081 3082
2082 2987
2084 3622
2085 2683
2086 3320
2090 1629
2095 2963
2096 3737
2097 2649
2099 1300
2100 1283
2102 2458
2105 494
2106 1312
2109 208
2111 3354
2112 878
2113 2657
2114 851
2117 2686
2118 13
2119 267
2120 659
2122 3645
2123 3513
2124 255
2125 327
2126 3844
2127 783
2129 1959
2132 1136
2134 1840
2140 3749
2142 1184
2145 3990
2148 2761
2150 1060
2152 3292
2155 327
2156 1400
2157 1917
2158 3188
2159 1804
2161 3594
2163 3621
2165 2458
2171 3087
2174 3447
2176 890
2179 3189
2180 562
2181 500
2182 2819
2187 969
2188 913
2189 3854
2191 2733
2193 323
2195 894
2198 2197
2199 3043
2200 1202
2202 3577
2203 3032
2204 2197
2208 13
2211 2939
2212 3019
2214 775
2217 1179
2218 2932
2220 3181
2221 2731
2222 1716
2223 80
2227 822
2229 3834
2232 3497
2233 2799
2236 1821
2237 223
2238 474
2241 1333
2242 994
2243 1478
2244 3650
2246 270
2247 777
2249 954
2250 3631
2253 45
2255 1650
2256 129
2257 701
2258 3399
2260 3560
2261 1610
2262 447
2266 3809
2267 3587
2268 3866
2272 695
2273 3882
2274 2226
2277 2820
2278 1060
2279 3598
2280 1242
2281 3014
2283 3013
2284 2920
2286 3716
2287 3196
2288 3436
2291 2733
2292 1242
2293 2685
2295 2782
2296 294
2297 994
2298 2590
2299 2746
2300 2937
2301 2551
2302 1046
2303 3218
2305 2892
2307 6
2308 414
2310 3595
2311 2430
2313 2853
2314 659
2315 1168
2316 1254
2317 1152
2318 1643
2319 994
2320 3917
2323 3900
2324 2254
2325 3989
2326 648
2327 47
2330 23
2333 3663
2334 3041
2335 103
2337 2862
2338 483
2339 68
2340 3948
2342 2966
2344 611
2346 47
2347 2908
2348 787
2349 3631
2350 1917
2351 2775
2358 2226
2360 684
2362 950
2370 2571
2373 3468
2377 63
2379 2550
2382 18
2386 2631
2387 3084
2389 2637
2390 1694
2391 3945
2392 3224
2393 3013
2397 1468
2398 1621
2399 2763
2400 2964
2401 2687
2403 3740
2404 703
2405 3292
2407 3212
2408 2641
2411 3805
2413 3288
2414 2003
2416 2686
2417 518
2418 2947
2419 3295
2421 2184
2423 3753
2424 2958
2425 819
2426 1092
2427 2870
2433 609
2435 3933
2436 1131
2438 3766
2439 477
2440 328
2447 2800
2448 2514
2449 537
2450 1662
2453 3113
2454 1466
2455 2942
2456 2897
2457 3960
2459 3135
2460 3423
2461 1778
2464 146
2476 2900
2477 1333
2479 1264
2481 799
2482 2697
2485 1529
2486 3177
2487 2859
2489 3849
2492 2709
2493 3863
2494 1885
2499 2956
2501 3503
2502 83
2505 2772
2508 2035
2509 2149
2512 1990
2513 3722
2515 894
2516 142
2517 268
2518 858
2519 3531
2520 2697
2521 3449
2537 2168
2559 3924
2568 3809
2570 3889
2579 2842
2587 3994
2595 2918
2602 1074
2615 925
2623 2355
2625 2443
2626 44
2629 3240
2639 3625
2659 3217
2693 2833
2695 2024
2713 3404
2723 3637
2725 2402
2769 2802
2776 975
2777 2028
2790 2678
2811 425
2818 3462
2834 3971
2866 151
2953 3621
2959 3390
2976 2078
2989 3694
3000 1185
3027 1547
3057 2966
3067 3931
3081 3689
3085 400
3116 1641
3146 3514
3147 3366
3154 3862
3208 1300
3225 3115
3236 102
3238 3919
3242 2031
3261 1537
3264 2402
3278 2353
3301 1137
3305 3953
3317 2206
3325 3331
3328 2491
3351 3277
3363 2483
3367 2839
3396 3787
3411 3512
3434 3971
3437 3911
3448 2793
3460 2069
3461 2553
3464 1312
3466 369
3478 107
3487 2814
3491 322
3511 1074
3528 2909
3534 3051
3556 1800
3563 588
3579 1792
3603 1569
3611 2991
3614 3821
3635 3016
3659 2000
3669 3621
3676 783
3678 50
3681 736
3701 3777
3715 525
3728 2321
3729 2686
3731 2215
3741 1970
3751 3861
3755 1400
3764 983
3769 45
3788 2679
3794 726
3800 362
3815 2765
3823 1796
3828 90
3831 3219
3837 1111
3871 1796
3879 3639
3890 318
3891 3203
3892 223
3896 2844
3899 1840
3903 242
3909 3329
3915 3994
3935 591
3939 630
3943 1709
3966 3104
3968 2352
3969 2730
3978 66
3995 3121
4003 3089
4005 118
4006 2052
4007 2658
4008 1140
4009 826
4010 3229
4011 655
4012 2573
4013 277
4014 3214
4015 61
4016 495
4017 1264
4018 379
4019 3392
4020 2988
4022 3375
4024 244
4025 1630
4027 3421
4028 1718
4029 1438
4030 722
4033 3862
4035 2658
4036 3647
4037 1228
4039 3262
4040 1729
4041 1633
4042 1305
4043 160
4045 3882
4046 2094
4047 3631
4049 3450
4050 3808
4051 3105
4052 630
4053 2565
4054 2184
4055 2115
4056 3342
4057 3270
4058 2545
4060 303
4062 1469
4063 2645
4064 3442
4065 659
4066 1525
4067 203
4069 3359
4070 389
4071 3989
4073 1329
4074 2576
4075 310
4076 3944
4079 1383
4082 2889
4083 3717
4084 66
4085 3905
4087 3201
4090 2621
4091 2357
4092 3403
4093 2624
4094 3010
4096 1641
4097 1206
4098 3385
4100 3272
4102 3907
4104 2890
4105 48
4106 2897
4107 847
4108 3551
4109 3204
4111 3174
4112 847
4114 1562
4116 2712
4117 2530
4118 3065
4119 3458
4120 1301
4123 3267
4124 943
4126 2539
4129 3917
4130 2168
4133 191
4135 3631
4137 2925
4138 641
4139 2816
4142 3708
4143 355
4144 588
4145 3126
4146 2647
4147 2470
4148 3258
4149 741
4150 2374
4151 1562
4152 2627
4153 2031
4154 2796
4156 1644
4157 2045
4158 3490
4159 1997
4160 3234
4162 3697
4163 1630
4164 3049
4168 3570
4169 1140
4170 3120
4172 3440
4173 2915
4174 2974
4176 1828
4178 3618
4183 248
4185 3149
4186 2785
4187 2638
4189 351
4191 3455
4194 3378
4195 2087
4196 1791
4197 2589
4198 3664
4201 3911
4202 456
4203 1259
4204 3294
4205 129
4206 2151
4207 3334
4209 1912
4210 1449
4213 2110
4214 2551
4215 2936
4216 747
4217 3825
4218 2186
4220 2196
4222 525
4223 3354
4225 2146
4226 3313
4227 3612
4228 3037
4229 1058
4230 2803
4231 3192
4232 270
4234 1981
4235 325
4236 3377
4238 2558
4239 3691
4240 795
4241 1680
4242 2973
4244 3231
4245 3533
4246 2178
4248 630
4249 1980
4250 3658
4251 3187
4252 95
4253 3546
4254 3374
4255 3205
4257 214
4258 2964
4259 49
4260 3921
4261 2657
4263 2957
4265 1717
4266 2787
4268 3419
4269 1127
4271 1902
4272 3867
4273 3512
4275 174
4276 105
4277 3392
4278 1189
4279 504
4280 1432
4281 3707
4282 3743
4284 1853
4285 1863
4286 3150
4287 2802
4288 1305
4290 3895
4292 1157
4293 3699
4295 2478
4297 1043
4299 442
4300 2704
4301 1705
4302 2915
4304 1238
4305 3636
4306 2765
4307 2546
4308 994
4309 362
4310 2265
4311 2511
4312 2972
4313 3044
4314 449
4315 1137
4318 2720
4319 1436
4321 2378
4322 3254
4323 1228
4324 3795
4325 1889
4326 340
4328 3131
4329 2367
4331 2788
4333 2511
4334 1980
4335 2480
4336 2921
4337 3118
4338 1696
4339 3150
4340 2442
4342 3753
4343 4002
4344 3350
4345 3252
4346 3251
4347 2466
4348 1826
4350 3241
4351 3684
4353 683
4354 1065
4355 286
4357 285
4359 1235
4361 755
4362 2663
4363 1434
4364 2529
4365 437
4368 451
4369 1179
4371 944
4372 2846
4373 2730
4375 2535
4376 3089
4377 1818
4378 828
4379 3424
4382 2711
4383 2089
4384 2640
4385 98
4386 2468
4387 1816
4388 169
4389 234
4390 3338
4391 524
4394 244
4395 708
4396 3134
4397 208
4400 2024
4401 1998
4402 2933
4403 2909
4405 450
4406 3870
4407 3989
4408 151
4409 2962
4410 518
4411 2738
4412 2920
4413 2877
4414 1042
4415 1306
4416 1339
4417 2594
4418 608
4419 9
4420 2185
4421 329
4423 1268
4424 423
4425 1182
4426 781
4427 51
4428 1593
4429 1531
4432 1305
4433 237
4434 624
4435 846
4436 1754
4437 2667
4439 547
4440 1506
4441 2384
4443 552
4444 2654
4445 3818
4446 244
4447 2785
4448 3126
4449 684
4450 581
4451 2979
4452 3518
4455 2738
4456 316
4457 3706
4458 2571
4459 2144
4460 871
4461 1217
4462 482
4464 3370
4466 3039
4467 167
4468 2815
4470 3241
4471 3599
4472 3190
4473 2612
4474 1712
4475 3873
4476 361
4477 117
4478 1821
4479 3719
4480 1339
4481 3834
4482 3595
4483 1182
4487 3743
4488 3888
4489 248
4490 3283
4494 3354
4495 3610
4496 3503
4497 2024
4498 3121
4499 2755
4500 346
4503 2196
4504 578
4506 962
4507 3062
4508 114
4510 3503
4511 3040
4512 2444
4513 995
4514 464
4515 1140
4516 934
4517 1632
4518 3102
4520 2566
4521 1610
4522 2451
4523 2768
4525 3035
4526 995
4529 3997
4530 1719
4531 441
4532 3422
4534 2909
4535 3169
4536 2025
4537 184
4538 3072
4539 3329
4540 3606
4541 1521
4543 3762
4544 3999
4545 3454
4546 1616
4548 3015
4549 3287
4550 3810
4551 3686
4552 3231
4553 3779
4554 3139
4555 3965
4556 1614
4557 2756
4559 181
4560 2721
4561 347
4562 2557
4563 198
4564 474
4566 2434
4567 2024
4568 3395
4572 3075
4573 2627
4575 2840
4576 3380
4577 2553
4578 3213
4579 1598
4580 1468
4581 1096
4582 1540
4583 3142
4585 1123
4586 1040
4587 3051
4588 3390
4590 2144
4591 2915
4593 2514
4594 1691
4595 2613
4596 2369
4597 3585
4598 1052
4599 40
4602 325
4603 3518
4604 1117
4605 2567
4606 2733
4607 3117
4608 3054
4609 1990
4610 3763
4611 1929
4612 2649
4613 163
4614 3866
4615 1795
4616 2988
4617 3050
4618 3232
4620 2955
4621 1691
4622 3753
4623 3052
4624 2828
4625 2052
4626 2025
4627 3765
4628 518
4629 969
4631 56
4632 3121
4633 633
4634 3237
4635 3988
4636 3545
4637 1829
4638 3078
4639 3538
4640 2025
4641 3123
4642 1823
4643 943
4644 879
4645 3124
4646 3362
4647 1494
4648 185
4650 2987
4651 820
4652 3841
4654 950
4655 790
4657 755
4658 516
4659 3944
4660 296
4661 3867
4662 2782
4663 1024
4665 1617
4666 3356
4667 2749
4668 3221
4671 323
4672 1607
4673 1718
4674 1994
4675 829
4676 2783
4677 2527
4678 3668
4680 861
4681 3397
4682 2042
4683 819
4684 2336
4686 3733
4687 3092
4688 3162
4690 2076
4691 2958
4692 3073
4693 1332
4694 8
4697 2560
4698 3743
4699 1485
4700 3084
4701 2470
4702 3355
4703 562
4704 2924
4705 366
4706 2917
4707 1068
4708 430
4709 896
4710 3312
4714 361
4715 2936
4716 2007
4718 1005
4719 270
4720 3090
4721 2683
4722 206
4723 3804
4725 41
4726 3523
4727 1777
4728 2943
4729 1471
4732 39
4734 3980
4735 3931
4736 623
4738 3979
4739 487
4742 3677
4743 2507
4746 2711
4747 726
4748 3070
4750 3252
4751 3125
4752 287
4753 3135
4755 116
4756 2897
4758 969
4759 2660
4760 1111
4762 903
4763 3497
4764 488
4765 1697
4766 2828
4767 3171
4769 1617
4770 1962
4771 412
4772 1339
4773 3192
4774 3272
4775 1779
4776 3821
4777 2844
4779 3374
4780 2943
4782 931
4783 2646
4784 174
4785 3984
4786 3361
4787 858
4788 2720
4789 559
4790 3072
4792 1540
4793 3181
4794 2939
4796 493
4797 3312
4798 504
4799 2162
4800 221
4801 323
4803 1512
4804 3204
4805 2804
4806 2369
4807 2891
4809 539
4812 2045
4813 2932
4814 356
4815 3983
4816 646
4817 2471
4819 84
4820 1998
4821 3802
4822 557
4824 3964
4825 3808
4826 2133
4827 950
4828 1632
4829 1411
4830 3895
4832 1101
4833 2964
4834 2786
4835 3643
4836 2166
4837 2529
4838 3381
4839 3567
4840 231
4841 2647
4843 968
4844 3247
4845 3267
4847 3980
4848 2752
4849 2862
4850 1702
4851 220
4852 3576
4853 3101
4855 278
4856 3598
4857 3171
4858 3196
4859 788
4860 2836
4861 1217
4862 434
4863 464
4864 2657
4865 144
4866 2219
4868 418
4869 1540
4870 3463
4871 717
4872 359
4873 3859
4874 2938
4875 1164
4877 739
4878 3134
4879 2252
4880 2523
4881 10
4882 1189
4885 3953
4886 3040
4887 2530
4889 486
4891 214
4892 3503
4894 2606
4895 1535
4897 2128
4898 24
4900 2821
4901 3722
4904 2654
4905 3190
4907 1401
4908 3298
4910 3299
4911 3849
4912 2130
4913 3901
4914 934
4915 1157
4917 2797
4921 3985
4922 3138
4924 2842
4925 889
4926 3529
4928 3826
4929 142
4931 269
4932 757
4935 3205
4936 3183
4938 1206
4939 3467
4940 969
4941 1823
4942 1136
4945 1178
4946 125
4947 2661
4950 1766
4951 2960
4952 2892
4953 2933
4955 1321
4956 772
4957 1308
4958 119
4959 1386
4960 2091
4961 3811
4962 2197
4963 2662
4964 881
4965 15
4966 3888
4967 3322
4968 3647
4970 2271
4972 3035
4974 3118
4977 3071
4978 2656
4979 3696
4980 1569
4981 343
4982 404
4983 2402
4984 4
4985 233
4987 3971
4991 969
4992 169
4993 12
4994 600
4995 1818
4996 3344
4997 3403
4998 1305
4999 1164
5000 2588
5002 823
5003 3283
5004 3937
5005 3180
5006 1350
5007 2887
5008 2546
5010 2960
5011 722
5012 1650
5014 1316
5015 849
5016 3214
5017 656
5018 273
5019 3801
5020 1417
5021 1202
5023 382
5025 2910
5026 935
5028 611
5029 1280
5031 3028
5032 2584
5034 3165
5035 3439
5037 555
5038 98
5039 1136
5041 1136
5043 3194
5044 3097
5045 3297
5046 2356
5047 588
5049 156
5050 114
5052 925
5056 1611
5057 337
5059 3983
5061 2770
5062 2166
5063 1902
5064 2774
5069 495
5070 3467
5071 3521
5072 3507
5073 1785
5075 1547
5076 2826
5077 1258
5078 2683
5079 378
5080 1816
5081 3494
5083 1130
5091 2128
5092 319
5094 17
5100 2545
5102 1691
5103 379
5104 3210
5105 3489
5106 1332
5107 1157
5108 1259
5109 2451
5110 56
5111 3407
5112 3177
5115 3575
5116 411
5117 3795
5118 23
5119 621
5120 3738
5122 3877
5123 1521
5124 472
5126 3245
5129 1821
5130 418
5131 1792
5132 2966
5133 3631
5134 897
5135 2511
5136 948
5137 417
5138 1694
5139 2178
5140 422
5142 475
5144 2712
5145 566
5146 3462
5147 1228
5148 847
5149 3078
5150 1291
5151 1635
5154 2104
5155 3930
5156 3179
5157 2087
5159 3685
5160 1492
5161 3197
5163 238
5164 2726
5166 2841
5167 1242
5168 1890
5169 371
5172 71
5173 3535
5174 2469
5175 2802
5176 2984
5177 2441
5178 441
5179 526
5181 90
5182 1877
5183 3219
5184 422
5186 1348
5188 1718
5191 145
5192 726
5193 2054
5194 378
5195 1821
5196 151
5198 3965
5199 2566
5201 2895
5202 3946
5203 2899
5204 1089
5205 328
5206 3298
5207 2786
5208 687
5209 3315
5210 2674
5211 1785
5212 2862
5213 3523
5214 981
5215 962
5216 632
5217 1338
5219 3504
5221 2844
5222 624
5225 3645
5227 3393
5228 1952
5229 3354
5230 2914
5231 311
5233 3553
5235 3267
5236 3811
5237 896
5238 648
5239 2622
5240 3141
5242 2898
5243 2471
5244 425
5245 3818
5246 1881
5247 1324
5248 1027
5249 851
5250 2962
5251 3762
5252 1694
5255 3243
5256 493
5257 1571
5258 353
5259 1550
5260 2688
5261 2527
5262 2657
5263 465
5264 1224
5265 646
5266 3781
5267 3051
5268 884
5270 3531
5271 1590
5272 3593
5273 3636
5274 850
5275 2817
5276 3468
5277 2675
5278 3340
5279 3522
5280 3989
5281 3422
5282 429
5283 1656
5286 3200
5287 762
5288 2841
5289 2444
5290 2821
5291 1976
5292 2178
5293 3746
5294 104
5296 826
5297 3780
5298 3880
5299 1202
5300 2138
5301 655
5304 3733
5308 3664
5309 2787
5310 1078
5311 2628
5312 966
5314 609
5315 2962
5317 3850
5318 3718
5319 890
5320 164
5321 701
5323 1353
5324 3514
5327 2753
5328 3855
5330 1173
5331 631
5332 356
5333 3927
5335 2886
5336 1153
5337 2795
5338 5
5341 699
5342 612
5343 3467
5345 754
5346 2778
5347 3159
5348 1740
5350 3034
5352 1812
5353 2091
5354 3848
5355 3016
5356 3312
5357 963
5358 1622
5359 3187
5360 3680
5361 60
5362 3139
5363 1240
5366 2612
5367 2807
5368 144
5369 17
5370 2855
5371 3471
5372 480
5373 1775
5374 2687
5375 726
5376 2731
5379 1577
5381 2467
5382 3495
5383 450
5384 1718
5385 482
5386 3443
5388 3732
5389 2802
5391 3589
5392 114
5393 214
5394 3
5395 3235
5396 3334
5397 244
5398 220
5399 3912
5400 173
5401 2643
5402 3525
5403 1988
5404 474
5406 3573
5408 384
5409 3555
5410 2697
5412 3753
5413 1401
5414 960
5415 1123
5416 61
5417 15
5418 3717
5419 316
5420 2918
5421 1691
5422 3782
5424 1411
5425 76
5427 3212
5428 2175
5429 3694
5431 2993
5432 1929
5433 3544
5435 67
5436 3011
5437 369
5438 3458
5439 3318
5440 943
5441 1084
5442 387
5443 3166
5445 1875
5446 3692
5447 1280
5449 174
5450 1633
5452 2923
5453 345
5454 3757
5456 493
5457 3499
5458 2699
5459 2817
5460 1348
5461 3348
5462 1889
5463 353
5464 2934
5465 1586
5466 566
5467 1863
5468 2890
5470 1492
5472 3559
5473 1047
5474 3428
5475 104
5476 2843
5477 1812
5478 2752
5479 2000
5480 3522
5481 3555
5482 2846
5483 69
5484 2510
5486 3071
5487 2840
5489 3469
5490 3756
5491 3721
5496 1329
5497 3182
5498 3722
5499 3054
5500 3821
5503 182
5504 3929
5505 2213
5507 526
5508 2889
5509 3480
5510 60
5512 2787
5513 350
5514 1521
5515 3167
5516 3578
5517 772
5518 2554
5519 881
5520 169
5521 2548
5522 2210
5523 3704
5525 2870
5526 3987
5527 1220
5529 2802
5530 238
5532 1529
5534 2341
5536 3151
5537 3274
5538 3268
5539 3038
5540 1535
5541 3872
5543 2384
5544 3706
5546 2700
5547 3232
5548 3047
5549 3481
5550 699
5551 2698
5552 982
5553 2529
5554 113
5555 1550
5556 2530
5557 125
5559 2894
5560 3070
5561 2710
5562 3124
5563 3889
5564 2451
5565 3354
5566 264
5568 1980
5569 863
5570 977
5571 1998
5572 2177
5576 3537
5577 3849
5578 312
5579 3719
5580 428
5582 1202
5583 683
5586 3886
5588 3522
5590 480
5591 3370
5592 423
5593 829
5594 448
5595 3458
5596 3360
5597 2352
5599 2544
5600 3824
5601 2562
5603 3153
5604 3480
5605 3664
5606 3953
5607 1140
5608 2701
5610 3767
5611 1348
5612 2958
5613 3371
5614 2924
5615 3840
5616 1819
5618 2035
5619 3787
5620 3924
5621 104
5622 340
5624 2603
5625 912
5626 185
5627 2554
5628 3992
5629 3308
5630 3809
5631 400
5632 3962
5633 1982
5634 639
5636 1494
5641 3303
5642 1652
5643 1254
5644 323
5645 2680
5646 3378
5648 903
5649 5
5650 1823
5651 2758
5652 3976
5653 51
5654 1542
5655 3468
5656 3557
5657 3062
5658 1295
5659 2130
5660 1279
5661 896
5662 1314
5664 434
5665 3526
5666 969
5667 488
5668 264
5669 159
5671 705
5672 2970
5673 2650
5674 3034
5675 1189
5676 119
5677 1629
5679 3653
5680 2201
5681 273
5682 957
5683 3239
5684 516
5685 1775
5686 3026
5687 3247
5689 1622
5690 1169
5691 1576
5692 3803
5693 1691
5694 2183
5695 1499
5696 1591
5697 3713
5698 985
5699 2645
5700 1591
5702 3869
5703 218
5704 3123
5705 3605
5707 1543
5709 4001
5711 2367
5712 2854
5713 1992
5715 2743
5716 1878
5717 76
5718 1027
5720 274
5721 3079
5722 2979
5723 1017
5724 2745
5725 535
5726 3169
5728 896
5729 2552
5731 3699
5733 422
5734 1068
5735 3031
5736 3950
5737 2254
5738 127
5739 3084
5740 2500
5741 2795
5742 267
5743 2306
5744 364
5746 2192
5747 808
5749 3765
5750 1712
5752 1697
5753 3251
5757 1988
5758 1982
5759 309
5760 2590
5761 3020
5762 3349
5763 2789
5764 3643
5765 566
5766 3742
5767 969
5769 1343
5770 3559
5771 2683
5772 292
5773 3530
5774 131
5775 2555
5777 1137
5778 630
5779 2721
5780 3020
5781 3636
5782 3974
5783 3592
5784 2710
5785 2727
5786 2985
5788 418
5789 1655
5791 3507
5793 1599
5795 1074
5796 2594
5797 305
5798 2183
5799 1903
5800 3392
5802 3649
5803 1397
5804 449
5805 223
5806 3422
5808 2942
5809 3231
5810 3703
5812 410
5813 476
5814 3228
5815 1082
5816 2796
5817 445
5818 3917
5819 1726
5822 119
5823 3704
5826 2184
5827 3180
5829 2101
5830 3621
5831 3148
5832 3723
5833 117
5834 3537
5836 3462
5837 414
5838 3443
5839 2778
5840 3074
5841 1518
5842 3010
5843 2289
5846 83
5847 2206
5848 109
5849 3383
5850 3177
5851 2613
5853 324
5854 3420
5855 630
5856 3605
5857 3403
5858 1087
5863 1892
5864 3384
5865 2958
5866 3596
5869 1307
5870 1840
5871 1630
5872 3045
5873 2951
5874 3167
5875 419
5876 109
5878 1164
5879 1568
5880 1992
5881 3761
5882 2078
5883 1632
5884 58
5885 3704
5886 1659
5887 615
5888 1267
5889 1705
5891 1586
5892 2924
5894 84
5895 3599
5896 1185
5897 1296
5898 697
5899 2526
5900 2748
5901 3878
5902 1290
5903 3086
5904 1305
5905 116
5906 640
5908 2844
5909 800
5911 3228
5912 1531
5914 3028
5915 3377
5916 1702
5917 319
5918 1550
5919 3547
5920 2796
5921 1506
5923 3031
5924 2789
5925 3031
5926 1432
5927 197
5928 1049
5930 2901
5931 129
5932 3059
5933 3665
5934 835
5935 373
5936 1677
5937 3035
5938 849
5939 2552
5940 3075
5941 2969
5943 1972
5944 3390
5945 2831
5946 3374
5947 1506
5948 617
5950 335
5951 1878
5952 1647
5953 2726
5954 2251
5955 2753
5956 2458
5958 1897
5959 2545
5960 2167
5961 684
5962 3318
5963 3763
5965 3777
5966 3631
5967 3646
5968 317
5969 4002
5970 997
5972 3087
5975 1795
5976 2918
5977 3532
5978 23
5979 1353
5980 3734
5981 3661
5982 3044
5983 405
5984 2355
5985 3150
5987 2378
5988 648
5989 3882
5990 3173
5991 3231
5992 1549
5993 3043
5995 3960
5996 498
5997 717
5998 3254
6000 1261
6002 3782
6003 2175
6004 630
6005 3633
6006 903
6007 3369
6008 3761
6009 3920
6010 2683
6011 1036
6012 1448
6013 3870
6014 3428
6015 2225
6016 966
6017 2658
6018 2104
6019 3736
6020 2658
6021 3310
6022 334
6023 3489
6025 2000
6026 129
6027 3312
6030 2900
6032 122
6033 2779
6034 2800
6036 1590
6037 3441
6041 3352
6042 2239
6044 1183
6046 382
6047 1078
6048 3514
6049 1959
6051 3998
6053 2240
6054 2076
6056 3576
6057 2151
6058 448
6059 2471
6060 3254
6061 1168
6062 1189
6063 2764
6064 532
6065 2884
6068 1434
6069 3126
6070 3235
6072 2631
6073 3740
6075 1089
6076 1555
6078 1577
6079 3394
6080 3295
6081 312
6082 3546
6083 3521
6084 3888
6085 1390
6086 1703
6087 3462
6088 981
6089 2920
6090 373
6091 3515
6092 41
6093 3680
6094 95
6095 2365
6096 3749
6097 1917
6098 3981
6100 329
6101 1666
6102 1980
6103 289
6104 1719
6105 1617
6106 3505
6107 2733
6108 2619
6109 342
6110 524
6111 3854
6112 2618
6113 2940
6114 3192
6116 3163
6117 3907
6118 367
6121 3477
6122 426
6123 3516
6124 2619
6126 3270
6127 1577
6128 2584
6129 3123
6130 3183
6131 2749
6132 3327
6133 907
6134 3349
6135 3184
6136 1614
6137 234
6138 1235
6139 1535
6140 2958
6141 382
6142 1434
6143 772
6144 3406
6145 2240
6147 3219
6150 118
6151 1435
6152 3318
6153 340
6156 4000
6159 3571
6160 2228
6162 2843
6163 5
6164 347
6165 3178
6167 954
6168 633
6170 950
6171 1760
6173 3708
6174 123
6175 49
6176 3009
6178 3621
6179 1992
6180 3207
6181 3689
6182 3424
6184 1176
6185 3950
6186 2042
6187 850
6189 1400
6190 1702
6191 3668
6192 2828
6193 1168
6195 2240
6200 3486
6201 2684
6203 3224
6204 1650
6205 3120
6206 124
6209 3388
6210 2312
6212 3996
6213 3105
6214 1795
6215 1240
6216 382
6217 3190
6218 3416
6221 2094
6222 950
6223 1803
6225 3863
6227 1235
6228 2783
6229 3855
6230 2744
6233 1382
6234 525
6235 2932
6236 3110
6237 3790
6239 2365
6241 18
6242 3960
6243 233
6245 1795
6247 2804
6248 741
6249 617
6250 2871
6251 421
6252 1241
6253 61
6256 3408
6258 3189
6260 2933
6261 517
6262 1324
6264 296
6265 3059
6266 2201
6267 2993
6268 1157
6269 3378
6270 2471
6271 199
6272 3040
6274 1577
6275 1577
6276 1710
6277 2784
6278 894
6279 289
6280 123
6281 2624
6283 951
6284 3762
6285 2995
6288 2897
6290 3929
6291 3441
6292 3933
6293 3424
6298 3222
6302 2878
6303 47
6304 210
6305 220
6306 3109
6307 2814
6308 3594
6309 3717
6310 3423
6311 3537
6313 1485
6314 670
6315 3133
6316 3235
6317 3051
6320 3553
6321 3989
6323 1152
6325 3202
6326 1929
6327 3282
6328 4000
6330 172
6331 3220
6332 1723
6335 1640
6336 3293
6337 2879
6338 2821
6341 3065
6343 2774
6344 3079
6345 2239
6346 1084
6347 3240
6348 284
6349 3784
6350 130
6351 842
6352 3571
6353 1990
6354 658
6355 3706
6356 3375
6358 2876
6359 1608
6360 3266
6361 3087
6362 3200
6363 172
6364 3719
6365 2196
6366 3171
6367 3141
6368 1889
6369 2184
6370 2755
6371 3432
6374 623
6375 3591
6376 3462
6377 2563
6378 1525
6379 3736
6380 1697
6381 3089
6382 3944
6383 2950
6384 3354
6385 799
6386 1630
6389 1131
6390 3674
6391 3207
6392 3134
6395 2588
6396 3287
6398 1521
6401 2621
6403 1043
6404 1856
6405 45
6407 2128
6408 951
6411 960
6412 1049
6414 3
6415 287
6417 1325
6418 3920
6419 2
6421 3811
6422 3984
6423 2795
6424 462
6428 1092
6429 3987
6430 3689
6431 2210
6432 1268
6434 447
6435 1691
6436 2748
6437 1349
6438 1467
6440 351
6441 1371
6443 232
6444 3760
6445 2870
6447 467
6448 1614
6449 3142
6450 2168
6452 2209
6453 185
6454 2566
6455 3732
6456 362
6457 285
6458 3159
6459 3517
6460 639
6463 2752
6464 1622
6465 1621
6466 1861
6469 58
6470 248
6472 17
6473 3984
6475 3912
6476 86
6477 119
6478 98
6479 203
6480 2524
6481 3551
6482 2133
6483 3601
6484 2133
6485 2900
6486 400
6487 1206
6488 1792
6489 339
6490 1332
6491 291
6492 3905
6495 434
6496 944
6497 3394
6499 2662
6500 3920
6503 975
6504 3637
6505 3399
6506 1349
6507 3863
6508 2870
6509 3382
6510 2888
6511 2430
6512 871
6513 3388
6514 1443
6515 1492
6517 1640
6518 2101
6520 2791
6521 1511
6522 3810
6524 2566
6527 2355
6528 3221
6529 557
6530 716
6531 795
6533 113
6534 3450
6535 3322
6536 3060
6537 822
6539 2971
6543 2094
6544 374
6545 1518
6546 3919
6548 1316
6549 870
6550 1078
6551 1599
6552 1614
6554 931
6555 2539
6556 962
6558 773
6559 2748
6560 1977
6561 1214
6562 1168
6563 3268
6564 1313
6565 3450
6566 2914
6567 3503
6569 3304
6570 3775
6571 3726
6572 3709
6573 3834
6574 2341
6575 1209
6577 267
6579 3597
6581 2192
6582 1778
6583 2744
6586 2877
6587 531
6588 3449
6589 199
6590 1629
6592 3561
6593 2290
6595 3222
6596 1335
6597 72
6599 3732
6600 2083
6601 636
6602 3308
6603 104
6604 1829
6605 2560
6606 318
6607 432
6608 2596
6609 1499
6612 2531
6613 2089
6614 3760
6615 3596
6616 2603
6618 199
6619 3964
6620 785
6622 1687
6623 3365
6624 787
6626 296
6628 2294
6629 948
6630 2138
6631 3050
6632 3142
6634 2786
6636 337
6637 875
6638 3371
6639 1878
6640 2580
6642 625
6643 3240
6644 2031
6645 3092
6646 3869
6648 517
6649 3075
6650 3087
6652 2185
6653 2951
6654 3689
6656 865
6657 3706
6658 1529
6660 555
6661 2727
6662 2666
6663 1889
6664 482
6665 1386
6666 1257
6668 2751
6669 3055
6670 3307
6671 3515
6672 1929
6673 931
6674 2522
6675 2984
6676 2722
6677 1291
6679 536
6680 2054
6681 1294
6682 3121
6683 2936
6684 1287
6685 3241
6686 3318
6688 2847
6689 1863
6690 3078
6691 3456
6692 3496
6694 3813
6695 2720
6696 373
6697 2443
6698 3354
6700 3987
6701 366
6703 2367
6704 2706
6705 3102
6706 2964
6707 1402
6708 3885
6709 3707
6710 1717
6712 3658
6714 2648
6715 1803
6716 890
6717 3562
6718 2544
6719 1894
6720 3543
6722 2103
6723 2971
6724 3641
6726 849
6727 242
6728 1296
6729 2803
6730 3590
6731 3645
6732 2991
6733 3151
6734 346
6735 1531
6736 2831
6737 480
6738 3272
6739 1547
6740 3866
6741 1700
6742 3976
6743 3622
6744 1382
6746 230
6747 1448
6748 1984
6749 351
6751 1316
6752 1760
6753 3041
6754 2343
6755 233
6756 1188
6757 3365
6759 579
6760 2470
6761 479
6762 437
6764 2526
6765 627
6766 1295
6767 646
6768 2750
6769 3717
6770 3245
6771 3916
6772 725
6773 442
6774 2511
6775 3513
6776 2745
6777 3814
6778 2849
6779 1718
6780 2210
6781 3601
6782 1818
6783 1279
6784 1227
6785 257
6786 3714
6787 3174
6788 119
6789 1505
6790 3560
6791 764
6792 621
6793 2796
6794 2612
6795 3917
6796 2042
6800 2948
6801 2698
6802 2581
6804 2799
6805 3403
6806 2736
6807 291
6808 2352
6809 2931
6811 3819
6812 3950
6813 3540
6814 3469
6815 2469
6816 3921
6817 3342
6818 1650
6820 3170
6821 2555
6822 3088
6823 3601
6826 3916
6827 3016
6828 3320
6831 3880
6832 3178
6834 3983
6835 1881
6836 1968
6838 1224
6839 2942
6840 3131
6841 1291
6842 3699
6843 2093
6845 1630
6846 3509
6847 312
6848 3337
6850 65
6851 3043
6852 2294
6853 93
6854 3606
6855 2826
6856 3422
6858 3224
6859 335
6861 3664
6862 1221
6863 3054
6865 3867
6866 3996
6867 3900
6869 404
6870 2999
6871 1397
6873 2841
6874 259
6876 3674
6879 3398
6881 429
6882 3462
6884 2692
6889 1976
6890 173
6891 2894
6892 3836
6893 3692
6894 3850
6895 264
6901 648
6902 3322
6903 2622
6905 1710
6906 3252
6907 990
6909 990
6910 3696
6911 697
6912 3402
6913 3606
6914 1512
6915 712
6916 2375
6917 1529
6918 1621
6919 3241
6920 953
6922 3719
6924 1593
6925 3467
6926 58
6927 3702
6928 327
6929 122
6930 2567
6932 216
6934 1823
6935 1576
6936 49
6938 636
6941 1971
6942 3336
6944 205
6945 294
6946 3218
6947 2791
6949 2434
6950 3959
6951 725
6953 2880
6954 351
6956 1066
6958 2764
6961 2215
6962 419
6964 1183
6965 3112
6966 797
6967 2003
6968 2925
6969 365
6970 223
6972 2166
6973 3235
6974 1550
6975 2900
6979 3623
6981 487
6982 646
6983 1552
6984 3494
6985 347
6987 3446
6988 3290
6990 2833
6991 1822
6995 3565
6999 3938
7002 2608
7004 2658
7005 1185
7006 2151
7008 2682
7009 829
7010 2644
7012 67
7013 373
7014 3745
7015 2042
7016 3593
7017 3622
7019 863
7020 492
7021 1241
7022 2527
7023 311
7025 3449
7026 3320
7027 3428
7028 2083
7029 3355
7030 1411
7032 1718
7033 1568
7034 2670
7035 2755
7036 2321
7037 3913
7038 2986
7039 2993
7040 2091
7041 3499
7042 759
7043 2054
7044 3605
7047 1796
7048 3334
7049 3125
7050 3118
7051 1169
7052 2903
7055 242
7056 808
7058 2538
7059 3776
7060 3921
7062 3196
7063 2545
7064 2632
7066 2252
7067 2802
7068 1068
7069 213
7070 485
7071 3118
7072 54
7073 617
7074 2718
7076 2290
7077 3252
7078 3362
7079 212
7080 2755
7081 2178
7083 3407
7084 1089
7085 3885
7087 3574
7088 3467
7089 3482
7090 3349
7091 2761
7092 3197
7093 3895
7094 2093
7095 2590
7097 3427
7098 1234
7099 2178
7100 1220
7101 1301
7102 1764
7104 3997
7105 2415
7106 328
7107 200
7109 2312
7110 414
7111 415
7112 2356
7113 2914
7114 1019
7115 3159
7116 3083
7117 2900
7118 3302
7119 1263
7122 405
7125 1879
7126 2929
7127 3985
7128 1469
7129 2533
7130 3503
7131 3074
7132 2721
7134 3078
7135 3019
7137 2668
7138 203
7140 3609
7142 912
7143 3656
7144 2943
7145 2929
7146 3288
7148 2924
7149 2952
7150 2685
7152 2674
7154 894
7155 3654
7156 1610
7158 3119
7159 2593
7160 1257
7161 1339
7162 2840
7164 2727
7166 447
7167 3581
7168 3438
7169 2184
7172 2488
7173 1705
7174 1785
7175 1114
7176 3533
7177 3748
7178 2914
7180 42
7181 1157
7183 3591
7184 3108
7185 2168
7186 2947
7188 3372
7189 3121
7190 3016
7192 532
7195 1234
7196 98
7197 369
7198 2763
7199 2612
7200 1001
7201 3109
7202 1438
7203 3476
7205 462
7206 2929
7207 2711
7208 1803
7209 3304
7210 1467
7211 2341
7212 2672
7213 3141
7214 2705
7215 2655
7216 1681
7218 2235
7221 3151
7222 742
7223 1123
7224 2821
7226 152
7227 1881
7228 823
7230 3258
7231 3380
7232 3347
7234 2730
7235 2940
7239 2783
7240 3366
7244 2937
7245 1233
7248 2130
7249 2444
7250 3775
7251 2341
7254 3942
7256 2722
7258 3272
7259 3836
7260 3302
7261 1334
7262 716
7264 2627
7266 1535
7268 1169
7269 66
7271 1551
7273 2862
7276 3099
7277 243
7278 3578
7279 2704
7280 2917
7281 1826
7283 484
7285 433
7288 1577
7289 2069
7295 934
7296 1089
7297 3597
7298 3030
7300 3196
7302 3114
7304 3206
7305 3260
7306 532
7308 3654
7310 475
7311 3790
7312 2569
7314 1411
7315 2891
7316 1183
7317 3251
7318 305
7319 2289
7320 536
7321 884
7323 1659
7324 3877
7325 2774
7326 151
7327 3142
7328 3051
7329 2290
7330 339
7331 3850
7332 797
7333 799
7335 118
7336 3998
7337 2178
7339 2544
7341 1131
7342 2950
7343 3557
7344 964
7345 639
7347 3370
7348 3382
7349 2817
7350 2558
7351 934
7355 2472
7356 3714
7357 2606
7358 3355
7359 2234
7360 3030
7361 784
7362 755
7363 168
7365 1766
7367 3111
7368 2573
7369 2290
7370 3808
7371 2567
7372 2978
7373 3757
7375 3762
7377 3703
7378 2573
7379 1591
7381 4
7382 248
7383 2982
7384 3078
7387 609
7389 3716
7390 1101
7391 3049
7392 2734
7393 3814
7395 3750
7396 2555
7397 1277
7399 3567
7400 918
7403 2894
7404 2726
7405 2692
7407 1333
7408 1078
7409 2345
7410 450
7411 3151
7412 3204
7415 1828
7416 1729
7418 3117
7420 3565
7421 3679
7422 600
7425 3576
7426 3811
7427 1301
7429 3374
7430 2765
7431 2748
7432 181
7433 3589
7434 3052
7436 2665
7437 2649
7439 1116
7441 3490
7442 309
7443 2526
7445 370
7447 3859
7448 2031
7450 1779
7451 3944
7452 3509
7453 41
7454 3364
7456 1723
7457 445
7458 1687
7460 3642
7461 1438
7462 2885
7464 3302
7465 2885
7466 2213
7470 245
7472 2679
7473 3621
7474 2228
7475 3026
7476 2444
7478 603
7479 3963
7480 889
7481 2526
7483 2674
7486 3217
7487 3742
7488 2581
7490 1349
7491 3270
7492 3503
7494 578
7498 3378
7500 3663
7501 3925
7502 1335
7503 3130
7504 1390
7505 379
7506 3473
7507 2545
7508 3115
7509 3928
7510 703
7511 3217
7512 3783
7517 1710
7518 2162
7519 962
7520 2781
7522 2121
7524 191
7525 3297
7526 3418
7527 644
7528 2443
7530 2930
7531 2523
7533 2491
7534 1280
7535 1017
7536 2598
7537 421
7538 379
7539 105
7540 2932
7541 3188
7544 1892
7545 2028
7546 2718
7547 2806
7548 3488
7549 179
7550 2172
7556 3166
7557 2660
7558 3174
7559 3342
7560 1478
7561 615
7563 3516
7564 1740
7567 2600
7568 3114
7570 449
7571 938
7573 3200
7574 539
7575 2759
7576 2395
7577 16
7578 450
7579 3318
7581 3665
7583 2213
7584 3766
7585 2613
7586 1084
7587 281
7588 2835
7590 1804
7591 1716
7592 1863
7593 3566
7598 1101
7599 2797
7600 705
7602 474
7603 1397
7604 617
7605 327
7606 1290
7607 1990
7608 483
7609 1350
7610 2526
7611 931
7612 2597
7613 3114
7615 3988
7616 443
7618 2728
7619 3749
7620 878
7621 1390
7622 2631
7623 3184
7624 2921
7625 3473
7626 3467
7627 1976
7628 3721
7631 2841
7633 2821
7634 1586
7635 2130
7636 1334
7637 3336
7638 3912
7640 3050
7641 755
7642 432
7643 1562
7644 1065
7645 3065
7647 2598
7649 2898
7650 2110
7652 3356
7653 2751
7654 3866
7656 1492
7657 3499
7658 1819
7659 2831
7660 2982
7661 410
7662 921
7663 3078
7664 664
7665 13
7666 2796
7667 24
7668 243
7669 3100
7670 2820
7671 237
7672 3512
7675 3702
7676 3271
7677 2511
7678 2674
7680 2183
7681 741
7682 1992
7686 3713
7688 1710
7689 225
7690 1876
7692 3384
7693 2228
7694 2136
7695 2611
7696 1402
7698 3805
7700 257
7701 2734
7702 3194
7704 3273
7705 465
7707 2914
7709 3996
7710 660
7712 681
7713 1802
7714 3840
7715 3607
7716 538
7717 674
7718 71
7721 2956
7722 3205
7723 2661
7724 485
7725 2788
7727 2928
7728 3481
7729 2830
7730 3716
7731 485
7732 242
7736 2430
7737 434
7738 3058
7740 447
7741 472
7742 2192
7743 3227
7744 3575
7746 223
7747 1593
7750 3026
7752 310
7753 2960
7756 2733
7757 3402
7759 3046
7761 967
7764 3546
7766 2890
7767 1791
7768 400
7769 3439
7771 3427
7772 1902
7773 227
7774 3375
7776 3547
7778 164
7780 403
7782 2483
7783 3520
7784 3150
7786 3850
7788 782
7789 1531
7790 3527
7792 3080
7793 1619
7795 1114
7796 2206
7798 3168
7799 2432
7800 3561
7806 199
7808 3071
7810 214
7811 3379
7813 2686
7814 823
7815 1299
7816 2186
7817 627
7818 3090
7819 2733
7821 3343
7822 3874
7823 2183
7824 1632
7825 1238
7826 366
7827 994
7828 2532
7829 101
7830 1659
7832 3182
7835 2722
7837 3703
7841 1005
7842 3188
7843 447
7845 3384
7846 2999
7848 1182
7849 2388
7850 1438
7851 3804
7852 2969
7853 866
7854 3454
7855 3107
7856 3702
7859 487
7861 3131
7862 48
7863 330
7864 3765
7867 3195
7868 3853
7869 224
7870 365
7872 2918
7873 3957
7874 1066
7876 879
7878 71
7879 3557
7880 83
7881 421
7882 1551
7884 601
7886 1793
7887 2553
7888 3989
7891 570
7892 3398
7894 3472
7895 3354
7897 2572
7898 3525
7899 40
7901 1031
7903 835
7905 2855
7908 3523
7909 2151
7910 3962
7911 3494
7913 1401
7914 2720
7915 2993
7916 2588
7917 1754
7918 3854
7919 1716
7920 1321
7921 3005
7922 608
7923 2943
7924 3282
7925 1198
7926 3746
7927 3587
7929 2938
7930 3988
7931 750
7932 257
7933 920
7934 3508
7935 3526
7937 1382
7939 374
7941 2893
7942 1540
7943 196
7944 3895
7946 990
7947 3819
7950 2230
7953 1702
7954 3200
7955 2918
7956 2943
7957 3340
7958 3734
7959 1816
7961 3706
7962 3682
7963 1090
7966 3418
7967 865
7969 2216
7970 2531
7971 2650
7973 361
7975 3224
7976 3414
7977 3481
7978 1568
7979 3161
7980 3544
7983 3718
7984 43
7986 1722
7989 2663
7990 822
7991 3987
7993 3812
7994 2365
7995 2770
7996 3984
7998 3767
7999 3244
8000 3455
8001 2042
8002 2795
8003 820
8004 2201
8005 1512
8006 3490
8007 3402
8008 441
8011 1274
8012 1349
8013 3781
8014 2785
8016 1017
8018 951
8020 1036
8022 1184
8023 3235
8024 3653
8025 359
8026 531
8027 3924
8028 2527
8029 1754
8030 2093
8032 3398
8034 2936
8035 2727
8036 2206
8038 301
8039 2775
8040 943
8041 277
8042 1840
8044 975
8045 3684
8047 3379
8048 3342
8049 1818
8050 3275
8051 3973
8052 934
8053 2932
8055 953
8057 1284
8058 2605
8059 671
8061 1218
8062 912
8063 3384
8064 86
8065 2807
8066 3479
8067 3137
8068 98
8069 40
8070 2981
8071 2251
8074 2773
8075 1369
8076 2807
8077 3297
8079 3207
8080 102
8081 3355
8082 3401
8083 351
8084 462
8085 3592
8086 3337
8087 2993
8090 2956
8092 2652
8094 861
8096 1411
8097 1348
8099 1754
8101 3527
8102 3601
8103 3288
8104 2963
8105 254
8109 3810
8111 790
8112 2892
8116 3532
8118 2781
8119 1889
8120 2458
8122 3489
8123 2054
8127 3517
8128 462
8130 2684
8132 3298
8133 2565
8135 3919
8136 532
8137 296
8140 588
8142 2836
8143 559
8144 179
8145 2614
8146 484
8147 2216
8148 3567
8149 247
8150 1217
8152 2749
8153 2901
8154 2543
8155 2304
8156 3798
8157 3699
8159 625
8160 256
8163 370
8164 3973
8166 2797
8167 1250
8168 340
8170 3766
8171 69
8172 1637
8173 1632
8174 3145
8175 66
8177 2757
8178 465
8179 3977
8182 502
8184 3595
8186 2941
8187 3692
8188 3506
8189 785
8190 2599
8191 3863
