4594 350
4582 283
4959 21
4257 828
4898 525
354 56
3313 762
4156 539
4008 114
4120 112
4379 112
4114 411
4149 33
4475 61
1274 127
4703 807
5251 179
4152 574
1798 134
4062 587
4497 601
4260 318
8192 4583
8193 4359
8194 2079
8196 3896
8197 998
8198 1394
8199 2599
8200 15
10 2131
11 3912
8202 4388
8203 4725
14 185
8204 160
8205 5080
8206 5072
8209 4699
19 3057
20 183
21 2128
8210 4701
23 1305
8211 4445
25 2248
26 4215
8212 1148
28 3858
29 977
8213 60
8214 3393
8215 4309
33 4564
34 4008
8218 1271
8219 5260
37 4172
38 2881
8222 4235
8225 2627
8226 3254
42 2591
46 116
50 2695
52 1096
55 4223
57 2162
62 4984
67 501
74 4680
75 1702
77 4773
85 2627
89 5003
91 4087
92 271
94 3324
97 4097
99 1992
100 4382
102 4546
103 4153
105 7
106 4495
111 5018
112 2252
120 5016
126 471
128 894
130 641
131 4229
133 4963
135 5178
137 5245
138 705
139 890
141 2588
143 2591
147 4966
149 2143
152 4016
153 3154
154 4087
155 2843
157 4100
158 577
161 4397
163 2728
166 1692
168 3756
170 1068
173 1519
180 331
186 5011
187 4446
191 1394
192 73
193 1029
200 4020
201 5012
202 177
203 272
204 4694
211 4234
212 172
215 1806
217 4874
219 296
222 2355
228 4770
229 3217
234 4910
240 1542
243 5227
245 5245
249 4871
251 174
252 4425
253 2728
254 4087
258 5006
260 5002
262 477
263 4198
265 5018
266 2535
269 4921
276 835
278 2367
279 1096
280 3162
281 5299
282 2144
283 4154
288 808
290 2749
293 284
294 1493
295 4280
297 1656
299 5
300 1078
301 90
302 4706
306 429
310 1905
313 5242
314 2172
315 3592
316 3874
317 2692
320 5129
324 3052
325 2087
326 3295
332 24
334 15
336 2132
338 4002
341 2446
351 2526
352 4379
355 3874
357 232
358 172
360 3865
368 445
369 4359
372 773
377 1350
8216 893
380 3919
381 3706
8217 837
383 4557
384 1596
385 71
386 3365
390 1911
394 4895
395 2803
396 3227
8220 3823
399 859
8221 4331
404 3080
405 4335
406 3175
408 4900
415 1549
416 1317
419 5037
420 4847
424 4972
425 4813
426 4173
427 3641
428 4235
435 1469
438 4214
444 3365
446 2356
451 1501
453 4693
454 1206
455 5273
456 934
457 1356
458 4612
459 687
463 4201
464 5072
466 190
469 4322
470 1806
478 1656
479 3532
486 40
490 2202
491 4796
495 5206
502 159
505 2629
507 4375
511 1029
515 3948
516 4772
520 4891
522 2177
528 223
529 1042
530 496
533 2098
540 4573
542 4064
543 2648
544 5092
546 3532
548 1974
551 2436
553 3043
554 5188
556 1531
558 4735
560 4714
561 1607
563 4236
564 4723
566 5000
567 185
568 4631
569 4405
572 4915
576 2128
580 3794
582 2192
583 2361
584 547
585 1034
586 4739
587 4114
589 4397
592 205
597 1103
598 4011
599 4764
603 4723
604 612
605 1333
606 71
610 506
614 3295
616 4967
618 4344
619 3828
620 2908
621 2403
625 5288
626 5262
629 5031
634 4557
637 4813
638 4545
642 1983
647 5019
648 80
650 69
651 4616
652 2092
653 4496
654 4583
657 4792
661 4677
663 3070
665 823
667 535
668 4464
669 4287
672 1434
673 2177
677 233
679 3966
680 5264
682 4526
685 4851
686 1719
688 3124
690 3812
693 4266
694 3398
698 230
699 4865
700 3379
701 4451
702 2491
707 2678
709 3139
710 883
711 5052
715 4728
719 772
720 1342
722 4325
723 4941
724 4785
726 4676
728 4687
729 1438
733 3458
735 3152
739 4615
743 4325
744 2566
746 5216
747 2192
748 3344
751 407
752 391
753 4850
757 4092
758 627
763 2511
765 95
767 5276
770 633
776 2154
777 330
778 4834
780 2157
781 4638
783 4311
784 3992
786 4720
787 1598
789 2627
790 480
792 4827
793 4753
794 2777
797 1935
798 806
800 1259
801 5272
803 850
807 31
810 3635
812 5108
814 2843
816 270
817 624
818 4549
821 1943
824 3858
828 1826
830 509
832 2794
833 1611
834 12
836 349
838 1284
839 3217
840 4096
841 1078
843 845
847 2671
848 2251
851 308
852 1670
854 2342
855 2259
856 198
858 4897
860 2353
866 2753
867 571
868 4263
873 5076
874 4621
876 964
881 2376
882 3497
885 5211
888 3865
891 771
897 4468
900 5144
902 4489
905 2776
906 1371
909 3384
910 169
911 2350
913 4947
915 950
916 4871
922 4962
923 2923
924 208
926 918
927 656
928 3467
930 1819
933 2820
936 98
937 5045
939 81
940 742
941 656
942 2923
943 2753
945 319
947 2130
949 4992
953 2069
955 1327
956 3114
957 1646
958 402
965 1549
968 5008
970 4149
971 3141
972 185
976 418
978 799
979 1183
980 4602
982 1394
984 4355
985 1711
986 4858
988 5
989 4606
991 3462
992 3239
999 1988
1000 2650
1002 678
1003 545
1007 356
1009 5110
1012 5277
1015 571
1016 2042
1017 5188
1018 5117
1020 2841
1021 477
1022 2807
1027 4642
1032 718
1035 1780
1037 4701
1038 3948
1040 1438
1041 552
1045 1111
1048 951
1049 4666
1050 577
1051 227
1053 5228
1054 920
1056 3194
1059 4693
1061 3697
1062 374
1063 3031
1064 2918
1065 2132
1067 884
1069 4281
1072 134
1073 1527
1077 2192
1079 4805
1080 697
1081 305
1083 4278
1088 4871
1090 527
1091 5205
1092 785
1093 445
1094 1371
1095 4793
1098 1958
1099 434
1102 602
1104 366
1107 1662
1108 2812
1109 5209
1110 3532
1112 4468
1113 5031
1115 2287
1116 3974
1118 1943
1120 1779
1121 1140
1122 3159
1123 4579
1124 1117
1125 5203
1126 3061
1129 5213
1132 4419
1133 4594
1134 2734
1135 4797
1138 113
1141 3857
1142 2997
1143 71
1144 2488
1145 4149
1146 549
1147 4847
1149 4085
1150 4385
1151 4799
1152 1823
1153 1386
1154 4955
1155 3890
1156 4019
1157 4840
1158 127
1159 2602
1160 659
1161 5287
1162 4405
1166 1951
1167 2000
1170 3134
1172 4742
1174 3764
1175 2134
1177 4385
1178 4562
1180 1613
1186 1891
1187 4477
1190 5173
1191 5201
1192 1780
1193 1042
1194 1726
1195 15
1197 1720
1198 3135
1199 4760
1200 795
1201 4715
1204 2590
1205 4643
1207 1181
1209 1087
1211 4772
1213 350
1216 2436
1223 1287
1225 2746
1226 5005
1227 1182
1228 2840
1229 1981
1230 5300
1232 177
1233 4067
1234 2119
1236 5257
1238 742
1239 1171
1240 2930
1241 5184
1242 3285
1243 538
1246 2443
1248 4144
1249 303
1253 1356
1254 1078
1255 575
1256 410
1260 646
1262 4769
1263 4764
1264 5004
1265 1052
1266 226
1267 4953
1268 676
1270 1432
1272 407
1273 4900
1275 969
1278 4659
1281 1568
1282 4552
1289 448
1290 4522
1295 4169
1298 3360
1299 3351
1300 4394
1302 4
1303 2277
1304 4027
1307 990
1309 366
1311 2230
1312 1492
1313 4634
1315 996
1319 903
1320 5173
1322 1703
1323 997
1325 3270
1331 4646
1332 4756
1335 460
1336 3224
1337 1662
1338 4726
1340 1656
1344 872
1347 602
1351 2658
1352 4771
1353 4191
1354 5274
1357 4434
1358 4474
1359 2441
1360 1949
1362 4382
1366 1903
1368 356
1369 4579
1370 3764
1372 4688
1374 4169
1378 5050
1379 4985
1380 5156
1383 829
1384 2225
1387 1261
1388 574
1390 5225
1391 4246
1393 4310
1395 2092
1401 4996
1403 5133
1404 4417
1405 274
1406 4675
1407 2840
1409 207
1412 4281
1413 2794
1414 835
1415 2820
1416 541
1417 2320
1418 4557
1420 378
1424 4084
1425 774
1426 87
1428 3756
1429 3717
1433 4025
1437 552
1439 2016
1440 1764
1441 908
1445 1399
1446 2144
1447 4769
1449 4925
1450 3495
1452 2825
1453 7
1455 144
1456 273
1457 499
1459 961
1461 4543
1463 1881
1464 3480
1465 960
1466 2365
1468 5214
1470 4246
1472 3046
1473 761
1474 391
1475 2107
1477 4001
1479 430
1480 4815
1481 2426
1482 1717
1484 3697
1486 532
1487 2997
1488 1096
1489 741
1491 3154
1494 2734
1496 2803
1497 3565
1498 5124
1499 4639
1500 4117
1504 4295
1507 4605
1508 4403
1509 5178
1510 4981
1511 4859
1512 2451
1514 4623
1515 1382
1516 5310
1518 1363
1520 2387
1522 2105
1525 1026
1526 2028
1528 1951
1529 4011
1530 4880
1533 4614
1534 4468
1537 184
1538 607
1539 344
1540 4960
1544 4631
1545 167
1546 3295
1550 223
1551 4964
1554 4945
1555 549
1556 4133
1559 2608
1560 4130
1561 4249
1563 376
1564 4280
1565 5274
1566 524
1567 4282
1570 2131
1571 4825
1572 2012
1573 3764
1574 1720
1575 3995
1576 4942
1581 4149
1583 4755
1585 2790
1587 4994
1588 664
1592 518
1593 4126
1594 4455
1604 1997
1605 1277
1606 4413
1609 1920
1612 837
1614 4248
1615 196
1617 235
1618 27
1619 2042
1622 662
1623 3453
1625 5216
1628 2812
1630 578
1631 213
1632 4991
1633 2794
1634 5274
1636 2174
1637 4967
1640 761
1641 1975
1642 4801
1643 535
1644 2478
1645 1647
1648 1905
1650 2776
1652 448
1657 1030
1658 4751
1659 1
1660 4388
1661 1306
1664 2046
1667 1131
1668 3387
1669 4133
1675 907
1678 2290
1681 645
1683 4183
1685 5174
1687 333
1688 3865
1689 151
1690 2226
1691 1279
1693 5104
1695 2775
1697 2376
1698 1589
1699 954
1700 695
1701 1903
1704 2105
1706 4682
1713 4437
1714 5266
1715 255
1718 4564
1721 4591
1723 3921
1727 4146
1728 339
1730 2376
1732 375
1735 4701
1736 4429
1737 1467
1738 3861
1739 666
1741 704
1742 1620
1743 1212
1744 1672
1745 1862
1746 2040
1747 2505
1748 4950
1749 2220
1750 3057
1751 1799
1755 3411
1756 1676
1757 4886
1758 534
1759 4897
1762 1828
1765 5150
1766 4120
1767 3717
1769 4070
1770 4325
1771 4931
1773 5037
1776 4001
1777 5216
1782 4468
1784 2366
1786 4855
1787 1684
1788 90
1789 4800
1790 5267
1792 4644
1794 658
1795 3152
1796 1709
1797 475
1801 445
1805 365
1807 460
1808 66
1809 2279
1811 3239
1812 600
1814 5123
1815 5015
1817 861
1822 5297
1824 782
1825 5282
1830 4169
1832 4087
1833 3899
1834 189
1835 674
1836 4164
1837 2783
1839 1677
1840 1589
1842 2451
1843 845
1845 1671
1846 3893
1847 3231
1848 3559
1849 4866
1851 3385
1852 4423
1858 2836
1859 5294
1864 4641
1865 2138
1866 2816
1867 2131
1868 3025
1871 3757
1875 5288
1879 366
1880 4605
1883 4176
1886 736
1887 3385
1888 84
1890 5182
1894 2120
1895 819
1898 5174
1899 2840
1900 4334
1901 5075
1902 4413
1904 2134
1907 4365
1908 871
1910 3148
1913 5213
1916 4150
1917 4143
1918 44
1919 1119
1922 4144
1923 78
1924 437
1926 4183
1928 4351
1929 712
1930 5182
1931 434
1932 1705
1933 527
1934 1816
1936 5008
1937 1599
1938 2196
1941 3121
1944 3043
1945 1036
1946 3681
1948 2016
1950 2988
1953 1655
1954 277
1955 3052
1956 5007
1960 4005
1962 2953
1963 4826
1964 2076
1966 3358
1969 1117
1976 3977
1977 4677
1978 3072
1982 4557
1985 3362
1986 4003
1987 45
1989 5272
1990 1130
1991 4403
1993 63
1995 761
1996 2855
1998 1251
1999 2340
2001 1259
2002 4595
2004 3998
2005 4521
2008 1519
2011 1173
2014 1629
2015 4767
2017 2399
2018 4355
2019 4932
2021 167
2022 4429
2023 205
2024 4246
2025 5298
2026 3349
2029 3606
2030 96
2033 687
2034 4024
2035 1686
2036 769
2038 4978
2039 4537
2041 4950
2045 4275
2047 5311
2048 500
2050 5225
2051 1897
2052 2334
2053 5290
2055 1392
2056 4652
2057 3025
2058 2251
2059 4307
2061 4405
2062 1984
2065 4917
2066 4875
2068 2158
2071 4794
2072 2130
2073 3162
2075 4362
2080 1168
2081 447
2083 628
2084 815
2085 4952
2086 2032
2089 5092
2090 4610
2091 4142
2094 4482
2095 659
2096 5308
2097 1719
2099 1975
2100 4732
2101 1973
2102 4254
2104 422
2106 2776
2109 2879
2112 2304
2113 3229
2114 4082
2116 890
2117 5072
2118 5275
2122 5179
2123 3613
2124 5199
2125 4213
2126 4706
2140 894
2142 3484
2145 1478
2148 1137
2149 3726
2150 3386
2152 4271
2155 4104
2156 1329
2159 3849
2161 376
2163 506
2165 4116
2166 4654
2167 305
2168 3458
2169 4108
2171 4409
2175 5111
2176 880
2178 1164
2180 1827
2181 4559
2183 1806
2184 4953
2185 4230
2186 1004
2187 4813
2188 4793
2189 2012
2191 4318
2193 4627
2194 4
2195 4160
2197 398
2200 737
2201 329
2204 1672
2205 5046
2206 4827
2208 5229
2209 4747
2210 3995
2211 182
2212 96
2215 782
2218 2878
2219 353
2221 400
2222 4770
2223 2595
2227 760
2228 925
2229 350
2231 333
2233 3052
2235 4797
2236 5182
2237 4615
2238 4833
2239 705
2241 151
2242 5035
2243 3892
2244 2818
2246 1568
2247 4249
2250 3513
2253 4254
2254 4029
2255 3977
2256 3911
2257 1552
2260 4734
2261 4480
2262 4863
2263 1921
2266 417
2267 5227
2268 2054
2269 2136
2271 95
2272 3890
2273 1291
2274 1892
2278 4053
2280 4475
2283 4235
2284 5139
2286 1716
2288 346
2291 241
2292 3222
2293 305
2295 4554
2296 5208
2297 4027
2298 2000
2299 2783
2300 4263
2301 1692
2302 2374
2303 1392
2305 4310
2307 2729
2308 5210
2310 312
2311 4036
2313 1772
2314 2157
2315 1861
2316 2534
2317 4460
2318 1912
2319 5092
2323 4118
2324 5123
2326 4819
2327 35
2330 925
2333 4406
2335 5104
2337 1988
2338 3213
2339 538
2343 2016
2345 518
2346 84
2347 4067
2348 5136
2349 808
2351 429
2352 4966
2357 762
2358 3504
2360 4687
2362 115
2369 633
2370 1046
2377 4550
2378 4770
2379 1026
2382 12
2384 713
2386 4150
2388 4562
2389 1543
2390 934
2391 286
2392 225
2393 4562
2395 156
2398 3882
2400 4499
2401 3426
2404 2429
2405 224
2407 884
2411 3072
2413 1333
2414 3977
2415 3198
2416 182
2417 1096
2418 2049
2419 2441
2421 4636
2423 4235
2424 1438
2425 2555
2427 4837
2430 1816
2431 2925
2432 5077
2433 379
2435 4428
2438 3208
2439 5213
2440 4593
2449 4961
2450 4319
2453 4245
2454 3559
2455 5071
2456 4783
2457 908
2458 4819
2459 160
2460 2049
2461 4922
2464 1173
2466 4335
2467 2864
2470 4654
2471 727
2472 5020
2473 4448
2476 4001
2477 2777
2479 5046
2480 4160
2481 761
2482 2312
2483 2154
2484 5186
2485 4702
2486 4626
2487 5239
2489 4480
2490 167
2492 5198
2494 418
2500 1183
2501 4945
2502 4472
2507 782
2508 4423
2509 4895
2510 4156
2513 2866
2514 1258
2515 4091
2516 4894
2518 659
2519 2128
2521 4515
2522 3081
2523 4993
2524 1655
2527 1460
2528 188
2529 1826
2530 1874
2532 3606
2533 31
2537 4334
2538 4957
2539 772
2541 1206
2543 1176
2544 423
2545 3152
2546 4637
2547 5310
2548 65
2550 5233
2551 4552
2552 3849
2553 31
2554 5172
2560 1074
2562 4263
2563 4071
2565 3270
2567 4124
2568 2928
2569 977
2570 908
2572 2312
2573 4648
2578 423
2579 4982
2581 4107
2584 374
2585 4396
2586 4556
2589 3728
2594 4714
2596 2776
2597 4379
2598 3577
2600 4863
2603 4286
2605 5204
2607 181
2611 5267
2612 967
2613 7
2614 3865
2615 4307
2616 4825
2618 4628
2619 875
2621 4550
2622 640
2624 1310
2625 3434
2626 4590
2628 5124
2630 875
2631 1363
2632 1810
2634 4624
2635 755
2636 4855
2638 1892
2639 3905
2641 4609
2642 140
2643 5300
2644 2289
2645 2076
2646 1376
2647 3866
2649 2375
2651 4750
2652 4832
2653 2294
2655 1458
2656 4008
2657 4178
2660 531
2661 2451
2662 3244
2663 5057
2664 4248
2665 4097
2666 4112
2667 4551
2670 3046
2675 4029
2676 4877
2677 3180
2679 4344
2680 117
2681 331
2682 5077
2683 114
2684 4693
2685 64
2686 3203
2687 4511
2688 4725
2689 1779
2693 83
2696 2928
2698 570
2699 795
2700 272
2701 499
2702 4028
2704 4411
2705 3134
2706 1004
2707 3679
2709 116
2712 771
2713 1672
2715 4130
2718 1005
2719 4284
2720 5256
2721 3311
2722 2783
2723 1279
2725 4766
2726 181
2727 146
2730 760
2732 318
2733 4796
2735 925
2736 4652
2738 1042
2741 311
2742 134
2743 4800
2745 4446
2748 4718
2750 895
2751 1662
2752 284
2755 4187
2756 5017
2757 5308
2758 4384
2759 5210
2760 1089
2761 433
2762 3084
2763 5018
2764 5059
2765 3911
2768 1853
2769 2447
2770 2783
2772 4555
2773 3004
2774 4420
2778 3344
2779 4796
2782 1905
2784 4079
2785 1314
2786 4480
2787 4907
2788 3503
2789 2629
2791 239
2793 2933
2795 4144
2796 3238
2797 1780
2799 2956
2800 697
2801 517
2802 4553
2804 4620
2806 2997
2809 708
2811 5092
2814 1531
2815 764
2817 370
2819 676
2821 4878
2822 434
2826 3691
2827 4599
2828 4497
2830 3147
2831 2177
2834 3871
2835 2825
2837 4108
2838 4572
2842 4254
2844 4394
2845 4728
2846 2588
2847 4201
2849 209
2851 4780
2853 3189
2854 259
2857 447
2859 4309
2861 4677
2862 1432
2867 4536
2868 18
2870 3650
2873 272
2875 5004
2876 4694
2877 1221
2880 2270
2886 5299
2887 769
2888 2863
2890 221
2891 3823
2892 4351
2894 4334
2895 373
2896 2933
2897 1818
2898 4637
2899 4143
2900 3591
2901 4678
2902 5289
2903 1760
2904 4265
2907 4045
2909 375
2910 3442
2913 1114
2914 2863
2915 4206
2920 3175
2924 5244
2926 4700
2929 3853
2931 2839
2932 4593
2934 5059
2936 5227
2937 403
2938 1019
2941 1754
2942 69
2945 2843
2947 4311
2949 4042
2950 5091
2951 362
2952 4011
2955 4588
2957 1673
2958 474
2959 4651
2960 666
2961 2608
2962 4225
2963 5000
2965 4673
2966 754
2968 4241
2969 5210
2970 4996
2971 2341
2972 759
2974 498
2975 244
2976 4335
2979 4559
2981 704
2982 4210
2984 1521
2985 1959
2986 1443
2987 1599
2991 1078
2993 5142
2994 4742
2995 4334
2996 4189
2998 4394
2999 2564
3000 4344
3001 4583
3002 1291
3005 367
3006 4143
3009 2093
3010 1722
3013 4605
3015 4980
3018 2555
3019 1078
3020 2893
3023 5005
3024 931
3026 1568
3027 4015
3030 4440
3032 4864
3034 1419
3035 3290
3036 4827
3037 4634
3038 2695
3040 5070
3041 4894
3042 474
3044 3841
3045 796
3047 4719
3049 2953
3050 4636
3051 51
3053 4202
3054 1703
3055 433
3058 2608
3059 3141
3062 1023
3065 4434
3067 1185
3069 4417
3071 4852
3073 4853
3074 4244
3075 375
3077 58
3078 3
3079 49
3083 870
3086 5216
3087 5150
3089 1734
3090 5122
3092 4525
3096 382
3097 959
3098 4837
3099 4160
3100 2517
3101 4239
3102 712
3104 1214
3105 4474
3107 552
3109 822
3110 474
3111 3302
3112 870
3113 768
3115 2536
3116 1505
3117 73
3118 4268
3120 1036
3123 4622
3125 3851
3126 1984
3127 773
3131 1828
3133 3173
3137 4382
3138 3517
3142 4739
3144 4828
3145 4747
3149 725
3150 4511
3151 5151
3153 311
3156 3641
3160 307
3163 3445
3165 4596
3166 5164
3167 504
3168 4056
3169 4273
3170 3208
3171 2258
3174 4801
3176 5222
3177 4218
3178 4304
3179 4515
3181 5210
3182 5292
3184 1277
3185 4799
3187 2933
3188 1785
3190 741
3191 2753
3192 1754
3195 3592
3196 4703
3197 2783
3200 3358
3201 954
3202 4471
3204 2198
3205 4406
3206 412
3207 350
3211 628
3212 3080
3214 4335
3215 4312
3216 4418
3218 2928
3219 4645
3220 1071
3221 337
3225 2658
3226 4249
3228 58
3232 430
3233 4776
3234 534
3235 994
3236 2290
3240 2020
3241 1905
3242 5188
3243 5271
3245 4870
3246 1005
3247 1306
3248 5078
3249 2016
3250 286
3251 4824
3253 3129
3255 4112
3258 5206
3259 538
3260 343
3261 2373
3262 335
3267 912
3268 3358
3271 5077
3272 2978
3273 4693
3274 223
3275 3890
3277 35
3278 1806
3279 3390
3282 3132
3283 2361
3284 5193
3286 4071
3287 969
3288 2220
3292 471
3293 552
3294 476
3297 3029
3298 4311
3299 1076
3301 4548
3303 2640
3304 4809
3305 2566
3307 3813
3308 484
3310 549
3312 695
3315 844
3316 2042
3317 4682
3318 3717
3320 1460
3322 4829
3323 1827
3325 3057
3327 1476
3328 4981
3330 4544
3331 5080
3333 875
3334 2376
3335 13
3336 4339
3337 9
3338 641
3340 823
3341 1992
3342 1442
3343 4694
3345 4562
3346 5080
3347 423
3350 4647
3352 4205
3354 1047
3355 762
3356 646
3357 1710
3359 3348
3361 4156
3364 5278
3366 5111
3369 2092
3370 51
3371 487
3372 4879
3373 4698
3375 4710
3376 5293
3377 3577
3378 1804
3380 666
3381 1905
3382 242
3383 4848
3388 196
3391 547
3392 167
3394 859
3395 890
3396 552
3397 3857
3399 4203
3400 4688
3401 2590
3403 1885
3405 4107
3406 1785
3407 1584
3408 607
3410 3393
3414 5264
3416 2531
3418 5259
3419 4613
3420 3792
3421 210
3422 1662
3423 5309
3424 676
3425 4907
3427 1231
3428 4573
3431 1139
3432 232
3438 31
3439 4001
3440 3850
3441 5037
3443 4957
3447 4736
3449 4144
3452 2711
3454 4331
3455 1136
3456 4014
3459 3057
3460 1371
3463 3517
3464 2925
3465 76
3466 4144
3468 4187
3469 788
3470 4403
3471 3495
3473 884
3476 4820
3477 4637
3478 1975
3479 4043
3481 1702
3482 1740
3483 4878
3486 721
3487 591
3488 3484
3489 2350
3490 1906
3492 1589
3493 389
3494 3977
3496 9
3499 1884
3500 4027
3501 1906
3505 865
3506 4106
3508 4361
3509 3161
3511 602
3512 1682
3514 500
3515 4515
3516 4257
3518 4552
3520 185
3521 2729
3522 1676
3523 1722
3526 4938
3527 1026
3529 865
3530 4911
3531 414
3533 3329
3534 573
3535 1761
3536 4616
3537 5181
3538 286
3539 525
3542 5262
3543 1673
3544 5135
3545 4265
3546 2488
3547 1305
3553 4817
3555 4593
3557 5314
3560 4747
3561 114
3562 2020
3566 366
3567 4007
3568 4894
3570 5244
3571 4345
3572 1046
3573 5138
3574 3965
3575 1577
3576 3998
3578 4824
3579 1722
3583 4228
3584 145
3585 4217
3589 4022
3590 5166
3593 4364
3594 2365
3596 1798
3597 1222
3599 4983
3601 375
3602 5061
3605 4548
3607 4292
3608 4280
3609 5214
3610 1014
3614 4075
3617 3480
3618 4697
3621 742
3622 3491
3623 3691
3624 4760
3625 4628
3630 3813
3631 304
3632 142
3633 4300
3634 181
3636 704
3637 2082
3638 1047
3639 4735
3640 666
3642 1052
3643 388
3644 796
3645 2016
3647 4440
3649 5175
3651 4202
3652 2046
3653 2833
3654 5045
3655 387
3656 1831
3658 5188
3659 3132
3661 5018
3662 772
3664 3217
3665 2013
3666 4543
3667 257
3668 684
3669 4661
3670 878
3671 4738
3674 238
3678 432
3680 4273
3682 1280
3684 3358
3686 208
3689 1031
3690 1598
3695 4003
3696 4743
3698 2225
3699 2775
3701 4273
3702 4439
3703 1577
3704 256
3707 601
3708 4654
3709 782
3714 562
3715 2179
3718 1185
3719 3706
3720 2446
3721 4467
3722 4994
3723 4910
3729 2658
3731 2144
3732 3252
3733 2279
3734 4555
3736 712
3737 3091
3738 4620
3739 4593
3740 1983
3741 1819
3742 844
3743 4690
3745 2608
3746 4419
3750 4514
3751 350
3752 4897
3753 1078
3758 465
3760 2746
3762 1274
3763 1001
3765 1076
3766 4578
3767 570
3768 2429
3769 1889
3771 449
3774 3302
3775 4482
3776 1183
3778 5198
3779 1676
3780 2226
3781 4875
3783 2536
3784 5259
3785 2007
3787 5261
3789 96
3790 2925
3796 3663
3797 6
3798 1818
3800 4467
3801 918
3802 3016
3803 175
3804 4561
3805 5230
3806 4719
3807 4083
3808 1905
3809 944
3810 4770
3811 1712
3814 4244
3815 718
3818 4461
3819 5227
3820 5172
3821 5310
3824 5028
3825 5154
3826 1821
3831 1029
3832 2608
3834 3915
3836 3581
3837 4235
3844 4245
3846 4230
3847 3504
3848 4503
3854 5213
3859 4738
3862 2000
3863 3434
3864 4707
3867 65
3868 1119
3869 286
3872 4470
3873 488
3875 5256
3877 4658
3884 4535
3885 5275
3888 197
3889 2928
3891 4597
3894 4532
3895 2082
3900 146
3901 4956
3903 2225
3907 407
3909 4702
3910 127
3913 5209
3917 822
3918 4496
3920 2134
3924 5177
3925 1806
3927 2672
3929 889
3931 48
3932 3011
3933 646
3937 2387
3938 4908
3939 4198
3941 4513
3942 4111
3944 4487
3945 4652
3946 1363
3947 329
3950 2143
3951 2956
3952 461
3953 5215
3954 514
3957 4376
3959 2559
3960 2397
3961 68
3962 5111
3968 3324
3969 3870
3970 4624
3971 5112
3972 2731
3973 175
3976 117
3980 3365
3982 4526
3983 3853
3984 118
3985 1877
3986 656
3987 4050
3989 573
3990 5019
3991 4500
3996 4084
3997 4837
3999 4555
4000 2092
4037 2426
4058 5083
4063 819
4093 169
4194 4448
4226 2608
4251 4638
4258 318
4259 4675
4269 125
4272 3070
4288 3504
4299 1039
4333 4154
4353 2446
4395 2111
4408 4003
4412 517
4426 5257
4427 4522
4436 4554
4443 2928
4450 79
4473 1301
4481 4624
4490 3603
4494 5229
4531 4895
4541 4191
4567 2325
4604 2144
4607 5243
4625 4351
4727 4106
4763 5182
4775 79
4786 2940
4821 4153
4822 2803
4913 4326
4924 4191
4928 3
4936 274
4958 3266
4998 4637
5044 2446
5105 2839
5107 2016
5118 4512
5132 3139
5137 407
5146 5011
5155 3871
5160 4935
5231 645
5255 1111
5312 179
5315 3977
5317 3880
5318 1074
5319 4946
5320 2394
5321 5271
5323 164
5324 289
5327 4477
5328 4207
5330 4244
5331 826
5332 3772
5333 3484
5335 3994
5336 1111
5337 870
5338 3517
5341 5230
5342 1068
5343 5260
5345 3129
5346 731
5347 392
5348 552
5350 5301
5352 4142
5353 15
5354 5297
5355 4673
5356 4593
5357 2933
5358 1599
5359 1356
5360 88
5361 4538
5362 4174
5363 4832
5366 4614
5367 3159
5368 226
5369 43
5370 3919
5371 640
5372 555
5373 975
5374 2107
5375 4107
5376 4942
5379 4202
5381 142
5382 225
5383 4497
5384 1558
5385 4338
5386 378
5388 3777
5389 1823
5391 4974
5392 4306
5393 4877
5394 2403
5395 5278
5396 2192
5397 449
5398 506
5399 5262
5400 442
5401 5106
5402 5041
5403 4411
5404 1949
5406 93
5408 4984
5409 4716
5410 831
5412 541
5413 4666
5414 660
5415 4281
5416 4578
5417 109
5418 1033
5419 545
5420 2356
5421 796
5422 2408
5424 4759
5425 218
5427 1983
5428 1317
5429 2198
5431 4448
5432 1301
5433 2836
5435 5304
5436 4736
5437 3749
5438 4850
5439 3227
5440 429
5441 4857
5442 1136
5443 590
5445 5206
5446 3446
5447 2350
5449 1259
5450 4084
5452 5219
5453 1381
5454 2491
5456 359
5457 4546
5458 4555
5459 4174
5460 1670
5461 2076
5462 83
5463 188
5464 4521
5465 4109
5466 5208
5467 5216
5468 3794
5470 2249
5472 1943
5473 1004
5474 1764
5475 3014
5476 1356
5477 401
5478 65
5479 1610
5480 4635
5481 2037
5482 1764
5483 3082
5484 4164
5486 1427
5487 5191
5489 2564
5490 4503
5491 2441
5496 2356
5497 3772
5498 2128
5499 101
5500 2749
5503 2878
5504 345
5505 2350
5507 4019
5508 5144
5509 1754
5510 1831
5512 1023
5513 785
5514 321
5515 3928
5516 5015
5517 4174
5518 4350
5519 5212
5520 3886
5521 4196
5522 4109
5523 2692
5525 4753
5526 3222
5527 3646
5529 829
5530 4772
5532 5120
5534 3507
5536 1863
5537 4915
5538 844
5539 2829
5540 3921
5541 1033
5543 531
5544 2627
5546 1673
5547 609
5548 350
5549 2234
5550 4207
5551 2131
5552 1569
5553 5182
5554 1547
5555 1131
5556 646
5557 837
5559 2488
5560 3442
5561 1074
5562 1283
5563 487
5564 5314
5565 4012
5566 4111
5568 4359
5569 3039
5570 1662
5571 3374
5572 261
5576 892
5577 4865
5578 2350
5579 5124
5580 2803
5582 1897
5583 5062
5586 2478
5588 5035
5590 2111
5591 1314
5592 2054
5593 806
5594 403
5595 1334
5596 4305
5597 1047
5599 4639
5600 5134
5601 1127
5603 2843
5604 2555
5605 4280
5606 4961
5607 2783
5608 1034
5610 5163
5611 4293
5612 174
5613 496
5614 4573
5615 1008
5616 4564
5618 1436
5619 4279
5620 2781
5621 4900
5622 3402
5624 732
5625 461
5626 5120
5627 2265
5628 2692
5629 3915
5630 4246
5631 4472
5632 4169
5633 921
5634 5182
5636 1136
5641 1316
5642 2375
5643 4690
5644 4019
5645 3757
5646 90
5648 2182
5649 1306
5650 3231
5651 4455
5652 2956
5653 4173
5654 5237
5655 108
5656 250
5657 343
5658 2397
5659 216
5660 644
5661 3963
5662 5080
5664 5028
5665 5046
5666 110
5667 286
5668 346
5669 3556
5671 3480
5672 578
5673 5228
5674 5077
5675 2531
5676 2220
5677 547
5679 4694
5680 2103
5681 5112
5682 2829
5683 4268
5684 2403
5685 4662
5686 521
5687 4334
5689 4951
5690 5309
5691 1288
5692 3387
5693 1071
5694 367
5695 5279
5696 5136
5697 2127
5698 2157
5699 4618
5700 1101
5702 872
5703 2105
5704 5081
5705 4652
5707 608
5709 4290
5711 4046
5712 4245
5713 4401
5715 1259
5716 1775
5717 47
5718 788
5720 1376
5721 4895
5722 785
5723 134
5724 4790
5725 4635
5726 2098
5728 4760
5729 3227
5731 3912
5733 4308
5734 4467
5735 5294
5736 5261
5737 644
5738 4241
5739 4064
5740 4036
5741 156
5742 1071
5743 2517
5744 1844
5746 1673
5747 1602
5749 1139
5750 342
5752 5046
5753 3591
5757 4084
5758 4984
5759 5293
5760 676
5761 878
5762 4365
5763 5130
5764 5120
5765 1501
5766 4931
5767 4036
5769 1672
5770 4549
5771 745
5772 2217
5773 4403
5774 4498
5775 87
5777 311
5778 2252
5779 4060
5780 4223
5781 2708
5782 3587
5783 213
5784 2928
5785 890
5786 3532
5788 1733
5789 4516
5791 675
5793 3390
5795 235
5796 333
5797 4365
5798 3091
5799 769
5800 4302
5802 1411
5803 4901
5804 51
5805 3434
5806 4387
5808 337
5809 4742
5810 684
5812 2692
5813 1171
5814 4734
5815 2451
5816 2781
5817 4517
5818 4830
5819 27
5822 4278
5823 1258
5826 4223
5827 1215
5829 144
5830 4495
5831 4859
5832 1469
5833 591
5834 4497
5836 3351
5837 578
5838 574
5839 1719
5840 2933
5841 2444
5842 579
5843 3358
5846 4297
5847 4065
5848 960
5849 1973
5850 4252
5851 3070
5853 4538
5854 4837
5855 4746
5856 2234
5857 347
5858 440
5863 1279
5864 1034
5865 5181
5866 68
5869 4839
5870 4105
5871 1171
5872 4623
5873 2402
5874 4062
5875 4523
5876 4523
5878 4585
5879 501
5880 4170
5881 1552
5882 445
5883 898
5884 3697
5885 2695
5886 2511
5887 4728
5888 615
5889 611
5891 2580
5892 5124
5894 549
5895 5047
5896 4185
5897 645
5898 4651
5899 4751
5900 4813
5901 2602
5902 1339
5903 4991
5904 4748
5905 1219
5906 5301
5908 596
5909 5063
5911 2978
5912 712
5914 4285
5915 2478
5916 5289
5917 850
5918 3472
5919 4403
5920 5100
5921 3461
5923 4559
5924 467
5925 5221
5926 602
5927 697
5928 861
5930 1381
5931 15
5932 5209
5933 4111
5934 2249
5935 4012
5936 524
5937 448
5938 1740
5939 59
5940 4268
5941 1218
5943 3998
5944 5247
5945 232
5946 4707
5947 1087
5948 4623
5950 5104
5951 1258
5952 5116
5953 4545
5954 5230
5955 4661
5956 785
5958 4760
5959 4015
5960 3581
5961 2306
5962 4617
5963 3857
5965 247
5966 578
5967 1712
5968 2376
5969 5277
5970 4895
5972 268
5975 692
5976 808
5977 1785
5978 4462
5979 2658
5980 3467
5981 4987
5982 2402
5983 4138
5984 944
5985 4292
5987 588
5988 194
5989 2771
5990 5252
5991 4357
5992 5161
5993 4657
5995 4840
5996 344
5997 4965
5998 3025
6000 4240
6002 4965
6003 5182
6004 2252
6005 894
6006 865
6007 3324
6008 2820
6009 1173
6010 633
6011 296
6012 3650
6013 4813
6014 3532
6015 1716
6016 2436
6017 4611
6018 4238
6019 998
6020 4626
6021 1677
6022 311
6023 1602
6025 235
6026 4833
6027 2082
6030 1670
6032 2674
6033 471
6034 4242
6036 1870
6037 4522
6041 3252
6042 4407
6044 898
6046 160
6047 1342
6048 364
6049 504
6051 1251
6053 4550
6054 3857
6056 5219
6057 5201
6058 969
6059 607
6060 1662
6061 4881
6062 4304
6063 4280
6064 5020
6065 3411
6068 3965
6069 1371
6070 4462
6072 5045
6073 2469
6075 4304
6076 4189
6078 4993
6079 2304
6080 4819
6081 2973
6082 3
6083 60
6084 4164
6085 2032
6086 1189
6087 5211
6088 1349
6089 307
6090 1586
6091 493
6092 3183
6093 4172
6094 3964
6095 1070
6096 658
6097 270
6098 4624
6100 1519
6101 318
6102 2671
6103 608
6104 3450
6105 3060
6106 5151
6107 93
6108 959
6109 4210
6110 1591
6111 2290
6112 2182
6113 4488
6114 4158
6116 4087
6117 4079
6118 248
6121 2499
6122 4548
6123 150
6124 1333
6126 291
6127 5179
6128 1876
6129 255
6130 1753
6131 5043
6132 345
6133 4700
6134 2196
6135 4774
6136 2119
6137 401
6138 4962
6139 1034
6140 4013
6141 721
6142 4840
6143 2818
6144 4479
6145 225
6147 539
6150 4020
6151 378
6152 2138
6153 2505
6156 4580
6159 3612
6160 2559
6162 2312
6163 3367
6164 4710
6165 2525
6167 335
6168 2350
6170 178
6171 1764
6173 3295
6174 4597
6175 4992
6176 4137
6178 1076
6179 1647
6180 1397
6181 3203
6182 4657
6184 4266
6185 5242
6186 4007
6187 4952
6189 54
6190 5140
6191 460
6192 5063
6193 4119
6195 3052
6200 4839
6201 31
6203 779
6204 3749
6205 264
6206 5117
6209 2803
6210 500
6212 482
6213 4951
6214 2092
6215 5191
6216 895
6217 347
6218 2731
6221 2610
6222 5106
6223 4907
6225 5258
6227 41
6228 3203
6229 3782
6230 4065
6233 5299
6234 1719
6235 3082
6236 433
6237 221
6239 3239
6241 3458
6242 4012
6243 1217
6245 2536
6247 4544
6248 4862
6249 4448
6250 462
6251 2367
6252 5129
6253 1793
6256 4441
6258 4053
6260 4617
6261 4280
6262 2749
6264 1131
6265 2399
6266 4834
6267 2746
6268 1983
6269 4092
6270 195
6271 4118
6272 5077
6274 2157
6275 4094
6276 3348
6277 4375
6278 2908
6279 4800
6280 4905
6281 2692
6283 3159
6284 4338
6285 3712
6288 3857
6290 1306
6291 1087
6292 2918
6293 3114
6298 2232
6302 5212
6303 5023
6304 2355
6305 1975
6306 4156
6307 4123
6308 4847
6309 4694
6310 3694
6311 4319
6313 5199
6314 5139
6315 4277
6316 1611
6317 5175
6320 504
6321 1884
6323 5195
6325 2158
6326 241
6327 179
6328 1371
6330 1692
6331 2672
6332 630
6335 4875
6336 775
6337 4980
6338 1217
6341 227
6343 3612
6344 4897
6345 2436
6346 1876
6347 2488
6348 3011
6349 788
6350 2214
6351 880
6352 4348
6353 4784
6354 5063
6355 4498
6356 353
6358 4350
6359 2158
6360 557
6361 4378
6362 4599
6363 2105
6364 4587
6365 4692
6366 4111
6367 5248
6368 2121
6369 271
6370 1624
6371 5186
6374 713
6375 4872
6376 359
6377 4462
6378 4809
6379 4773
6380 4809
6381 1308
6382 531
6383 3252
6384 636
6385 4922
6386 2060
6389 5019
6390 1400
6391 5004
6392 895
6395 3591
6396 4498
6398 4020
6401 3879
6403 2658
6404 4529
6405 2928
6407 1870
6408 5079
6411 4187
6412 5076
6414 4104
6415 4164
6417 1215
6418 80
6419 5266
6421 1677
6422 3612
6423 1419
6424 4495
6428 4123
6429 4742
6430 3209
6431 2153
6432 5282
6434 4164
6435 5237
6436 5010
6437 1897
6438 12
6440 184
6441 5002
6443 967
6444 4340
6445 4851
6447 4355
6448 1283
6449 3358
6450 5206
6452 4622
6453 4055
6454 4782
6455 3402
6456 1371
6457 210
6458 194
6459 537
6460 872
6463 1492
6464 745
6465 429
6466 1004
6469 1542
6470 4290
6472 1436
6473 725
6475 4196
6476 2119
6477 4593
6478 934
6479 2353
6480 3237
6481 1542
6482 2441
6483 4798
6484 1997
6485 223
6486 4152
6487 5130
6488 612
6489 4158
6490 248
6491 285
6492 108
6495 333
6496 2060
6497 2394
6499 3828
6500 5230
6503 574
6504 1981
6505 4326
6506 2511
6507 659
6508 521
6509 12
6510 4205
6511 2908
6512 4956
6513 4448
6514 703
6515 3091
6517 4357
6518 4319
6520 1310
6521 5018
6522 4830
6524 1861
6527 1019
6528 1308
6529 695
6530 4480
6531 2885
6533 2840
6534 889
6535 1844
6536 4479
6537 5140
6539 35
6543 5131
6544 1820
6545 630
6546 4227
6548 3453
6549 5117
6550 4517
6551 2776
6552 345
6554 4563
6555 545
6556 1492
6558 3795
6559 2179
6560 4642
6561 328
6562 496
6563 232
6564 4137
6565 335
6566 1734
6567 1799
6569 4812
6570 475
6571 471
6572 2408
6573 959
6574 761
6575 705
6577 136
6579 630
6581 4400
6582 1696
6583 1854
6586 4847
6587 2396
6588 4488
6589 823
6590 611
6592 1443
6593 475
6595 5235
6596 2710
6597 4922
6599 1222
6600 4832
6601 5216
6602 921
6603 4083
6604 2134
6605 389
6606 2285
6607 4845
6608 1813
6609 4593
6612 2137
6613 4809
6614 1711
6615 3358
6616 4788
6618 5212
6619 376
6620 684
6622 2559
6623 5109
6624 2240
6626 5035
6628 1419
6629 2939
6630 4907
6631 5061
6632 1245
6634 4796
6636 716
6637 2436
6638 4186
6639 2408
6640 364
6642 844
6643 705
6644 4498
6645 983
6646 5176
6648 5021
6649 3556
6650 2602
6652 878
6653 571
6654 4793
6656 4518
6657 5057
6658 1443
6660 4816
6661 4577
6662 3592
6663 3995
6664 3183
6665 5023
6666 485
6668 4966
6669 197
6670 4409
6671 4790
6672 2602
6673 887
6674 1291
6675 3269
6676 4782
6677 1616
6679 3905
6680 788
6681 442
6682 1988
6683 2040
6684 4376
6685 378
6686 3266
6688 353
6689 5010
6690 493
6691 4722
6692 4628
6694 4414
6695 2076
6696 5111
6697 4904
6698 127
6700 4019
6701 1105
6703 4231
6704 2776
6705 4772
6706 3031
6707 630
6708 1584
6709 4239
6710 5182
6712 4207
6714 2577
6715 4
6716 378
6717 1983
6718 2353
6719 4955
6720 4094
6722 574
6723 4534
6724 2491
6726 4562
6727 3329
6728 3919
6729 185
6730 2408
6731 1505
6732 1188
6733 4847
6734 1584
6735 4344
6736 4521
6737 1130
6738 4862
6739 3706
6740 1591
6741 716
6742 175
6743 1677
6744 389
6746 2812
6747 4701
6748 1665
6749 4082
6751 4520
6752 3611
6753 3130
6754 1245
6755 3229
6756 4010
6757 2587
6759 4338
6760 3183
6761 2426
6762 4024
6764 4788
6765 2202
6766 3525
6767 2202
6768 1219
6769 4782
6770 477
6771 2478
6772 311
6773 4767
6774 2076
6775 1980
6776 2889
6777 5178
6778 284
6779 1764
6780 1277
6781 1984
6782 4925
6783 983
6784 2580
6785 4201
6786 343
6787 1212
6788 3528
6789 4016
6790 1912
6791 1549
6792 2908
6793 182
6794 4420
6795 1531
6796 4301
6800 4865
6801 4508
6802 5210
6804 330
6805 4185
6806 3591
6807 2478
6808 4586
6809 5094
6811 4599
6812 4764
6813 5029
6814 4178
6815 4848
6816 1411
6817 755
6818 3351
6820 1140
6821 769
6822 4704
6823 4671
6826 1389
6827 4537
6828 1501
6831 1140
6832 4170
6834 1476
6835 2336
6836 4546
6838 4537
6839 4814
6840 4515
6841 5116
6842 4014
6843 545
6845 4252
6846 2285
6847 3031
6848 1829
6850 4794
6851 4564
6852 494
6853 4499
6854 4480
6855 4022
6856 5150
6858 4966
6859 676
6861 5159
6862 3485
6863 4052
6865 4839
6866 3485
6867 4409
6869 2843
6870 3650
6871 3208
6873 3491
6874 4682
6876 4277
6879 270
6881 4898
6882 3046
6884 4055
6889 5211
6890 327
6891 2399
6892 4719
6893 994
6894 4120
6895 259
6901 4310
6902 4603
6903 4045
6905 342
6906 1434
6907 1968
6909 2103
6910 3792
6911 4302
6912 3313
6913 244
6914 4537
6915 5029
6916 2534
6917 4999
6918 2593
6919 5182
6920 850
6922 861
6924 1906
6925 2610
6926 4025
6927 4878
6928 1324
6929 4439
6930 3091
6932 5236
6934 4464
6935 3849
6936 1731
6938 998
6941 2908
6942 954
6944 1589
6945 1111
6946 4414
6947 3663
6949 2534
6950 705
6951 894
6953 4995
6954 223
6956 4847
6958 2230
6961 4284
6962 4124
6964 2133
6965 376
6966 22
6967 5211
6968 2833
6969 5026
6970 2098
6972 4433
6973 532
6974 1386
6975 198
6979 725
6981 4217
6982 2731
6983 499
6984 2373
6985 2843
6987 1506
6988 493
6990 3713
6991 3685
6995 759
6999 4411
7002 1535
7004 4911
7005 1224
7006 1905
7008 4622
7009 44
7010 441
7012 627
7013 3563
7014 4118
7015 2
7016 3833
7017 4191
7019 5277
7020 235
7021 4102
7022 2373
7023 4938
7025 4879
7026 18
7027 4798
7028 4606
7029 683
7030 412
7032 4379
7033 3209
7034 536
7035 4149
7036 246
7037 4198
7038 4633
7039 2098
7040 2376
7041 177
7042 1562
7043 5242
7044 226
7047 4390
7048 4025
7049 331
7050 53
7051 1005
7052 795
7055 441
7056 4605
7058 287
7059 264
7060 4629
7062 5202
7063 4168
7064 1082
7066 4418
7067 4517
7068 4742
7069 1224
7070 3870
7071 2128
7072 521
7073 1438
7074 321
7076 557
7077 5262
7078 5286
7079 1373
7080 3697
7081 2092
7083 4720
7084 3755
7085 1589
7087 5308
7088 4487
7089 962
7090 4747
7091 892
7092 681
7093 1798
7094 4614
7095 1731
7097 4432
7098 4285
7099 1705
7100 5195
7101 2577
7102 4418
7104 2136
7105 4603
7106 4241
7107 4424
7109 1033
7110 2871
7111 3436
7112 2399
7113 477
7114 4699
7115 2654
7116 635
7117 5159
7118 307
7119 1994
7122 4414
7125 4435
7126 4459
7127 3853
7128 1984
7129 1680
7130 1889
7131 2373
7132 4406
7134 5202
7135 5188
7137 2143
7138 5140
7140 4521
7142 4513
7143 4661
7144 387
7145 487
7146 1857
7148 1601
7149 4231
7150 4185
7152 4265
7154 4796
7155 539
7156 2593
7158 3556
7159 3677
7160 4170
7161 5145
7162 2120
7164 362
7166 4064
7167 4539
7168 4880
7169 183
7172 4590
7173 4940
7174 4838
7175 2277
7176 58
7177 2443
7178 755
7180 5281
7181 4
7183 4204
7184 4870
7185 4185
7186 4168
7188 5078
7189 602
7190 49
7192 4869
7195 1521
7196 5131
7197 2488
7198 206
7199 846
7200 545
7201 1881
7202 1884
7203 4376
7205 1702
7206 4851
7207 4281
7208 5106
7209 2829
7210 1892
7211 2499
7212 631
7213 2978
7214 4446
7215 1046
7216 5139
7218 1087
7221 4755
7222 4959
7223 4627
7224 4739
7226 1004
7227 1131
7228 895
7230 65
7231 1019
7232 521
7234 732
7235 3446
7239 5031
7240 1994
7244 527
7245 3966
7248 477
7249 5006
7250 5215
7251 4209
7254 4839
7256 1214
7258 2535
7259 3135
7260 2488
7261 1799
7262 1250
7264 4686
7266 3613
7268 1992
7269 1856
7271 5230
7273 779
7276 4594
7277 3437
7278 312
7279 2825
7280 506
7281 2153
7283 68
7285 398
7288 414
7289 4257
7295 4774
7296 2576
7297 2216
7298 4983
7300 1752
7302 1343
7304 4522
7305 5202
7306 769
7308 287
7310 5243
7311 2940
7312 1333
7314 2037
7315 4798
7316 4892
7317 418
7318 2130
7319 3129
7320 1103
7321 4018
7323 2016
7324 140
7325 4064
7326 1024
7327 3513
7328 3694
7329 759
7330 4714
7331 4843
7332 1087
7333 5076
7335 850
7336 730
7337 4168
7339 2399
7341 4011
7342 4277
7343 1400
7344 476
7345 497
7347 811
7348 717
7349 5133
7350 736
7351 5202
7355 5026
7356 1202
7357 4328
7358 4354
7359 5124
7360 4439
7361 644
7362 2141
7363 4660
7365 4201
7367 93
7368 2559
7369 4892
7370 4229
7371 5075
7372 5006
7373 4076
7375 4011
7377 5268
7378 4657
7379 1878
7381 2344
7382 4290
7383 4516
7384 4010
7387 1339
7389 4764
7390 4611
7391 1799
7392 4019
7393 4214
7395 264
7396 4523
7397 5161
7399 4040
7400 549
7403 273
7404 5062
7405 484
7407 5213
7408 3028
7409 342
7410 2130
7411 1892
7412 3761
7415 5183
7416 4036
7418 5221
7420 4273
7421 4385
7422 109
7425 691
7426 3974
7427 4631
7429 462
7430 512
7431 4198
7432 2128
7433 5250
7434 58
7436 4659
7437 1549
7439 5147
7441 5174
7442 4117
7443 2777
7445 5277
7447 4955
7448 2304
7450 3828
7451 2434
7452 4307
7453 4419
7454 2277
7456 445
7457 1086
7458 4178
7460 4707
7461 2046
7462 4908
7464 5278
7465 1168
7466 2576
7470 4875
7472 536
7473 224
7474 4064
7475 1467
7476 1925
7478 4817
7479 1819
7480 4252
7481 2866
7483 4626
7486 412
7487 4773
7488 4826
7490 4425
7491 4798
7492 49
7494 705
7498 5210
7500 4065
7501 4839
7502 4623
7503 2177
7504 4464
7505 2376
7506 4915
7507 3992
7508 2110
7509 3442
7510 184
7511 93
7512 5026
7517 5021
7518 4939
7519 2121
7520 4866
7522 4383
7524 1754
7525 2306
7526 1224
7527 2020
7528 4560
7530 1649
7531 4827
7533 1827
7534 4910
7535 184
7536 5215
7537 5238
7538 912
7539 5075
7540 3916
7541 5271
7544 3139
7545 4652
7546 2143
7547 2939
7548 4722
7549 1705
7550 3979
7556 1968
7557 447
7558 1647
7559 2505
7560 3840
7561 4779
7563 4046
7564 870
7567 1740
7568 536
7570 350
7571 1734
7573 1793
7574 2275
7575 656
7576 5103
7577 3857
7578 1476
7579 3716
7581 2144
7583 4723
7584 3270
7585 374
7586 1761
7587 837
7588 1677
7590 4722
7591 4608
7592 1591
7593 1951
7598 4536
7599 51
7600 5193
7602 1881
7603 2016
7604 4586
7605 2953
7606 3691
7607 3360
7608 4435
7609 630
7610 378
7611 49
7612 4575
7613 4792
7615 3777
7616 1375
7618 1137
7619 2153
7620 4828
7621 1419
7622 963
7623 633
7624 2953
7625 4144
7626 2946
7627 4780
7628 4207
7631 590
7633 4437
7634 232
7635 1694
7636 3114
7637 5004
7638 639
7640 600
7641 4871
7642 2069
7643 3384
7644 3448
7645 1861
7647 4054
7649 4951
7650 3329
7652 644
7653 4993
7654 4538
7656 4295
7657 1258
7658 641
7659 4304
7660 5161
7661 5119
7662 5311
7663 4907
7664 4967
7665 1720
7666 5247
7667 2361
7668 1506
7669 148
7670 3911
7671 1385
7672 2179
7675 78
7676 4448
7677 1057
7678 1327
7680 4364
7681 4302
7682 4843
7686 4544
7688 2013
7689 5103
7690 1171
7692 4348
7693 4079
7694 4241
7695 4206
7696 4409
7698 2499
7700 4579
7701 5268
7702 2216
7704 5251
7705 2879
7707 4866
7709 573
7710 2637
7712 4142
7713 4039
7714 144
7715 4240
7716 4005
7717 1970
7718 2555
7721 189
7722 5225
7723 2678
7724 4440
7725 4729
7727 769
7728 779
7729 4456
7730 87
7731 84
7732 4506
7736 2196
7737 4885
7738 2794
7740 636
7741 2365
7742 115
7743 169
7744 639
7746 3088
7747 687
7750 1684
7752 5106
7753 4910
7756 4189
7757 4326
7759 3217
7761 2120
7764 1662
7766 4849
7767 462
7768 5196
7769 5195
7771 3503
7772 4342
7773 4326
7774 549
7776 4495
7778 4743
7780 4772
7782 3
7783 4553
7784 1829
7786 1878
7788 2531
7789 225
7790 4073
7792 4907
7793 4138
7795 3896
7796 4732
7798 674
7799 5175
7800 1552
7806 4435
7808 4687
7810 1531
7811 1164
7813 4278
7814 5124
7815 4385
7816 4045
7817 4326
7818 875
7819 4873
7821 4239
7822 1025
7823 1030
7824 5181
7825 3886
7826 4840
7827 2078
7828 2771
7829 4956
7830 1376
7832 1646
7835 612
7837 1731
7841 3966
7842 5139
7843 2446
7845 2731
7846 4516
7848 981
7849 5252
7850 429
7851 73
7852 1044
7853 4862
7854 366
7855 4672
7856 4344
7859 4617
7861 4608
7862 4518
7863 2629
7864 3393
7867 1168
7868 3442
7869 3313
7870 501
7872 3084
7873 2361
7874 4674
7876 48
7878 4702
7879 4760
7880 1355
7881 4472
7882 5207
7884 4787
7886 4585
7887 1731
7888 2334
7891 441
7892 1885
7894 1327
7895 1183
7897 1666
7898 2042
7899 3845
7901 1082
7903 1371
7905 4620
7908 4891
7909 5166
7910 532
7911 226
7913 3224
7914 1709
7915 3611
7916 374
7917 4001
7918 996
7919 750
7920 1686
7921 3363
7922 4634
7923 5258
7924 1616
7925 506
7926 375
7927 3635
7929 4611
7930 4855
7931 1889
7932 2491
7933 3252
7934 631
7935 4622
7937 1616
7939 4597
7941 4564
7942 575
7943 3899
7944 4230
7946 703
7947 5012
7950 1386
7953 4218
7954 5296
7955 1442
7956 1542
7957 3363
7958 221
7959 197
7961 4665
7962 615
7963 2078
7966 1813
7967 950
7969 555
7970 1367
7971 2098
7973 2105
7975 4476
7976 460
7977 4292
7978 4124
7979 3943
7980 2198
7983 4622
7984 3061
7986 3442
7989 5280
7990 4279
7991 2403
7993 1557
7994 4596
7995 795
7996 4534
7998 172
7999 4895
8000 1296
8001 2918
8002 4236
8003 2988
8004 1329
8005 4497
8006 1911
8007 4159
8008 1402
8011 4788
8012 1905
8013 1381
8014 16
8016 4709
8018 4725
8020 4870
8022 4019
8023 4315
8024 1911
8025 3928
8026 4580
8027 1983
8028 5136
8029 2321
8030 4410
8032 5233
8034 4060
8035 4239
8036 3467
8038 5183
8039 5079
8040 414
8041 1740
8042 948
8044 4706
8045 4176
8047 5154
8048 246
8049 656
8050 4602
8051 5017
8052 2946
8053 1586
8055 27
8057 2138
8058 2105
8059 122
8061 574
8062 2990
8063 636
8064 4007
8065 4434
8066 3222
8067 4441
8068 5273
8069 4606
8070 5149
8071 1279
8074 442
8075 2855
8076 114
8077 1259
8079 2443
8080 3162
8081 983
8082 600
8083 4246
8084 2174
8085 2794
8086 5195
8087 1324
8090 1036
8092 4357
8094 1485
8096 3850
8097 3853
8099 125
8101 5244
8102 5081
8103 2312
8104 3635
8105 4322
8109 230
8111 4659
8112 5222
8116 4718
8118 607
8119 1857
8120 4498
8122 796
8123 476
8127 1019
8128 880
8130 1206
8132 5206
8133 4526
8135 460
8136 2879
8137 3855
8140 156
8142 3224
8143 4887
8144 4862
8145 1577
8146 169
8147 5138
8148 2217
8149 1826
8150 1600
8152 4735
8153 1436
8154 1506
8155 3681
8156 4260
8157 887
8159 2948
8160 5278
8163 2447
8164 3845
8166 4229
8167 1501
8168 3912
8170 4096
8171 4622
8172 3445
8173 2659
8174 1562
8175 2989
8177 2136
8178 4657
8179 3445
8182 361
8184 5161
8186 1716
8187 1411
8188 1261
8189 73
8190 1709
8191 514
