5642 391
5588 317
1209 121
6034 350
6266 313
3281 601
5621 736
6023 348
5548 163
5514 862
4176 336
5781 472
1353 528
216 161
5982 153
5682 456
5685 58
5662 56
4660 628
5472 38
5967 507
5375 33
8192 591
8193 1373
8194 2713
8196 487
8197 5615
8198 1182
8199 487
8200 160
8202 6012
11 3778
8203 6023
8204 5206
14 1376
15 6168
8205 2595
8206 5458
8209 2177
19 39
8210 4085
21 5843
8211 659
23 3
8212 46
8213 1082
26 1724
8214 581
28 5563
29 6025
8215 4769
31 255
8216 294
8217 5546
34 3865
35 5780
8219 1694
37 5227
38 1670
8222 5785
8225 6081
41 371
8226 6109
55 3148
57 2841
58 674
59 5856
64 6072
69 1766
73 6088
74 624
77 948
81 1912
83 4775
85 4065
90 1300
91 1404
92 5926
96 4218
97 6221
99 5885
100 1920
102 5336
103 5369
105 5914
106 1608
110 46
111 6036
112 2111
113 6069
115 3501
120 5475
126 4947
128 4518
129 5770
133 50
135 4710
136 131
137 5850
138 1197
139 5312
140 6180
141 5603
145 2246
149 6127
152 2076
153 921
154 2810
155 5885
165 5441
166 2944
170 5736
173 1819
175 4368
177 853
180 119
183 4887
186 6048
188 1316
189 4218
191 977
192 5369
194 1874
200 6210
201 5853
202 5997
203 6317
204 3515
206 2306
207 5671
213 6170
217 6233
219 4428
222 5577
223 5685
228 2706
229 5646
234 5815
238 6190
240 1810
241 72
243 65
244 1918
246 3275
247 5985
251 4534
253 5534
254 1211
256 2602
257 703
258 331
260 5103
263 6089
265 487
266 3031
272 3504
273 255
276 398
279 5765
280 353
282 4987
283 5538
287 5965
288 227
290 5799
293 5795
295 6088
296 3028
297 5920
299 1343
300 428
301 865
309 4246
313 4178
314 3025
315 1086
320 3645
322 3706
323 1724
324 6164
325 6004
326 4710
329 1780
330 4041
332 366
336 1905
338 5559
341 964
345 274
350 3752
351 1717
352 5644
354 1139
355 5898
357 6288
358 5827
359 1063
360 2526
361 1119
368 4710
369 5484
370 6168
372 5716
376 4056
377 3242
378 5283
380 6160
381 5245
383 1079
385 5697
386 509
8218 5118
389 2593
390 3785
392 5961
394 89
395 5700
396 627
8220 6123
399 5906
8221 6034
405 636
406 2092
407 168
408 517
412 5594
415 3472
416 187
419 2403
424 5210
426 3487
427 514
432 1684
434 3237
438 774
444 2962
446 534
448 144
450 1568
453 6065
454 3105
455 6256
458 1124
459 449
460 938
461 730
463 6308
464 66
467 5395
469 6317
470 211
478 2138
479 3551
486 49
489 1853
490 9
491 645
495 2143
496 2834
500 1740
505 719
507 509
511 2146
515 6137
520 717
521 5537
527 214
528 5204
529 5608
530 5630
531 4331
536 471
540 5898
541 1861
542 4769
543 2746
544 356
545 5979
546 5167
548 3481
549 411
551 5437
553 1325
554 51
556 2055
560 6267
562 249
563 2553
564 497
566 411
567 232
568 4329
569 4402
572 3544
575 5930
576 2535
580 2557
582 5985
583 5654
585 1152
586 281
587 5028
588 5771
589 1434
590 6030
592 1279
597 611
598 5245
599 4483
602 2528
603 5899
605 6106
607 86
610 5606
614 3565
617 2128
618 193
619 5912
620 4924
621 6160
626 5713
628 435
629 5980
633 5786
634 5930
637 5521
638 6186
642 5905
647 5956
648 4314
650 6277
652 981
653 4957
654 65
657 2230
661 462
662 2154
663 966
665 866
667 3275
668 45
669 5915
672 46
673 268
676 5712
677 4178
679 5384
680 5546
683 462
685 6047
686 1861
688 1804
690 3200
692 1803
693 5743
694 6117
695 5619
698 1501
700 5604
701 1366
702 418
705 5689
707 5694
709 3694
710 5420
711 730
712 5781
714 484
715 1501
720 199
722 98
723 1033
724 2625
726 5094
727 1678
729 4532
732 5311
733 5039
734 1975
735 5904
742 5721
743 5393
744 5373
746 6311
747 5726
748 5176
749 1183
753 4834
754 3472
755 5330
757 885
758 5203
759 5465
760 1287
763 42
767 2294
770 5817
771 4806
773 5429
775 4250
776 4567
781 537
785 645
786 6280
787 979
788 2247
789 143
790 4015
792 5475
793 573
794 3833
795 547
796 5695
797 5626
798 538
800 1828
801 6105
803 5656
806 1722
807 5851
808 4697
810 5532
811 480
812 310
814 1918
816 5514
817 5229
818 6131
820 5777
821 5656
822 1392
824 5656
830 2162
831 1321
833 45
834 6073
835 2087
836 996
837 1570
838 5353
840 6222
841 1270
843 2457
844 5459
845 730
846 4503
848 171
851 1556
852 2578
854 5948
855 2466
856 1703
858 365
860 1666
868 1950
873 5373
876 226
878 1009
881 3194
882 5632
883 2216
888 3637
891 4164
893 2878
897 159
898 6116
901 1212
902 3324
903 5692
905 4085
906 4299
908 762
909 666
910 5846
911 344
913 3039
915 2146
916 6243
922 4800
923 5504
924 534
926 5360
927 5006
928 1224
930 1182
933 40
936 6192
937 1317
939 2483
940 94
941 5925
942 5892
943 104
944 6013
945 3645
947 2557
949 17
952 5037
953 6134
955 579
957 5904
958 5891
960 2426
961 595
962 5400
965 367
968 484
971 2179
972 1245
976 5393
978 5519
980 6277
982 1402
984 3752
986 5815
988 2812
989 5653
991 839
992 286
993 403
995 5854
999 1629
1000 108
1002 577
1003 1139
1004 1766
1008 4443
1013 3507
1015 5996
1016 5372
1017 5666
1018 6174
1020 4814
1021 1861
1025 1432
1026 1117
1027 5779
1032 5474
1035 4651
1037 497
1038 4490
1039 3879
1041 18
1043 765
1045 5401
1048 122
1050 1828
1051 6174
1053 3652
1054 2387
1055 72
1056 5566
1057 5568
1061 1344
1062 3390
1064 5785
1065 3592
1067 3487
1070 2397
1072 506
1073 5908
1077 5381
1080 2578
1081 1299
1083 4645
1084 49
1088 2826
1090 2640
1091 5759
1092 5962
1093 2111
1094 5676
1095 3537
1096 5774
1098 1076
1099 5352
1102 5671
1104 2654
1107 1775
1108 1036
1110 6085
1111 5355
1113 6046
1115 235
1116 6098
1118 2741
1120 3091
1121 2660
1122 1442
1123 764
1125 2797
1126 5757
1129 741
1132 880
1133 6132
1134 269
1135 5539
1136 5896
1137 1916
1138 5443
1141 4490
1142 4019
1143 4468
1144 5666
1145 1187
1146 2606
1147 4178
1149 1811
1150 5843
1151 2192
1153 2878
1154 328
1155 181
1156 2988
1157 365
1159 3039
1161 8
1162 828
1166 1722
1167 5773
1168 5693
1170 5401
1171 1729
1172 6
1173 4813
1174 6075
1175 5851
1176 1831
1177 5275
1180 218
1181 611
1184 6320
1186 3028
1190 6086
1192 5914
1193 1268
1194 578
1195 5865
1198 5789
1199 3512
1200 5680
1201 3729
1204 2316
1207 6081
1210 5784
1213 2003
1214 6245
1215 1973
1220 5661
1222 5151
1223 6034
1225 215
1226 6217
1227 5410
1228 1071
1229 826
1230 5436
1232 6130
1234 900
1235 2076
1236 1854
1238 1148
1239 212
1240 1321
1241 2483
1243 1723
1246 5947
1247 451
1248 1389
1249 3025
1253 286
1255 777
1256 2873
1260 3649
1262 5522
1263 660
1264 5717
1265 5432
1266 5369
1267 1611
1271 335
1272 6046
1273 1076
1274 5707
1275 954
1277 1621
1278 250
1280 2775
1281 6109
1282 5520
1289 839
1291 6065
1298 625
1301 3752
1302 456
1304 1543
1307 6063
1308 5978
1309 1306
1310 6302
1311 2590
1312 3723
1315 2182
1320 2836
1323 5605
1327 1997
1331 5592
1332 1179
1335 5819
1336 5906
1337 4534
1340 5537
1342 1493
1347 2387
1348 5431
1351 5592
1354 3515
1356 5517
1357 4769
1358 1294
1360 3354
1368 970
1370 2239
1372 1169
1374 5245
1375 5523
1378 349
1379 5452
1380 616
1382 488
1383 1857
1384 1680
1385 3712
1387 5539
1388 216
1391 591
1393 3691
1394 3324
1395 3612
1399 5926
1401 52
1403 716
1406 4217
1407 6026
1409 608
1413 6249
1414 5625
1415 6245
1416 5695
1417 1543
1418 5675
1419 6096
1420 224
1423 577
1424 6315
1425 2936
1426 1610
1427 54
1428 237
1433 1319
1437 1305
1438 5370
1439 6103
1440 1713
1441 5864
1445 475
1446 5858
1447 1819
1450 5206
1453 158
1455 3645
1456 5428
1457 3360
1458 6275
1459 728
1460 5508
1461 5976
1463 1506
1464 6091
1465 5442
1466 4800
1467 5482
1468 522
1470 1185
1472 5991
1473 195
1474 2436
1475 3708
1477 874
1479 5684
1480 5649
1481 2867
1484 2781
1485 6167
1486 5610
1487 4299
1489 5731
1490 579
1491 6182
1494 6021
1495 5669
1496 4401
1497 481
1498 2558
1500 6089
1504 5478
1505 4633
1507 5996
1508 5151
1509 5420
1510 5468
1512 1478
1513 1349
1514 6011
1515 6256
1516 561
1518 5421
1519 1971
1520 2535
1522 3995
1527 79
1528 317
1530 1918
1533 5265
1535 3755
1538 224
1539 5915
1540 4251
1542 1678
1544 1376
1545 233
1546 1306
1549 5330
1550 2436
1551 6290
1555 6078
1559 5656
1560 3774
1561 5740
1563 2136
1564 2578
1565 1224
1566 1216
1567 3928
1571 3497
1572 196
1573 2198
1574 2306
1576 5358
1577 2306
1581 375
1583 2623
1584 210
1585 2923
1587 2361
1588 5376
1589 5926
1592 484
1593 6178
1595 6063
1598 5750
1602 2196
1604 6062
1605 2079
1606 5345
1609 561
1612 5496
1614 5477
1615 1499
1617 6019
1618 2836
1619 874
1620 5193
1622 2797
1623 6275
1624 1469
1625 2725
1628 5421
1630 208
1631 483
1632 130
1633 5864
1634 1082
1636 6059
1637 5749
1640 5328
1641 6107
1643 232
1644 3497
1645 5819
1646 5562
1648 4251
1649 5626
1650 3194
1656 5687
1658 6315
1659 6022
1660 547
1661 6122
1662 4769
1664 4354
1667 5470
1669 5554
1672 3928
1673 5865
1675 2353
1676 1197
1679 5747
1681 768
1682 4178
1683 2457
1685 1534
1687 5726
1689 6221
1690 2878
1691 1671
1693 5858
1695 2144
1698 5507
1699 2247
1700 1197
1701 5809
1704 5464
1706 5342
1708 828
1711 3359
1712 3650
1714 5611
1715 708
1716 6103
1718 1242
1720 1511
1727 6234
1728 5930
1730 5818
1731 339
1732 861
1734 974
1735 488
1736 1970
1737 481
1738 532
1739 5607
1741 2559
1742 6178
1744 5932
1745 3393
1746 466
1747 3851
1748 2610
1749 5962
1750 6237
1751 5489
1752 6121
1753 907
1755 2
1756 4333
1757 3762
1758 3931
1759 501
1761 5283
1762 4390
1764 5435
1765 2065
1767 6117
1769 5328
1770 6062
1771 1047
1773 3049
1776 736
1777 2378
1782 403
1784 3691
1786 6078
1788 5912
1789 6180
1790 3928
1792 678
1793 1717
1794 4648
1797 5668
1798 5544
1799 6020
1801 632
1805 4368
1807 1101
1808 5385
1809 5726
1812 3833
1815 5871
1817 5433
1822 1287
1823 2000
1824 2344
1825 5667
1829 772
1830 5915
1832 6032
1833 5856
1834 225
1836 2366
1837 5534
1839 5806
1840 193
1842 3609
1843 3495
1844 2810
1845 196
1846 466
1847 5624
1848 1980
1849 1364
1851 557
1852 5498
1858 6111
1859 54
1862 1729
1864 6014
1865 5767
1867 2777
1868 285
1869 2988
1871 2495
1872 3351
1875 2650
1876 2248
1880 4517
1884 5666
1886 5625
1887 5427
1888 4024
1889 6088
1890 4148
1894 5798
1895 1224
1897 2803
1899 1803
1900 1313
1901 3105
1902 5388
1904 3741
1907 6185
1908 5796
1911 6048
1913 3942
1917 998
1919 3663
1921 5880
1922 5497
1923 1705
1924 5188
1926 6284
1928 3487
1929 6266
1930 5466
1931 3242
1932 5536
1933 5479
1934 5229
1935 6218
1936 6025
1937 1060
1938 1511
1941 2252
1944 1820
1945 501
1946 1795
1948 4590
1953 5962
1954 6150
1955 483
1956 2812
1958 5572
1960 6247
1961 462
1962 5800
1963 5245
1964 488
1966 5940
1969 6271
1974 5570
1976 5841
1977 252
1978 616
1979 1692
1981 1975
1982 44
1983 5945
1984 3053
1986 143
1987 3204
1988 5265
1989 1666
1990 5540
1991 162
1993 5658
1995 3979
1996 5870
1998 483
2001 5882
2002 5691
2004 3617
2005 2898
2007 5431
2008 4027
2013 5399
2014 5888
2015 5601
2016 1019
2017 6037
2018 1952
2019 1224
2021 245
2023 2144
2024 340
2025 232
2026 3706
2028 6290
2029 1796
2030 1042
2033 2251
2034 938
2035 5595
2036 5951
2037 4250
2038 6276
2039 3453
2040 2346
2045 3169
2046 1205
2047 1339
2048 779
2049 4382
2050 3474
2051 5324
2052 890
2053 5291
2054 5543
2056 1994
2057 1531
2058 1925
2059 3208
2060 6205
2061 2387
2062 1949
2066 6228
2068 6047
2071 5593
2072 4482
2073 2198
2075 5476
2080 1692
2081 660
2082 494
2084 2678
2085 1688
2086 1058
2089 1803
2090 3734
2091 6122
2093 4775
2094 5314
2095 514
2096 5896
2097 5726
2098 5530
2099 5923
2100 777
2101 6217
2102 5923
2103 5685
2104 5653
2105 5911
2106 526
2107 5728
2109 717
2112 6175
2113 5725
2116 1211
2117 5341
2118 466
2119 571
2120 2535
2122 2240
2123 3436
2124 2775
2125 5864
2126 1813
2127 2198
2129 5556
2130 2978
2132 4250
2133 366
2137 4027
2140 437
2142 956
2145 839
2148 3105
2149 736
2150 6143
2152 1575
2155 5712
2156 122
2157 117
2158 148
2159 4504
2161 6107
2163 3049
2165 3652
2166 2988
2167 4202
2168 6053
2169 6079
2174 1112
2176 866
2178 6059
2180 5206
2181 577
2183 5839
2184 5318
2186 518
2187 6178
2188 5775
2189 1429
2191 3871
2193 5352
2195 5758
2197 340
2199 571
2200 2456
2201 5672
2202 3238
2203 3067
2204 804
2205 5742
2208 6187
2209 974
2210 5800
2211 5691
2212 1951
2213 5972
2214 5915
2215 1828
2217 255
2218 425
2219 6087
2220 2989
2221 3761
2222 5889
2223 3450
2226 6174
2227 5865
2228 600
2229 5914
2233 1971
2234 6012
2235 1569
2236 2881
2237 5889
2238 5557
2241 414
2243 4752
2244 6103
2249 6222
2250 708
2253 5621
2254 4490
2255 6131
2256 5092
2257 6201
2258 1910
2259 3351
2260 494
2261 517
2262 956
2263 5124
2265 65
2266 6126
2267 1305
2268 2553
2269 1339
2270 5484
2272 863
2273 1187
2275 5673
2277 918
2278 5909
2280 2448
2281 539
2283 2225
2284 1251
2286 125
2287 1629
2288 1743
2290 5367
2291 5905
2292 5883
2293 477
2295 635
2296 625
2297 5374
2298 2069
2299 3819
2300 2
2301 1811
2302 5743
2303 6076
2304 1469
2307 1879
2308 4331
2310 1853
2311 4676
2312 4075
2313 5599
2314 1042
2315 2369
2317 4382
2318 6228
2320 2576
2321 3208
2323 5291
2324 6033
2325 5332
2326 5536
2327 3819
2330 5939
2333 6284
2334 517
2335 4998
2336 50
2337 1178
2338 6190
2339 1469
2340 1684
2341 6204
2342 863
2343 2591
2345 5193
2347 2114
2348 5188
2349 5901
2350 437
2351 5529
2352 6112
2357 123
2358 526
2360 5931
2362 6201
2367 889
2370 1482
2373 5712
2374 5203
2377 1766
2379 232
2382 4202
2384 5458
2386 5204
2388 1321
2389 772
2391 5315
2392 3445
2393 5362
2395 190
2398 2606
2400 261
2401 5520
2402 2271
2404 6190
2405 227
2407 5654
2408 5800
2411 2012
2413 497
2414 5555
2415 5457
2416 967
2417 2873
2418 4738
2419 6235
2421 1531
2423 5388
2424 4483
2425 5490
2427 1972
2429 1079
2430 1049
2431 5037
2432 1367
2433 1607
2435 1703
2438 5532
2439 5686
2440 6164
2442 3189
2446 5515
2447 3646
2449 4
2450 1324
2451 1642
2453 5468
2454 5525
2455 5412
2458 5718
2459 3965
2460 6281
2461 6317
2464 2826
2467 850
2469 506
2470 6008
2471 5577
2472 5409
2473 476
2476 5586
2477 6085
2478 6261
2479 730
2480 5722
2481 5550
2482 5733
2484 5761
2485 684
2486 6130
2487 6277
2489 3318
2490 5842
2491 5704
2492 719
2493 1329
2494 5713
2499 5822
2500 5962
2501 3774
2502 5482
2505 1980
2507 6049
2508 5709
2509 1185
2510 142
2511 4813
2513 60
2514 5521
2516 5839
2519 3394
2520 471
2521 6138
2523 2375
2524 5672
2525 896
2527 3485
2529 912
2530 5509
2531 80
2532 3928
2533 5614
2536 2055
2537 5262
2538 3512
2539 5627
2541 3512
2543 6101
2545 493
2546 5551
2547 391
2550 5848
2551 5534
2552 374
2554 1703
2560 4651
2562 5353
2563 5447
2565 493
2567 5759
2568 535
2569 1802
2579 644
2581 5516
2584 1283
2585 391
2586 16
2587 286
2588 681
2589 3046
2594 526
2596 718
2597 6275
2598 284
2600 211
2603 356
2605 418
2607 3060
2611 4982
2612 5532
2613 996
2614 5315
2615 227
2616 6241
2618 3302
2619 912
2621 853
2622 6248
2624 6258
2627 5447
2629 774
2630 1905
2631 286
2632 5462
2634 118
2635 6141
2636 54
2637 1874
2638 2812
2641 5681
2642 3273
2643 2777
2644 5628
2645 2488
2646 5483
2649 5503
2651 5660
2652 6190
2653 179
2655 5772
2656 2867
2657 4098
2658 2606
2661 552
2662 6005
2663 1109
2664 5424
2665 353
2666 1363
2667 6056
2668 6022
2670 5416
2672 6121
2674 1729
2675 331
2676 3242
2677 2863
2679 1726
2680 1047
2681 6056
2682 4647
2683 2848
2684 1992
2685 2146
2686 1047
2687 5847
2688 5791
2689 609
2692 1883
2693 4246
2695 5908
2696 1112
2698 150
2699 2807
2700 3487
2701 3495
2702 5527
2704 3124
2705 449
2707 447
2709 5780
2710 3004
2712 6306
2715 5389
2717 211
2718 78
2719 1874
2720 2151
2721 5780
2722 5902
2723 3479
2727 5188
2728 4266
2729 2171
2732 2936
2733 5958
2735 231
2736 5468
2738 5379
2742 5660
2743 5167
2744 1713
2745 109
2748 2555
2749 765
2750 577
2751 784
2752 2626
2753 1058
2755 5770
2756 2306
2757 4148
2758 3544
2759 571
2760 1469
2761 5630
2762 5263
2763 2483
2764 539
2765 5356
2768 2171
2770 387
2771 6094
2772 4814
2773 660
2774 5368
2776 2898
2778 6134
2779 716
2782 518
2783 5547
2784 134
2785 5551
2786 497
2787 632
2789 752
2791 6112
2793 400
2794 5490
2795 1252
2796 2711
2799 1068
2800 5443
2801 3992
2802 3995
2804 3114
2806 2602
2809 5896
2811 3445
2814 5464
2815 3650
2816 1233
2817 316
2818 779
2819 5723
2820 3678
2822 5661
2827 2713
2828 1258
2829 237
2830 5697
2831 5836
2833 5527
2835 640
2838 1591
2840 4772
2842 2344
2843 4124
2844 214
2845 784
2847 88
2849 365
2851 5590
2853 5962
2854 1568
2855 4586
2857 5938
2859 6056
2861 5283
2862 3354
2866 5934
2868 896
2870 2115
2875 5758
2876 1076
2877 3865
2879 5342
2880 5447
2884 847
2885 5370
2886 24
2887 5690
2888 63
2889 6275
2890 215
2891 5464
2893 1779
2894 5712
2895 2826
2896 5894
2897 768
2900 5514
2901 5312
2902 5729
2903 1007
2904 2810
2908 5490
2909 5110
2910 3159
2913 5265
2914 783
2915 2936
2916 721
2917 635
2918 5370
2920 6089
2924 5237
2926 178
2929 1316
2930 2000
2931 3383
2932 3637
2934 5553
2937 1049
2938 5881
2940 1642
2941 1287
2942 6310
2943 5887
2945 4710
2947 1063
2949 6032
2950 160
2951 6111
2952 375
2953 5521
2955 6053
2956 142
2957 255
2958 5721
2959 4549
2961 2867
2963 890
2964 6184
2965 76
2966 1300
2968 5193
2969 3204
2970 1526
2971 5666
2972 5747
2973 5210
2974 294
2975 5657
2979 239
2981 159
2982 75
2984 1250
2985 636
2986 3507
2987 44
2990 2306
2991 2610
2992 4450
2993 5744
2994 5658
2995 2399
2996 604
2998 889
2999 3774
3000 1599
3001 4250
3002 2577
3006 67
3009 4299
3010 2192
3013 1218
3014 5630
3015 384
3016 6131
3018 5429
3019 5381
3020 5658
3023 6138
3024 413
3030 245
3032 578
3034 3242
3035 887
3036 4329
3037 6080
3038 118
3040 5205
3041 5961
3042 508
3043 5582
3044 281
3045 2179
3047 5931
3050 1870
3051 3299
3054 5553
3057 1925
3058 245
3059 6011
3061 101
3062 1804
3065 5761
3069 1525
3070 524
3071 6134
3072 284
3073 5386
3074 98
3075 1920
3077 3031
3078 5515
3079 66
3081 5461
3082 4225
3084 5409
3086 5525
3087 404
3089 3506
3090 71
3092 1033
3096 1722
3097 6081
3098 492
3099 5747
3100 2593
3101 343
3102 1892
3104 5606
3107 9
3109 5804
3110 6005
3111 2610
3112 4411
3113 5396
3115 4250
3116 346
3117 3995
3118 5512
3119 4769
3120 197
3121 2577
3123 5918
3125 33
3126 6046
3127 5916
3130 5826
3131 1586
3132 6279
3133 5819
3135 2654
3137 5918
3139 1432
3142 53
3144 95
3145 5631
3146 5863
3149 5526
3150 3060
3151 403
3152 504
3153 641
3154 3969
3156 5815
3160 2128
3161 2448
3162 4507
3163 87
3165 1429
3166 1854
3167 6111
3170 4178
3171 5983
3174 5203
3175 108
3176 4908
3177 5674
3178 1
3179 5870
3181 131
3182 2041
3183 6094
3184 308
3185 6003
3187 2251
3188 5593
3190 728
3191 2110
3192 6103
3195 5726
3196 1971
3197 264
3198 534
3201 6041
3202 2065
3205 2948
3206 4531
3207 6009
3209 5442
3211 4991
3212 5855
3213 623
3214 5456
3215 514
3216 5704
3217 3537
3219 6006
3220 5632
3221 3992
3222 1362
3224 872
3225 6059
3226 3442
3227 5352
3228 1959
3229 5865
3231 5827
3232 108
3233 2271
3234 3890
3235 3049
3236 5850
3239 3134
3240 171
3241 5892
3243 157
3244 3871
3245 5468
3246 5459
3247 5900
3248 2654
3250 5231
3251 480
3253 365
3254 1878
3255 4550
3258 5976
3259 716
3260 10
3261 375
3262 5760
3264 375
3266 157
3267 2628
3268 3485
3269 1835
3271 3242
3272 252
3274 5371
3277 44
3278 1599
3279 4226
3282 5019
3283 5529
3284 5092
3285 624
3286 2441
3287 6124
3288 4515
3290 5782
3292 624
3293 2065
3294 2671
3295 574
3297 713
3298 5873
3301 277
3303 5289
3304 482
3305 1613
3307 3526
3308 3299
3310 2128
3313 5773
3315 921
3316 5687
3317 5874
3320 78
3322 5970
3323 147
3325 1684
3328 5404
3330 3865
3331 1943
3333 1316
3334 5317
3335 967
3336 2000
3337 2654
3338 625
3340 5833
3341 6204
3342 2279
3343 918
3345 428
3346 5827
3347 164
3348 900
3350 146
3352 5901
3355 931
3356 2571
3357 1087
3358 600
3361 5659
3362 2826
3363 6124
3364 2797
3365 5848
3366 4450
3367 1543
3369 5888
3370 172
3371 5388
3372 5673
3373 3861
3375 5568
3376 4507
3377 4648
3378 1916
3379 3718
3380 6267
3381 6212
3382 5968
3384 6221
3386 1219
3388 5737
3391 60
3392 1189
3395 6285
3396 4331
3397 425
3398 532
3399 5769
3400 5537
3401 2553
3402 199
3403 5354
3405 2548
3406 920
3407 119
3408 40
3410 5879
3411 2251
3414 5319
3416 1005
3419 2346
3420 5726
3421 1160
3422 5526
3423 6080
3424 2873
3425 5870
3427 306
3428 1317
3431 2134
3432 6009
3434 5547
3437 4518
3438 5739
3439 1270
3441 5418
3443 158
3446 3515
3447 5443
3448 466
3449 4056
3452 5977
3454 3763
3455 304
3456 639
3459 718
3460 981
3462 5650
3463 5611
3465 2725
3466 739
3468 440
3469 2548
3470 3418
3471 1209
3473 5829
3476 6313
3477 4769
3478 362
3482 1827
3484 3612
3486 6116
3488 5356
3489 1949
3490 2807
3492 2564
3493 3677
3494 4
3496 5704
3499 2114
3500 5420
3503 4507
3505 6141
3508 4772
3509 5070
3513 3515
3516 4814
3517 4096
3518 1557
3520 1219
3521 4753
3522 2396
3523 5736
3525 624
3527 5345
3528 739
3529 1197
3530 5823
3531 2136
3533 17
3534 670
3535 1780
3536 6150
3538 1355
3539 1611
3540 5479
3542 1139
3543 5850
3545 6084
3546 209
3547 5570
3553 725
3555 3218
3556 87
3557 6062
3559 5497
3560 5984
3561 1705
3562 6281
3563 84
3566 16
3568 6143
3570 393
3571 1300
3572 3731
3573 1012
3574 5624
3575 552
3576 3
3577 5626
3578 497
3583 6004
3584 199
3585 5739
3589 969
3590 1411
3593 5006
3594 4550
3595 5579
3596 6036
3597 5237
3598 2590
3599 1820
3601 391
3602 1537
3603 5669
3605 5739
3606 4534
3607 6212
3608 6291
3610 2946
3611 5606
3614 2775
3618 2863
3621 6018
3622 2544
3623 6017
3624 6306
3625 4065
3630 3880
3631 5151
3632 1296
3633 5419
3634 573
3635 5780
3636 3159
3638 384
3639 6261
3640 5966
3641 5526
3642 1411
3643 1713
3644 418
3647 294
3651 5556
3653 286
3654 6311
3655 4468
3656 6285
3658 2466
3661 3992
3664 3218
3665 4314
3666 6054
3667 596
3668 4259
3669 5896
3670 5521
3671 5472
3674 6109
3676 5039
3679 5412
3680 5606
3681 3506
3684 5319
3685 5453
3686 721
3689 4213
3690 5823
3692 3180
3695 1892
3696 5668
3697 5399
3698 5599
3699 410
3702 2376
3703 3474
3704 1242
3709 6184
3713 5992
3714 5853
3715 2571
3716 6061
3717 249
3719 2812
3720 310
3721 1994
3722 1702
3728 4651
3732 5912
3733 645
3736 6061
3737 3811
3738 1329
3739 13
3742 1663
3743 5369
3745 72
3746 159
3750 6027
3753 2344
3757 5875
3758 331
3760 5594
3764 5906
3765 3148
3766 1076
3767 420
3768 1671
3769 6176
3771 1217
3772 76
3775 504
3776 483
3777 552
3779 768
3780 231
3781 1816
3782 5420
3783 5229
3784 5415
3787 872
3788 655
3789 5514
3790 506
3792 5577
3794 3849
3795 703
3796 45
3797 1182
3798 393
3800 5028
3801 5772
3802 6150
3803 2172
3804 1219
3805 2042
3806 5645
3807 5900
3808 5583
3809 2079
3810 660
3813 4124
3814 4098
3815 5808
3818 5798
3820 1999
3821 5780
3823 1973
3824 4633
3825 5991
3826 5569
3828 5634
3831 1657
3832 1169
3834 5780
3836 318
3837 5029
3840 6275
3841 745
3844 414
3846 750
3847 3005
3850 1202
3853 6187
3854 3491
3855 1910
3858 78
3859 6065
3862 6068
3863 5979
3864 5315
3866 5641
3867 6122
3868 5449
3869 5699
3870 5761
3872 2230
3873 6195
3874 1726
3875 4100
3877 5486
3878 5508
3884 5530
3885 3299
3886 6170
3888 1259
3889 5646
3891 502
3892 2577
3893 4947
3894 2878
3895 5590
3896 6101
3899 5695
3900 872
3901 1488
3903 752
3905 1813
3907 5946
3909 5967
3910 5504
3912 6048
3913 291
3915 291
3916 44
3917 627
3918 5731
3919 6245
3924 651
3925 532
3927 1663
3929 5547
3930 5889
3932 1187
3933 499
3935 270
3937 36
3938 5947
3939 5466
3941 3168
3943 956
3944 1242
3945 2403
3946 1031
3947 5938
3948 220
3950 6132
3951 5703
3952 5594
3953 5980
3954 1183
3957 5970
3959 1216
3960 5702
3961 5892
3962 2625
3963 4148
3964 6123
3966 5984
3968 3445
3970 651
3971 4468
3972 4055
3973 5778
3974 2944
3976 235
3977 1359
3978 5382
3980 5
3981 1800
3982 768
3983 1197
3984 5628
3985 5388
3986 5433
3987 5006
3988 2121
3989 6251
3990 5458
3991 2654
3994 1231
3996 2175
3997 5883
3998 2436
3999 1686
4000 3819
4001 3481
4002 382
4003 5683
4005 730
4006 1997
4007 777
4008 1296
4009 6034
4010 5020
4011 1529
4013 935
4014 162
4016 3474
4017 235
4020 3763
4022 703
4025 5690
4028 782
4029 5753
4033 5734
4035 5925
4036 6270
4037 2821
4039 5992
4040 4645
4042 6184
4043 4209
4045 63
4046 6122
4047 3921
4049 6089
4050 2306
4051 1411
4053 1350
4054 4908
4057 538
4058 5797
4062 6271
4063 181
4064 5724
4066 4027
4067 109
4069 6110
4070 5788
4071 6311
4073 1183
4074 5855
4076 6302
4079 4537
4082 3180
4083 730
4084 4586
4087 3729
4090 6195
4091 6193
4092 2022
4093 6160
4094 5697
4097 3514
4104 717
4105 719
4107 4325
4108 281
4109 1059
4111 1329
4114 5851
4117 615
4118 5692
4119 1160
4120 65
4123 5289
4126 518
4129 1831
4130 5839
4133 863
4135 1925
4137 5445
4138 1877
4142 67
4143 493
4144 5939
4145 2746
4146 4651
4147 5029
4149 606
4150 5779
4151 5722
4152 3318
4153 1721
4154 5630
4156 179
4157 2803
4158 5537
4159 1250
4160 1250
4162 1569
4163 318
4168 79
4169 1866
4170 362
4172 3027
4173 174
4174 6247
4183 3299
4185 465
4186 861
4187 5950
4189 5498
4191 1879
4194 5919
4195 5539
4196 433
4197 5291
4198 832
4201 2590
4203 4218
4204 451
4205 2678
4206 3302
4207 4102
4210 5399
4216 6127
4220 1063
4222 611
4223 4124
4227 2578
4228 6091
4229 1831
4230 4280
4231 4213
4232 327
4234 5606
4235 4325
4236 1009
4238 5118
4239 649
4241 5400
4242 6320
4244 6005
4245 850
4249 1814
4253 5304
4254 6176
4255 5395
4257 2279
4258 1599
4260 43
4261 2206
4263 6042
4265 47
4268 371
4269 6170
4271 5808
4273 6249
4275 1570
4276 195
4277 2171
4278 2134
4279 3507
4281 5540
4282 5454
4284 555
4285 108
4286 981
4287 1594
4288 3663
4290 1997
4293 4124
4295 1245
4297 5179
4300 5900
4301 956
4302 5237
4305 1405
4306 5556
4307 440
4308 5675
4309 5642
4310 215
4311 1831
4312 2933
4313 2079
4315 6243
4318 5799
4319 6315
4321 6081
4322 1350
4323 4041
4324 5632
4326 3426
4328 1257
4334 1287
4335 557
4336 5487
4337 1058
4338 1140
4339 5543
4340 6126
4342 5747
4344 6122
4345 4769
4346 5880
4347 6175
4348 849
4350 1557
4351 5858
4353 5681
4355 1975
4357 1392
4359 3344
4362 1905
4363 829
4364 6065
4365 6205
4369 5700
4371 1642
4372 281
4373 50
4375 4446
4376 1359
4377 1678
4378 262
4379 5570
4383 512
4384 5525
4385 1802
4386 271
4387 4139
4388 1242
4389 666
4391 5691
4394 1877
4395 5275
4396 2121
4397 281
4400 5070
4403 3404
4405 6017
4406 321
4407 20
4408 2375
4409 4697
4410 1443
4412 6085
4413 233
4414 5891
4415 780
4416 1373
4417 4250
4418 1082
4419 5522
4420 3819
4421 250
4423 4266
4424 739
4425 4586
4426 784
4427 547
4429 3031
4432 6237
4434 2590
4435 5577
4436 4331
4437 2848
4439 6222
4440 502
4441 5763
4444 484
4445 3613
4448 6230
4449 75
4451 2557
4452 6092
4455 5885
4456 5892
4457 5853
4458 465
4460 1878
4461 1488
4462 2289
4464 5959
4466 2873
4467 1087
4470 2936
4471 2185
4472 193
4473 1668
4474 504
4475 5716
4476 1985
4477 5627
4478 1033
4480 5850
4481 5571
4488 5716
4489 3472
4494 3911
4495 4549
4496 5318
4497 2517
4498 3677
4499 5769
4500 130
4506 5952
4508 3678
4510 5833
4511 5605
4512 6100
4513 80
4514 6117
4516 6186
4520 863
4521 1469
4522 778
4523 5882
4525 2110
4526 5927
4529 5603
4535 5427
4536 1244
4539 990
4540 5633
4543 5151
4544 5713
4545 6315
4546 1442
4548 172
4551 6271
4552 879
4553 5962
4554 2781
4555 4343
4556 875
4557 3645
4559 1022
4560 1950
4561 561
4562 150
4563 2114
4564 184
4566 2923
4568 5338
4572 1086
4573 2271
4575 3613
4576 5473
4577 5941
4578 6302
4579 1216
4580 2141
4581 4
4582 907
4583 774
4585 68
4587 1290
4588 5323
4591 2553
4593 4647
4594 5446
4595 1044
4596 649
4597 2863
4598 4012
4599 6016
4602 3637
4604 1139
4605 398
4606 1205
4607 1696
4608 60
4609 373
4610 2573
4611 1076
4612 4987
4613 1554
4614 5803
4615 2289
4616 6222
4617 1296
4618 5636
4620 5489
4621 4908
4622 220
4623 6096
4624 391
4625 150
4626 2179
4627 6285
4628 493
4629 4052
4631 5583
4632 2997
4634 1
4635 3060
4636 80
4637 5921
4638 5482
4639 5417
4640 4106
4641 5431
4642 3011
4643 5879
4644 2790
4646 51
4650 3483
4652 6290
4654 5672
4655 5946
4657 4402
4658 687
4659 713
4661 3613
4662 3928
4663 6307
4665 498
4666 5996
4667 88
4668 6057
4671 5332
4672 418
4673 1800
4674 1211
4675 5979
4677 3404
4678 441
4680 2654
4681 233
4682 1031
4683 178
4684 1469
4686 3992
4687 198
4688 555
4690 3374
4691 5151
4692 1655
4693 5182
4694 221
4698 1940
4699 5179
4700 3052
4701 422
4702 335
4703 5395
4704 1985
4705 5795
4706 2997
4708 6059
4709 501
4714 1521
4715 2647
4716 4507
4718 4660
4719 5608
4720 4450
4722 2456
4723 3506
4725 6138
4726 216
4727 5758
4728 1863
4729 4991
4732 3487
4734 78
4735 4895
4736 2867
4743 5457
4746 2225
4747 745
4748 1432
4750 3591
4751 4459
4755 5384
4756 5632
4758 6014
4759 1804
4760 3004
4762 1722
4763 1209
4765 4124
4766 421
4767 5775
4770 1610
4771 125
4773 6168
4774 2648
4776 2921
4777 5920
4779 3169
4780 5291
4782 42
4783 6083
4784 1047
4785 2012
4787 1599
4788 5660
4789 3871
4790 5937
4792 815
4793 5605
4794 951
4796 559
4797 5796
4798 5985
4799 50
4801 143
4803 3324
4805 1276
4807 5615
4809 5969
4812 5283
4815 3134
4816 5530
4817 5738
4819 210
4820 5843
4821 5726
4822 719
4824 2878
4825 2863
4826 306
4827 5321
4828 1189
4829 5717
4830 2731
4832 5402
4833 5628
4835 6203
4836 1898
4837 5484
4838 4764
4839 4015
4843 5652
4847 3252
4848 3169
4849 606
4850 2251
4851 1029
4853 783
4855 6309
4856 5191
4857 5422
4858 5167
4859 4343
4860 6221
4861 13
4862 95
4863 5549
4864 1804
4865 93
4866 5540
4869 2595
4870 5898
4871 5884
4872 3318
4873 157
4874 5643
4875 1164
4877 1079
4878 3646
4880 1211
4881 4024
4882 5188
4886 6070
4889 874
4891 3526
4892 3762
4894 4840
4897 5932
4898 3450
4900 3169
4901 3147
4904 172
4905 624
4907 3592
4910 1404
4911 5981
4912 6159
4913 344
4914 3612
4915 3474
4917 5934
4921 1001
4922 1594
4925 410
4928 5944
4929 101
4931 555
4932 5039
4935 1885
4938 5534
4939 12
4940 4225
4942 2172
4945 441
4946 5791
4950 5723
4951 2466
4953 5685
4956 509
4958 1655
4959 488
4960 6087
4961 5612
4962 5457
4963 5477
4964 150
4965 6056
4966 3707
4967 5800
4968 5626
4970 88
4972 17
4974 5513
4977 1703
4978 2069
4979 938
4980 5722
4981 1074
4983 1959
4984 1652
4985 5540
4992 6212
4993 5530
4994 3
4995 5699
4996 271
4997 3141
4999 5664
5000 3359
5002 5596
5003 5880
5004 624
5005 498
5007 310
5008 1294
5010 342
5011 645
5012 1857
5014 4055
5015 5229
5016 6101
5017 1802
5018 819
5021 5785
5023 4518
5025 6200
5026 373
5031 5786
5032 3785
5034 6034
5035 5484
5038 482
5041 5924
5043 43
5044 6190
5045 506
5046 2247
5047 5746
5049 5372
5050 1187
5052 125
5056 870
5057 5265
5059 1827
5062 5608
5064 5781
5069 5914
5071 488
5072 3890
5073 379
5075 5737
5076 4841
5077 1629
5078 716
5079 374
5080 1130
5081 5815
5091 6046
5100 2654
5102 2639
5104 5554
5106 6081
5107 5483
5108 5447
5109 1857
5111 2031
5112 250
5116 2997
5117 535
5119 5498
5120 5758
5122 627
5123 6190
5126 8
5129 5028
5130 5459
5131 1835
5133 6003
5134 3442
5135 1139
5136 6135
5137 4272
5138 850
5139 5446
5140 3359
5142 5833
5144 990
5145 5648
5146 765
5147 5132
5148 5550
5149 6248
5150 5777
5154 1105
5155 1994
5156 285
5157 863
5159 651
5160 6222
5161 5770
5163 3819
5164 1373
5166 3729
5168 6180
5169 6123
5172 5761
5173 2595
5174 6098
5175 484
5177 2185
5178 3812
5181 114
5183 5441
5184 5847
5186 1906
5192 1959
5194 596
5195 6022
5196 6150
5198 6136
5199 5881
5201 4550
5202 3682
5207 2864
5208 1211
5209 3311
5211 1912
5212 2092
5213 51
5214 151
5216 3506
5217 5323
5219 1881
5221 5885
5222 312
5225 5695
5228 691
5230 5667
5233 3404
5235 1760
5236 938
5238 3004
5239 5299
5240 267
5242 591
5243 4292
5244 656
5246 704
5247 3756
5249 5412
5250 5299
5251 867
5252 5421
5256 1158
5257 146
5259 5866
5260 4503
5261 2111
5266 5878
5267 3774
5268 2162
5270 2251
5271 1591
5272 842
5273 3450
5274 5442
5277 492
5278 1363
5279 1657
5280 2131
5281 2837
5282 1373
5287 1556
5288 2444
5290 2803
5292 509
5293 1029
5294 5191
5296 5606
5297 5463
5298 4433
5300 5641
5301 6162
5308 4518
5309 6072
5310 935
5327 1448
5348 5655
5394 4102
5397 5176
5413 443
5481 1231
5629 1531
5677 783
5705 157
5711 267
5766 5546
5793 919
5830 6025
5840 5955
5869 1997
5917 6012
5935 2078
5943 3472
5975 4226
5993 6114
5995 1826
6007 612
6010 5668
6015 1082
6093 5782
6108 305
6113 107
6118 3755
6171 5480
6181 2790
6189 2939
6209 6021
6223 6298
6227 5400
6250 1688
6252 4515
6253 967
6272 6185
6278 534
6293 5255
6305 2777
6316 268
6323 5698
6325 3374
6326 3882
6327 5715
6328 1233
6330 3592
6331 374
6332 1586
6335 6235
6336 4764
6337 600
6338 3979
6341 6191
6343 1313
6344 853
6345 1178
6346 5264
6347 239
6348 5191
6349 559
6350 3756
6351 1713
6352 4343
6353 5622
6354 2242
6355 6047
6356 1951
6358 5737
6359 1723
6360 178
6361 116
6362 53
6363 839
6364 119
6365 6013
6366 5566
6367 1697
6368 1811
6369 539
6370 5342
6371 3067
6374 268
6375 5594
6376 2356
6377 2921
6378 3694
6379 3882
6380 5605
6381 954
6382 5733
6383 6210
6384 2544
6385 2708
6386 2365
6389 5654
6390 5375
6391 6204
6392 20
6395 2812
6396 1046
6398 3567
6401 4710
6403 561
6404 1719
6405 1985
6407 4060
6408 2625
6411 591
6412 1164
6414 4647
6415 1066
6417 5713
6418 5817
6419 5588
6421 40
6422 2573
6423 6135
6424 3849
6428 5554
6429 5761
6430 2
6431 150
6432 4139
6434 87
6435 5490
6436 967
6437 6247
6438 6012
6440 5966
6441 5921
6443 5684
6444 6221
6445 212
6447 751
6448 5931
6449 682
6450 6060
6452 5262
6453 3712
6454 5903
6455 94
6456 5680
6457 5458
6458 533
6459 6025
6460 5504
6463 1591
6464 5409
6465 2144
6466 967
6469 5885
6470 3327
6472 969
6473 6091
6475 5371
6476 1940
6477 5486
6478 3812
6479 1389
6480 5885
6481 6265
6482 3512
6483 658
6484 5619
6485 5928
6486 5167
6487 5814
6488 1353
6489 95
6490 3663
6491 5486
6492 5568
6495 950
6496 1754
6497 853
6499 2577
6500 2403
6503 6023
6504 4567
6505 22
6506 2457
6507 51
6508 5369
6509 1029
6510 684
6511 5666
6512 5193
6513 5597
6514 6019
6515 5346
6517 5382
6518 4647
6520 2725
6521 289
6522 3833
6524 1353
6527 5368
6528 305
6529 5894
6530 39
6531 5477
6533 3204
6534 5518
6535 6140
6536 1802
6537 5406
6539 5989
6543 2069
6544 879
6545 5540
6546 655
6548 3851
6549 3726
6550 5406
6551 4538
6552 616
6554 321
6555 3085
6556 5717
6558 6011
6559 451
6560 6080
6561 6009
6562 3453
6563 579
6564 5951
6565 3565
6566 1276
6567 343
6569 2171
6570 422
6571 907
6572 778
6573 1047
6574 5958
6575 1324
6577 5742
6579 5182
6581 1607
6582 6047
6583 4550
6586 5968
6587 4390
6588 5468
6589 5478
6590 3004
6592 3526
6593 1343
6595 2769
6596 5523
6597 847
6599 2846
6600 6187
6601 1179
6602 5692
6603 5422
6604 2936
6605 829
6606 3194
6607 1066
6608 1
6609 404
6612 6036
6613 3218
6614 1697
6615 2925
6616 5613
6618 71
6619 1985
6620 2022
6622 5612
6623 10
6624 5797
6626 3650
6628 6094
6629 1033
6630 2356
6631 5657
6632 6140
6634 2279
6636 5231
6637 1684
6638 484
6639 974
6640 5728
6642 674
6643 3487
6644 5857
6645 2171
6646 5019
6648 449
6649 2576
6650 5736
6652 6122
6653 235
6654 517
6656 5496
6657 6269
6658 1723
6660 5876
6661 5696
6662 5791
6663 2144
6664 162
6665 6306
6666 5838
6668 5779
6669 2555
6670 417
6671 5630
6672 5666
6673 2483
6674 2713
6675 6041
6676 317
6677 371
6679 1696
6680 104
6681 1148
6682 493
6683 3879
6684 17
6685 2151
6686 1112
6688 783
6689 6122
6690 5618
6691 4531
6692 6109
6694 1684
6695 374
6696 6069
6697 5832
6698 4218
6700 5806
6701 174
6703 44
6704 6203
6705 2825
6706 3426
6707 2448
6708 5464
6709 3390
6710 5350
6712 1205
6714 235
6715 6103
6716 1287
6717 1322
6718 5630
6719 1780
6720 2488
6722 2628
6723 391
6724 5699
6726 5427
6727 3761
6728 1611
6729 216
6730 5778
6731 3159
6732 1621
6733 6215
6734 151
6735 1381
6736 3485
6737 832
6738 5321
6739 1951
6740 5627
6741 3208
6742 1389
6743 1197
6744 574
6746 4246
6747 2151
6748 1
6749 5662
6751 1670
6752 651
6753 1943
6754 3649
6755 6262
6756 65
6757 5509
6759 1525
6760 1288
6761 4139
6762 2978
6764 3088
6765 3418
6766 78
6767 1949
6768 1740
6769 5
6770 4764
6771 5871
6772 3752
6773 4096
6774 5375
6775 3537
6776 5487
6777 772
6778 5427
6779 5215
6780 3778
6781 5871
6782 6304
6783 2206
6784 1778
6785 6311
6786 1635
6787 1284
6788 218
6789 5449
6790 4721
6791 221
6792 5717
6793 1972
6794 248
6795 5785
6796 577
6800 2390
6801 209
6802 5450
6804 2316
6805 1950
6806 484
6807 3691
6808 974
6809 3467
6811 1245
6812 1772
6813 1657
6814 5849
6815 5374
6816 719
6817 3461
6818 5654
6820 5592
6821 3200
6822 5401
6823 481
6826 2443
6827 784
6828 5360
6831 4490
6832 2948
6834 225
6835 5976
6836 1252
6838 5363
6839 5595
6840 2848
6841 3124
6842 894
6843 2671
6845 5642
6846 5245
6847 504
6848 5879
6850 442
6851 5375
6852 828
6853 292
6854 499
6855 4530
6856 5716
6858 4885
6859 5517
6861 5527
6862 919
6863 6027
6865 557
6866 2741
6867 5853
6869 2225
6870 4941
6871 5457
6873 5331
6874 1434
6876 466
6879 5435
6881 5778
6882 884
6884 6153
6889 6284
6890 2387
6891 5655
6892 2466
6893 5644
6894 5682
6895 3833
6901 4517
6902 974
6903 691
6905 5437
6906 4368
6907 3512
6909 1992
6910 6133
6911 6271
6912 1642
6913 6277
6914 1376
6915 5600
6916 6302
6917 5761
6918 6153
6919 1124
6920 2610
6922 4124
6924 5898
6925 1775
6926 2810
6927 866
6928 5193
6929 5555
6930 1367
6932 5464
6934 1191
6935 2730
6936 1257
6938 6285
6941 1870
6942 5355
6944 3609
6945 2923
6946 2252
6947 5672
6949 4633
6950 5954
6951 5938
6953 5335
6954 5516
6956 1779
6958 4844
6961 4401
6962 5939
6964 5569
6965 524
6966 5421
6967 1276
6968 6142
6969 5841
6970 5984
6972 6275
6973 1434
6974 5350
6975 6276
6979 1127
6981 5984
6982 2134
6983 6059
6984 6248
6985 1244
6987 6117
6988 5608
6990 5453
6991 6107
6995 442
6999 4240
7002 547
7004 5672
7005 6090
7006 2566
7008 6096
7009 5483
7010 308
7012 3360
7013 5775
7014 1814
7015 123
7016 1898
7017 5490
7019 6063
7020 3299
7021 1152
7022 6009
7023 5712
7025 2078
7026 3351
7027 3404
7028 5603
7029 5721
7030 2544
7032 2306
7033 3718
7034 420
7035 144
7036 4225
7037 524
7038 3404
7039 5959
7040 2548
7041 210
7042 2797
7043 5878
7044 1288
7047 2867
7048 335
7049 514
7050 5491
7051 292
7052 3811
7055 1647
7056 3147
7058 158
7059 6205
7060 5403
7062 896
7063 2570
7064 6314
7066 4214
7067 3871
7068 5509
7069 6116
7070 5403
7071 5823
7072 6000
7073 5445
7074 865
7076 3587
7077 211
7078 802
7079 5826
7080 3811
7081 87
7083 678
7084 3652
7085 6247
7087 506
7088 5381
7089 353
7090 4532
7091 4753
7092 6302
7093 1058
7094 1775
7095 1179
7097 2231
7098 5777
7099 5726
7100 5460
7101 1501
7102 5603
7104 5944
7105 5521
7106 5205
7107 5724
7109 1740
7110 4012
7111 5947
7112 3252
7113 142
7114 5607
7115 5579
7116 93
7117 109
7118 5457
7119 5347
7122 5996
7125 4012
7126 5379
7127 646
7128 2544
7129 429
7130 147
7131 1554
7132 3351
7134 5151
7135 1754
7137 210
7138 6068
7140 2553
7142 1780
7143 5
7144 5771
7145 4390
7146 1501
7148 1878
7149 1060
7150 981
7152 40
7154 5532
7155 5823
7156 5428
7158 6178
7159 6280
7160 1434
7161 5227
7162 5770
7164 5379
7166 6167
7167 3857
7168 485
7169 6042
7172 5963
7173 5784
7174 172
7175 5409
7176 1219
7177 5361
7178 3208
7180 5400
7181 4259
7183 684
7184 584
7185 5771
7186 1562
7188 2925
7189 5784
7190 969
7192 151
7195 4056
7196 5595
7197 1726
7198 5737
7199 682
7200 2065
7201 1244
7202 861
7203 1729
7205 2623
7206 5665
7207 4299
7208 5741
7209 1258
7210 2353
7211 5904
7212 4603
7213 2825
7214 1831
7215 134
7216 441
7218 2110
7221 1925
7222 5743
7223 5781
7224 1191
7226 6030
7227 956
7228 885
7230 5566
7231 2726
7232 3060
7234 6182
7235 481
7239 1283
7240 5981
7244 4015
7245 3995
7248 1066
7249 5931
7250 5686
7251 2185
7254 3637
7256 5997
7258 42
7259 1853
7260 3995
7261 5353
7262 1078
7264 828
7266 1568
7268 2115
7269 5894
7271 6284
7273 1810
7276 5800
7277 306
7278 304
7279 3591
7280 1258
7281 2115
7283 630
7285 5976
7288 1821
7289 225
7295 1877
7296 5761
7297 2907
7298 6248
7300 1552
7302 1629
7304 1906
7305 5521
7306 6279
7308 5704
7310 5369
7311 327
7312 616
7314 584
7315 1022
7316 5990
7317 5827
7318 1903
7319 5435
7320 5
7321 487
7323 925
7324 3857
7325 1952
7326 6056
7327 5475
7328 2535
7329 4775
7330 5669
7331 1531
7332 5646
7333 5952
7335 3453
7336 2344
7337 866
7339 1471
7341 2248
7342 5767
7343 3168
7344 2846
7345 456
7347 2559
7348 5937
7349 1816
7350 391
7351 5568
7355 608
7356 981
7357 5631
7358 6135
7359 6140
7360 4382
7361 547
7362 4446
7363 5728
7365 3203
7367 4537
7368 5472
7369 2138
7370 5926
7371 5597
7372 895
7373 725
7375 5981
7377 5620
7378 1608
7379 1074
7381 2836
7382 1857
7383 5641
7384 5674
7387 3173
7389 884
7390 1891
7391 6182
7392 5633
7393 524
7395 1760
7396 2012
7397 181
7399 5595
7400 5478
7403 5317
7404 5400
7405 508
7407 9
7408 2065
7409 6192
7410 4490
7411 224
7412 3299
7415 6164
7416 63
7418 5814
7420 2162
7421 1779
7422 5833
7425 5931
7426 1359
7427 3480
7429 274
7430 5556
7431 2136
7432 5323
7433 2143
7434 2898
7436 6237
7437 6110
7439 5386
7441 5541
7442 172
7443 5979
7445 6058
7447 5422
7448 6096
7450 5
7451 5342
7452 5460
7453 1678
7454 5777
7456 5179
7457 252
7458 6107
7460 3819
7461 1816
7462 1997
7464 5728
7465 5954
7466 832
7470 1124
7472 5467
7473 3833
7474 252
7475 3039
7476 6162
7478 6062
7479 472
7480 5393
7481 4331
7483 4804
7486 5601
7487 4813
7488 3726
7490 5367
7491 3819
7492 956
7494 307
7498 5456
7500 6214
7501 2572
7502 2892
7503 5083
7504 456
7505 366
7506 5255
7507 6087
7508 5731
7509 451
7510 3311
7511 6057
7512 1364
7517 2171
7518 5392
7519 5674
7520 5983
7522 2378
7524 5952
7525 445
7526 159
7527 6129
7528 285
7530 5948
7531 6262
7533 2610
7534 98
7535 1197
7536 687
7537 6036
7538 2230
7539 6285
7540 5314
7541 27
7544 2483
7545 1359
7546 3491
7547 5951
7548 3515
7549 374
7550 4266
7556 2571
7557 142
7558 632
7559 2841
7560 6216
7561 5652
7563 4885
7564 5204
7567 2396
7568 1611
7570 3440
7571 1313
7573 5739
7574 3354
7575 6203
7576 171
7577 5536
7578 5773
7579 2306
7581 497
7583 6037
7584 3995
7585 312
7586 6214
7587 6042
7588 950
7590 5956
7591 832
7592 3718
7593 5865
7598 6130
7599 3637
7600 1158
7602 6235
7603 4060
7604 5536
7605 5435
7606 6068
7607 1261
7608 5626
7609 3861
7610 3515
7611 5894
7612 5592
7613 5684
7615 5424
7616 2826
7618 920
7619 5529
7620 5324
7621 5858
7622 375
7623 6134
7624 5421
7625 2746
7626 3748
7627 2741
7628 4052
7631 736
7633 969
7634 5682
7635 5838
7636 5972
7637 5923
7638 5633
7640 3762
7641 5414
7642 3515
7643 1344
7644 6280
7645 504
7647 1284
7649 5953
7650 708
7652 5549
7653 5726
7654 480
7656 5959
7657 2092
7658 5960
7659 1066
7660 71
7661 5903
7662 2706
7663 577
7664 4775
7665 5921
7666 6061
7667 524
7668 3031
7669 3650
7670 538
7671 5324
7672 5786
7675 5936
7676 5812
7677 5753
7678 533
7680 5758
7681 1903
7682 3026
7686 1169
7688 5722
7689 249
7690 4739
7692 5258
7693 1270
7694 5630
7695 691
7696 5969
7698 5275
7700 53
7701 5934
7702 6277
7704 6006
7705 3053
7707 268
7709 5726
7710 163
7712 1668
7713 514
7714 6241
7715 5399
7716 5836
7717 5996
7718 850
7721 557
7722 5020
7723 2011
7724 5571
7725 4738
7727 5487
7728 4052
7729 4459
7730 6076
7731 4368
7732 5785
7736 974
7737 6182
7738 1448
7740 6134
7741 1397
7742 20
7743 636
7744 5389
7746 4446
7747 1283
7750 6212
7752 1575
7753 3512
7756 1772
7757 5039
7759 1973
7761 1068
7764 5866
7766 1985
7767 889
7768 2003
7769 6283
7771 3763
7772 1694
7773 163
7774 895
7776 561
7778 343
7780 3
7782 433
7783 471
7784 303
7786 5700
7788 1216
7789 1339
7790 248
7792 4116
7793 6082
7795 1766
7796 615
7798 1049
7799 5576
7800 373
7806 6022
7808 2580
7810 4531
7811 3712
7813 6
7814 1814
7815 5618
7816 5856
7817 497
7818 373
7819 741
7821 1599
7822 1594
7823 6321
7824 3751
7825 5517
7826 5934
7827 3252
7828 4361
7829 2746
7830 5758
7832 5894
7835 1556
7837 1590
7841 5904
7842 2115
7843 5422
7845 718
7846 2456
7848 819
7849 828
7850 4947
7851 658
7852 1719
7853 462
7854 4885
7855 5816
7856 493
7859 151
7861 1202
7862 6018
7863 3752
7864 1791
7867 1244
7868 5614
7869 1012
7870 6221
7872 310
7873 1787
7874 5848
7876 1442
7878 5474
7879 3351
7880 6321
7881 5933
7882 718
7884 1317
7886 5229
7887 1722
7888 1112
7891 5094
7892 5416
7894 2231
7895 5945
7897 5661
7898 2110
7899 1678
7901 1968
7903 5332
7905 5317
7908 5977
7909 1501
7910 5881
7911 5572
7913 5894
7914 164
7915 5892
7916 1596
7917 5789
7918 5398
7919 5461
7920 784
7921 998
7922 225
7923 6008
7924 4586
7925 5070
7926 5371
7927 5437
7929 1185
7930 4447
7931 5342
7932 3682
7933 5950
7934 5853
7935 4202
7937 5831
7939 6092
7941 6121
7942 5937
7943 730
7944 5338
7946 5463
7947 761
7950 6214
7953 5643
7954 209
7955 5020
7956 5775
7957 6082
7958 5928
7959 6159
7961 1373
7962 2316
7963 609
7966 1033
7967 5894
7969 2316
7970 2566
7971 5336
7973 1647
7975 974
7976 1040
7977 1078
7978 6048
7979 1694
7980 6264
7983 209
7984 5658
7986 5692
7989 682
7990 1344
7991 4955
7993 1363
7994 5341
7995 2548
7996 178
7998 5958
7999 1031
8000 5809
8001 5689
8002 745
8003 5896
8004 5938
8005 5468
8006 777
8007 4052
8008 5362
8011 4998
8012 420
8013 1432
8014 5474
8016 5338
8018 5621
8020 6117
8022 104
8023 4246
8024 6076
8025 5369
8026 168
8027 2988
8028 6078
8029 480
8030 2557
8032 5775
8034 3134
8035 535
8036 1800
8038 2557
8039 5618
8040 6260
8041 414
8042 4651
8044 5976
8045 2867
8047 3252
8048 3085
8049 6192
8050 538
8051 5889
8052 6292
8053 1985
8055 84
8057 161
8058 5857
8059 604
8061 413
8062 1047
8063 4218
8064 248
8065 169
8066 6095
8067 6072
8068 2146
8069 5876
8070 5312
8071 2353
8074 441
8075 190
8076 5644
8077 1529
8079 4840
8080 5227
8081 5841
8082 5360
8083 6144
8084 6006
8085 5962
8086 584
8087 3612
8090 5848
8092 1726
8094 62
8096 4753
8097 311
8099 6134
8101 1501
8102 3497
8103 72
8104 5590
8105 3385
8109 4075
8111 1322
8112 5350
8116 5525
8118 777
8119 443
8120 1511
8122 277
8123 6107
8127 885
8128 48
8130 678
8132 235
8133 6014
8135 4887
8136 2534
8137 4645
8140 5245
8142 3200
8143 5215
8144 5061
8145 144
8146 1449
8147 990
8148 1827
8149 4947
8150 5110
8152 601
8153 1802
8154 142
8155 5928
8156 2279
8157 1493
8159 1853
8160 649
8163 5461
8164 2143
8166 5968
8167 5464
8168 5446
8170 2185
8171 5744
8172 6167
8173 5960
8174 6076
8175 6080
8177 1400
8178 5709
8179 764
8182 2225
8184 76
8186 303
8187 2231
8188 1022
8189 5550
8190 2837
8191 3890
