6717 762
6586 106
6383 936
6511 38
6435 247
6793 13
1236 161
6657 371
305 141
4587 183
6757 240
6221 528
14 13
6380 33
2495 706
8192 3633
1 2777
8193 2312
8194 95
8196 6460
8197 3426
6 3752
8198 488
8199 761
8200 2144
10 221
11 835
8202 705
8203 4480
8204 50
15 6464
8205 461
8206 7102
8209 6966
19 2488
20 63
21 7042
8210 217
23 6595
8211 440
8212 1074
26 5355
27 2443
28 2659
29 6618
8213 6782
8214 22
8215 1488
8216 631
34 6870
35 6801
8219 658
37 7119
38 732
8222 3229
8225 2306
8226 2443
42 3329
49 1709
57 704
60 3114
64 2803
69 6865
72 3450
74 7032
75 7021
77 566
85 2427
89 2971
90 6789
91 1933
97 2864
99 7164
100 3920
102 6890
105 948
106 1984
111 5669
112 18
113 6674
115 2713
120 1337
122 4506
126 1087
128 1538
129 3231
133 71
135 449
136 6348
137 130
138 7052
140 1334
141 6554
149 6809
150 6614
151 1794
152 6272
153 6882
158 6643
161 6137
165 205
166 1022
170 475
173 5037
177 1599
183 1250
186 6755
187 6852
189 6216
191 163
192 4186
193 246
201 850
203 7079
206 7215
207 1236
208 3681
209 1449
210 6546
211 1952
213 1284
215 6628
216 6811
219 3670
222 2777
226 1684
229 2000
234 7205
240 6755
241 6929
243 6944
245 1562
247 6793
250 3367
251 981
252 4822
253 6223
254 4033
255 3148
256 1885
257 3081
258 7142
259 6807
260 6338
262 484
263 1206
264 7055
265 1913
266 2355
269 456
273 6376
276 3440
278 2294
279 6626
282 5980
283 6309
287 5716
288 1722
290 1692
293 7185
294 6791
295 6691
296 16
297 1538
299 7119
300 1202
301 7126
302 6850
304 6688
307 6793
314 2136
317 5908
318 232
320 78
322 730
323 2841
324 147
325 3367
326 1718
330 7006
332 6912
334 104
338 5869
341 6972
347 6379
352 6845
354 2552
355 7058
357 1389
358 6272
361 2003
362 4441
368 6423
369 517
370 4677
372 2553
373 575
376 3646
377 2953
380 333
381 6599
8217 7150
386 1649
8218 799
392 5836
393 2477
394 6944
395 571
396 6223
8220 4416
398 6341
399 549
401 586
8221 6386
405 1030
407 1811
408 6358
412 2154
413 3450
416 7040
419 2535
420 7083
423 6706
424 6600
425 382
426 6227
427 1733
428 2206
432 1743
434 3677
435 1652
438 1717
441 6962
444 3231
446 6359
453 6361
454 1390
455 2169
457 73
459 4771
460 3507
463 1448
464 2365
469 2185
470 5518
472 6390
474 7017
478 6422
479 2089
480 5363
486 5503
489 1460
491 3890
501 6608
502 1013
504 7183
505 5175
507 6749
514 2264
515 6577
516 2584
520 7210
521 5534
522 6348
525 6863
527 3896
528 3231
529 1889
530 1775
531 6675
534 6567
542 6779
543 1373
544 6694
545 2206
546 570
548 5120
551 1001
553 5841
554 1189
556 6346
558 7180
560 4209
563 6531
564 5396
567 5383
568 5175
569 1325
573 4447
574 1663
576 6403
580 6964
582 6561
583 3514
585 6654
587 7055
589 5029
590 391
592 6790
595 5622
597 6331
599 6801
602 6556
603 6581
604 1296
605 4408
606 3532
607 6751
610 3779
612 6951
614 2169
617 6838
618 6137
620 56
621 1381
626 6019
629 5206
633 6472
635 6795
637 6216
638 1250
642 6178
647 6672
648 7138
649 2781
650 3141
652 4965
653 960
654 6278
656 1247
661 6853
662 6907
663 2429
664 1840
665 1717
667 1325
668 6656
669 3682
670 6156
672 6556
673 7037
674 2755
676 7185
677 6680
679 2196
680 4288
681 7172
682 378
685 5620
686 6646
688 6956
690 7080
692 6628
693 6696
694 6062
698 4962
700 6726
701 2186
702 2702
707 3518
709 6581
711 1294
712 6779
713 6969
714 406
715 198
719 1840
720 1557
721 5091
722 6905
723 1672
724 6930
726 3379
727 4910
729 98
733 526
743 5789
745 2232
746 2264
747 6676
748 7144
750 6938
751 7150
753 895
754 3890
755 5209
757 7055
758 566
763 705
765 6403
767 4143
769 6814
770 7180
771 1127
776 6592
777 6676
779 212
780 5928
783 6806
784 4426
785 6628
786 379
787 2264
788 277
789 6379
793 6961
794 6653
795 6964
796 6513
797 3194
798 403
800 524
801 974
803 214
804 6682
806 5155
807 1464
810 1017
812 1719
814 6545
816 225
817 3507
818 1598
820 6097
821 2921
822 2606
824 1240
830 3762
831 6672
833 400
836 1424
837 6205
838 6775
840 6103
841 1975
843 6915
844 6528
845 1710
847 4436
848 762
849 6660
851 6514
852 182
854 6466
855 631
856 4752
859 6642
860 6412
865 389
868 6529
873 1786
874 4251
875 1811
876 7173
878 2062
881 1775
882 6719
883 311
885 6351
887 6483
888 3236
889 655
891 640
892 2930
893 43
897 2171
900 237
901 6490
902 6947
903 7215
905 44
906 1448
908 4058
909 4178
910 966
911 1424
915 1197
916 5943
922 3148
923 270
926 1991
927 6347
928 125
930 3523
931 2175
933 6870
936 3031
937 6684
939 6910
940 6361
941 244
942 6805
943 5354
944 6941
945 2349
947 5970
949 2003
950 6509
952 5176
953 6658
955 6589
958 7180
961 6648
962 6620
965 433
968 6650
969 3450
970 194
972 7197
975 2209
976 1316
978 5869
980 7155
982 5213
983 335
984 6604
986 164
988 3845
989 6714
990 3645
991 195
992 764
995 4209
999 3596
1000 6893
1002 3916
1003 80
1004 2179
1008 6975
1012 6530
1015 3387
1016 67
1018 7174
1020 4490
1021 1467
1026 3837
1027 1813
1032 6325
1033 3762
1035 6336
1037 292
1039 1448
1040 7134
1041 1236
1045 7083
1048 577
1050 2274
1053 5629
1054 2442
1055 2726
1056 7009
1057 404
1061 2240
1062 6652
1063 3895
1064 5268
1070 759
1071 808
1072 871
1073 5622
1077 4041
1079 4230
1080 7052
1081 272
1084 996
1086 6846
1088 1069
1090 4699
1091 6612
1092 2020
1093 1567
1094 101
1095 6511
1096 4825
1098 5577
1099 1840
1102 6707
1103 1047
1105 5565
1107 1402
1108 627
1110 3325
1111 6152
1112 3244
1113 1624
1115 6981
1116 7160
1118 7154
1120 6492
1121 6391
1122 6587
1123 1184
1125 866
1126 7041
1129 6167
1132 1992
1133 36
1134 7172
1135 6359
1137 2991
1138 1308
1141 6216
1142 1889
1143 2726
1144 3270
1145 6564
1146 586
1147 163
1150 1684
1151 3173
1152 4645
1155 4251
1156 6968
1157 2132
1159 3344
1161 6720
1162 5178
1164 6660
1166 6614
1167 1049
1168 5077
1169 6677
1170 6698
1171 1877
1172 3080
1174 5869
1175 863
1177 204
1178 58
1180 6653
1186 4144
1190 5255
1191 1952
1192 4041
1193 684
1194 736
1195 3863
1198 2481
1200 12
1201 6754
1204 1461
1207 3645
1209 799
1210 4800
1211 3764
1212 4710
1213 451
1214 6464
1215 6490
1216 1608
1218 4974
1219 3981
1222 4096
1223 103
1224 907
1225 6459
1226 572
1227 1492
1228 500
1229 7189
1230 6822
1231 4599
1232 4144
1234 6827
1235 198
1238 6813
1239 200
1242 1569
1243 7122
1245 3046
1246 2821
1248 660
1249 6484
1253 3690
1260 3592
1261 508
1262 1005
1263 2116
1264 194
1265 4590
1266 6500
1267 1547
1268 4677
1272 1811
1273 5262
1274 5636
1275 6919
1276 3320
1280 2261
1281 6431
1282 6499
1283 1906
1289 174
1290 306
1291 1814
1298 2525
1302 4100
1304 7067
1306 4058
1307 404
1309 6390
1310 6773
1311 6889
1313 6696
1315 4645
1319 6823
1322 6486
1323 6966
1324 375
1332 353
1335 996
1336 7002
1338 4965
1340 488
1342 1828
1344 6548
1347 1034
1349 4676
1351 1364
1353 839
1354 3769
1355 879
1356 846
1357 5289
1358 6901
1360 6529
1362 5851
1366 588
1367 6917
1368 4428
1369 6354
1370 5262
1372 1187
1374 1992
1379 1724
1380 537
1383 268
1384 2091
1385 7152
1387 1179
1391 6487
1393 4112
1394 2008
1395 6571
1399 6579
1400 2584
1401 1464
1405 3809
1406 1985
1407 384
1409 1087
1412 3646
1413 1279
1414 5262
1415 6395
1416 7174
1417 3645
1418 6676
1419 3896
1420 6408
1423 6792
1425 6531
1426 7049
1427 382
1428 6401
1432 2089
1433 2876
1434 4353
1436 337
1437 7145
1438 6543
1439 6790
1440 365
1442 315
1445 3720
1446 2536
1447 353
1452 4030
1453 224
1455 6815
1456 6396
1457 171
1458 311
1459 1205
1463 143
1465 5905
1466 5167
1468 6314
1470 4472
1472 2615
1473 7155
1475 14
1476 2092
1480 5138
1481 6834
1482 3565
1484 465
1486 634
1487 103
1489 5630
1491 2878
1495 200
1496 5888
1497 3965
1498 7159
1500 7063
1504 6679
1505 1124
1507 340
1508 3795
1509 749
1510 3612
1511 4085
1512 3238
1513 6600
1514 2525
1515 7035
1516 3514
1518 4
1519 6712
1520 6010
1522 6668
1525 465
1526 6453
1527 6927
1528 5908
1529 584
1530 2257
1531 6309
1533 6786
1534 6445
1535 3617
1537 6707
1539 526
1540 5669
1542 6891
1544 572
1545 7119
1546 7051
1551 4786
1552 5518
1554 6681
1556 5876
1558 5209
1559 18
1560 2192
1561 6801
1563 1992
1564 3837
1565 781
1566 96
1571 169
1572 7047
1573 3002
1574 4019
1575 3194
1576 4139
1577 159
1581 4801
1583 6690
1584 1019
1585 3270
1587 4
1589 81
1591 144
1592 4763
1593 6712
1595 4634
1596 3779
1601 391
1604 7184
1605 823
1606 4240
1609 1236
1612 6689
1614 6356
1615 65
1616 1029
1617 7202
1618 792
1619 7154
1620 6108
1622 6513
1623 5632
1625 1305
1628 4861
1630 572
1631 6582
1632 7189
1633 1803
1636 7197
1637 2085
1640 6546
1641 6760
1642 6672
1643 2925
1644 6336
1645 6925
1646 6080
1648 3244
1650 2627
1656 415
1657 5
1658 5262
1659 998
1660 6643
1661 3762
1664 4345
1667 6395
1668 578
1669 462
1673 7154
1675 483
1676 3880
1678 6919
1679 7073
1682 3593
1683 1069
1685 4822
1687 6137
1688 829
1689 6949
1690 5355
1691 270
1693 5917
1694 1038
1695 6842
1697 7078
1698 996
1699 6369
1700 6550
1701 2726
1703 2846
1704 143
1706 598
1708 198
1711 7154
1713 4209
1714 159
1715 7161
1721 6652
1723 7112
1727 5393
1728 1271
1730 6777
1731 1649
1732 239
1734 2559
1735 7100
1736 2881
1741 205
1742 3049
1744 2697
1745 6472
1746 6760
1747 3387
1748 586
1749 4112
1750 2925
1753 6447
1754 7041
1755 1022
1756 773
1757 1314
1758 5320
1759 538
1760 56
1761 6879
1762 378
1764 1404
1765 596
1767 5947
1769 6225
1770 1252
1771 1411
1773 1665
1776 4992
1777 7142
1780 5980
1782 884
1784 267
1787 5789
1789 2242
1790 7088
1793 2659
1795 5037
1797 627
1798 4523
1799 7203
1801 4428
1805 448
1807 1320
1808 511
1809 6732
1810 3474
1812 6336
1815 549
1816 666
1817 4751
1818 4041
1821 7089
1822 2136
1824 144
1825 6916
1827 533
1829 232
1830 3004
1831 6688
1832 2134
1833 2825
1834 6982
1836 6343
1837 1506
1842 7143
1843 4786
1844 4446
1845 2741
1846 6108
1847 312
1848 6662
1849 2908
1851 6530
1852 7072
1853 230
1854 2517
1857 2134
1858 7068
1859 7168
1861 549
1864 18
1865 7172
1866 6905
1867 6549
1868 6490
1869 365
1871 6884
1872 71
1874 6325
1875 956
1879 829
1880 1381
1883 1188
1886 1492
1887 3262
1888 1666
1890 6674
1891 2518
1894 4958
1895 6332
1897 6639
1898 46
1899 490
1900 2558
1901 410
1902 6521
1903 6949
1904 7216
1905 1722
1908 6710
1910 5137
1917 1549
1918 6320
1919 101
1921 3677
1923 518
1924 3354
1926 312
1930 6353
1931 1920
1932 437
1935 6616
1936 6771
1938 2353
1941 7042
1943 4965
1944 6472
1945 1007
1946 687
1948 577
1949 858
1950 6791
1953 487
1954 7130
1955 6618
1956 7095
1958 179
1959 6639
1960 169
1961 336
1962 437
1963 6645
1964 6377
1966 5037
1968 6944
1969 36
1970 388
1972 1404
1974 6156
1976 5702
1977 6665
1978 1251
1982 2713
1983 675
1986 6352
1987 25
1988 819
1989 3458
1990 5629
1993 1726
1994 6381
1995 5291
1996 3720
1998 815
1999 3114
2004 6344
2005 7137
2007 6774
2012 5840
2013 2442
2014 2654
2015 6747
2016 2777
2017 3142
2018 6668
2019 274
2021 884
2022 1173
2023 3099
2024 7221
2025 1131
2026 6555
2028 7210
2029 1127
2030 2515
2032 6336
2033 6828
2034 1786
2035 7076
2036 2369
2037 6398
2038 5851
2039 3379
2040 1471
2041 1984
2042 7176
2045 1738
2046 7100
2047 2151
2048 6520
2050 306
2051 1719
2052 3344
2053 683
2054 2355
2057 6506
2058 167
2059 2011
2060 6379
2061 7081
2065 344
2066 6535
2071 850
2072 6767
2073 645
2075 343
2076 6577
2078 6223
2079 3049
2080 6779
2081 1860
2082 4725
2084 1611
2086 2687
2087 6876
2090 3565
2094 1233
2095 839
2096 6520
2097 6689
2098 6278
2099 6401
2100 58
2101 6554
2102 6588
2103 1696
2104 6946
2105 7196
2106 3637
2107 1256
2109 239
2112 773
2113 6856
2114 5876
2117 1594
2118 3544
2119 7198
2122 494
2123 6891
2124 5383
2125 6276
2126 7202
2127 63
2130 6438
2133 7224
2137 601
2138 2488
2140 6719
2141 4603
2142 6173
2143 890
2145 539
2146 2985
2148 6332
2150 313
2152 7056
2153 5648
2155 6985
2156 7005
2157 421
2158 180
2159 6791
2161 981
2162 6335
2163 31
2165 342
2166 4482
2167 3591
2172 3328
2174 5592
2176 2989
2178 3942
2180 2456
2182 490
2183 1803
2184 6558
2187 237
2188 5534
2189 1611
2191 3963
2193 6708
2194 799
2195 6478
2197 896
2199 2839
2200 6428
2201 345
2202 415
2203 6915
2204 6739
2205 4325
2208 3762
2210 4992
2211 913
2212 1726
2213 6315
2214 6449
2215 3812
2217 6757
2218 3762
2221 6452
2222 4251
2223 739
2226 391
2227 2578
2228 4868
2229 1594
2233 3328
2234 5363
2235 6629
2236 1402
2238 5614
2239 5179
2241 4545
2243 5614
2244 404
2247 164
2248 6749
2249 3205
2250 6685
2251 6628
2253 6189
2254 7134
2255 1149
2256 7020
2258 483
2259 433
2260 6489
2262 6881
2263 5248
2265 6755
2266 4677
2267 6738
2269 6356
2270 2312
2271 2356
2273 1044
2275 1647
2277 5680
2278 2933
2279 6961
2280 2144
2281 1364
2283 6663
2284 4875
2285 3426
2286 6782
2288 1492
2290 7112
2292 2991
2293 6735
2295 7113
2296 6812
2297 7006
2298 6554
2299 5213
2300 5869
2301 6487
2302 3812
2303 383
2305 695
2307 2893
2308 331
2310 6558
2311 1823
2313 2606
2314 508
2315 2554
2317 3046
2318 6398
2320 6917
2323 1613
2324 6947
2325 3046
2326 1788
2327 3440
2330 7028
2333 1119
2334 343
2335 1060
2336 6449
2337 3495
2338 6256
2340 1796
2341 5176
2342 3467
2343 1913
2345 1024
2346 533
2347 1911
2350 6605
2351 2169
2352 163
2357 6483
2358 7160
2360 340
2362 17
2366 451
2370 781
2374 7052
2377 6650
2378 6703
2379 4482
2382 4621
2384 6181
2386 2388
2387 1435
2389 734
2390 6853
2391 1364
2392 5612
2393 7037
2395 1778
2396 6551
2397 6784
2398 615
2400 3969
2401 782
2402 6113
2405 890
2407 2488
2411 1305
2413 5347
2414 7080
2416 84
2417 7207
2418 6718
2419 46
2421 5775
2423 3142
2424 1001
2425 3857
2426 1971
2430 717
2431 382
2432 7109
2433 2121
2435 1681
2436 7169
2438 181
2439 6925
2440 7160
2441 7188
2446 235
2447 1127
2448 6348
2449 828
2451 1602
2453 5947
2455 1788
2457 1677
2458 6941
2459 570
2460 7144
2461 7090
2464 3105
2467 6450
2469 6447
2470 6595
2471 3565
2472 5630
2479 2231
2480 6782
2482 7135
2483 924
2484 5167
2486 6569
2487 6786
2489 3685
2490 450
2492 1594
2493 2055
2494 1206
2499 1884
2500 5268
2501 6767
2502 6854
2505 1800
2507 2615
2508 4058
2509 4039
2510 4707
2511 6966
2512 1089
2513 6335
2514 1492
2516 2020
2519 6777
2520 497
2521 7038
2522 5702
2523 6951
2524 312
2529 1348
2530 6389
2532 6707
2533 691
2537 1060
2538 1352
2539 3646
2541 3819
2543 2826
2545 775
2546 6648
2547 7127
2550 382
2551 839
2555 414
2560 6831
2562 6510
2563 6575
2567 493
2569 6790
2570 2606
2571 6472
2572 5894
2573 6884
2576 238
2577 7130
2581 1350
2585 2175
2586 6869
2587 4523
2588 6754
2589 1570
2590 3180
2591 6791
2594 7172
2596 7021
2597 5998
2598 179
2600 59
2602 7089
2603 6563
2605 6972
2607 6479
2610 1490
2611 6870
2612 6524
2613 169
2614 4822
2616 736
2618 6305
2619 4066
2621 7072
2622 1557
2623 3011
2624 1271
2625 163
2626 2225
2628 199
2629 3769
2630 5155
2631 4144
2632 101
2634 345
2635 3039
2636 5314
2638 981
2639 6601
2640 2132
2641 328
2642 7132
2643 2936
2644 6867
2645 3404
2646 5552
2647 1392
2649 792
2650 6859
2651 1279
2652 1672
2653 7192
2655 6261
2656 5619
2657 6086
2658 3942
2660 3039
2661 125
2662 741
2663 6435
2664 2599
2665 404
2666 1403
2667 6735
2670 4416
2672 1221
2674 4590
2675 3649
2676 601
2677 7178
2678 6643
2679 5167
2680 1985
2681 4825
2682 78
2683 4365
2684 5526
2685 7051
2686 6500
2688 3650
2689 6650
2692 291
2696 1014
2698 3879
2699 1083
2700 764
2701 644
2704 400
2705 619
2706 2627
2707 6639
2709 5914
2711 6646
2712 96
2715 2557
2717 6914
2718 3237
2719 6261
2720 6882
2721 1441
2722 5442
2723 5347
2727 6840
2728 5138
2729 6796
2730 4503
2731 6320
2732 4590
2733 6696
2735 327
2736 1250
2743 2376
2744 66
2745 5413
2746 4965
2748 343
2749 3831
2750 25
2751 5268
2752 286
2756 1402
2757 4325
2758 4293
2759 1117
2760 2584
2762 6385
2763 2881
2764 6338
2765 2741
2768 7027
2770 7025
2771 6657
2772 1148
2773 6776
2774 697
2775 7087
2776 596
2778 1766
2779 6604
2782 289
2783 1608
2784 6597
2785 6762
2786 6391
2787 3466
2789 6717
2791 7181
2793 1411
2794 634
2795 5799
2796 7047
2799 6590
2800 3215
2801 169
2802 2837
2804 6629
2806 630
2807 1663
2809 6734
2810 671
2811 365
2812 2960
2814 1649
2815 1499
2816 1007
2817 1074
2818 1743
2819 345
2820 1911
2822 1984
2827 3865
2828 6536
2829 898
2830 7197
2831 6755
2833 6539
2834 402
2835 2121
2836 697
2838 277
2842 4935
2843 2608
2844 7200
2845 308
2847 184
2849 345
2851 7212
2853 1052
2854 2068
2855 5415
2857 4063
2859 4677
2861 5998
2862 148
2863 3215
2867 6811
2868 7119
2871 1397
2873 6869
2875 802
2877 1813
2879 619
2880 3734
2884 6449
2885 50
2886 1339
2887 162
2888 671
2889 7221
2890 333
2891 450
2892 6592
2894 4489
2895 6374
2896 609
2897 22
2898 93
2899 6386
2900 3749
2901 6759
2902 6673
2903 2876
2904 6722
2909 4472
2910 1257
2913 1884
2914 2231
2915 6548
2916 7094
2917 118
2918 6776
2920 4962
2924 2846
2926 1464
2929 6681
2931 1718
2932 119
2934 4065
2937 920
2938 4699
2939 2881
2940 7084
2941 7095
2942 6205
2945 2291
2947 5654
2948 775
2949 3512
2950 205
2951 1839
2952 3484
2956 2671
2957 1506
2958 5725
2961 3237
2962 4763
2963 6401
2964 5626
2965 6435
2966 1259
2968 6377
2969 1325
2970 6697
2972 2595
2973 7089
2974 404
2975 7176
2976 6847
2978 6935
2979 1820
2981 6466
2982 6348
2984 155
2986 1469
2987 7207
2988 7074
2990 1049
2992 4063
2993 3215
2994 218
2995 2753
2996 5789
2997 623
2998 6475
2999 475
3000 6344
3001 3322
3005 5836
3006 289
3009 3161
3010 4063
3013 4139
3014 6276
3015 2557
3016 1441
3018 6549
3019 775
3020 277
3023 6507
3024 6703
3025 6907
3026 3682
3027 6378
3028 4058
3030 1733
3032 716
3034 2388
3035 938
3037 374
3038 6788
3040 6488
3041 5268
3042 5491
3043 4194
3044 4483
3045 403
3047 5151
3050 4489
3051 5758
3052 1189
3053 4677
3054 7111
3055 1928
3057 6564
3058 6178
3059 538
3061 448
3062 1078
3065 447
3067 1044
3069 6793
3071 1885
3072 3865
3073 7059
3074 2468
3075 2216
3077 6604
3078 3831
3079 760
3082 7050
3083 2216
3084 3612
3085 6385
3086 164
3087 6509
3088 6890
3089 6852
3090 6590
3091 4483
3092 3845
3096 7158
3097 3466
3098 3734
3100 7168
3101 1981
3102 6788
3104 33
3107 1078
3108 5728
3109 43
3110 387
3111 6942
3112 3011
3113 4763
3115 1397
3116 7109
3117 6080
3118 6767
3120 4763
3121 172
3123 1179
3125 549
3126 6620
3127 4676
3130 7016
3131 7129
3133 6500
3135 571
3137 1538
3138 24
3139 1600
3144 6751
3145 3778
3146 378
3147 7214
3149 1766
3150 6363
3151 61
3152 826
3153 1183
3154 344
3156 3225
3159 4107
3160 6718
3163 628
3165 872
3166 268
3167 6715
3168 6863
3169 2710
3170 4487
3171 2185
3174 7126
3176 4800
3177 391
3178 6572
3179 1785
3181 863
3182 3649
3183 4178
3184 6616
3185 979
3188 6560
3189 4063
3190 7169
3191 1951
3192 6794
3195 7156
3196 1083
3197 7155
3198 485
3201 5294
3202 6434
3203 6417
3206 1049
3207 1461
3208 7093
3209 1068
3210 1331
3211 6550
3212 311
3213 1241
3214 6865
3216 3080
3217 1250
3219 379
3220 1450
3221 6863
3224 333
3226 3528
3227 350
3228 5943
3232 5415
3233 2186
3234 1911
3235 2216
3239 3605
3240 2144
3242 2186
3243 601
3245 3129
3246 846
3247 7127
3248 6657
3249 6314
3250 6233
3251 5092
3253 382
3254 7006
3255 792
3258 6794
3259 981
3260 6867
3261 6688
3264 6330
3266 1005
3267 7056
3268 6272
3269 7036
3271 6974
3272 1570
3273 5491
3274 344
3277 6747
3278 6999
3279 2375
3281 5103
3282 7009
3283 5273
3284 5648
3285 78
3286 6486
3287 267
3288 2839
3290 1665
3292 3518
3293 634
3294 1124
3295 651
3297 938
3298 6428
3299 6505
3301 417
3303 313
3304 6894
3307 6862
3308 5498
3310 7087
3311 3779
3312 1250
3313 6972
3315 4868
3316 6710
3318 6895
3323 7022
3327 6779
3330 1792
3331 335
3333 842
3334 5169
3335 6975
3336 3379
3337 185
3338 336
3340 6831
3341 3762
3342 1719
3343 6337
3345 3863
3346 2668
3348 6453
3350 6944
3352 2444
3355 6785
3356 7164
3357 6668
3358 6631
3361 1719
3362 5311
3363 3694
3364 335
3365 6458
3366 6694
3369 2272
3370 2921
3371 4091
3372 385
3373 1478
3374 3499
3375 6082
3376 6368
3377 1051
3378 557
3380 6934
3381 2216
3382 2115
3383 6395
3384 1300
3385 2578
3386 6709
3388 3916
3390 5549
3391 5169
3392 5940
3393 3200
3394 2559
3395 2179
3397 6545
3398 2553
3399 6723
3401 925
3402 1916
3403 6729
3405 1443
3406 481
3408 6915
3411 2264
3414 5764
3416 6712
3418 80
3419 2544
3420 6876
3421 6606
3422 4590
3423 6353
3424 6646
3425 5592
3427 484
3428 440
3431 609
3432 1629
3434 1047
3437 1279
3438 1724
3439 8
3441 4483
3442 6531
3443 6590
3445 628
3446 954
3447 2615
3448 3795
3449 5546
3452 6080
3453 2648
3454 1301
3455 963
3456 7
3459 1149
3460 6938
3462 6601
3463 2564
3464 7052
3465 1220
3468 43
3469 41
3470 1712
3471 1726
3473 1083
3477 160
3478 7070
3479 1672
3480 6889
3482 6913
3483 1569
3485 1220
3486 2209
3487 736
3488 1205
3489 1702
3490 6443
3492 179
3493 6278
3494 6727
3496 2367
3497 6854
3500 1980
3501 3981
3503 1376
3504 4677
3505 2566
3506 66
3508 979
3509 6840
3511 7175
3513 7002
3515 3942
3516 1506
3520 7196
3521 6128
3522 2369
3526 2361
3527 2001
3529 440
3530 237
3531 490
3533 6630
3534 1461
3535 2444
3536 1025
3538 2399
3539 3387
3540 3200
3542 3495
3543 3645
3545 7042
3546 6550
3547 5465
3551 5450
3553 1740
3555 541
3556 2120
3557 5356
3559 6995
3560 1811
3561 1751
3562 1933
3563 2544
3566 5553
3568 4822
3570 6929
3571 4240
3572 5006
3573 2648
3574 2955
3575 880
3576 5206
3577 2264
3578 6314
3579 3617
3581 7221
3583 732
3584 2959
3585 2179
3587 1030
3589 2220
3590 6595
3594 6934
3595 7160
3597 1792
3598 7205
3599 1598
3601 611
3602 624
3603 308
3606 4428
3607 6862
3608 5314
3609 1119
3610 1009
3614 6404
3618 4329
3621 351
3622 2020
3623 389
3624 4143
3625 6859
3630 1240
3631 6911
3632 6434
3634 2580
3635 1337
3636 6383
3638 119
3639 3351
3640 3525
3641 7033
3642 284
3643 6441
3644 6517
3647 3880
3651 5268
3652 6694
3653 4487
3654 2841
3655 6455
3656 5561
3658 2274
3659 2557
3661 703
3662 2369
3663 7224
3665 6764
3666 495
3667 829
3668 3646
3669 938
3671 7106
3674 6565
3676 6371
3678 343
3679 3857
3680 7197
3684 1557
3686 1181
3689 7094
3692 1314
3695 7101
3696 1435
3697 46
3698 894
3699 410
3702 1017
3703 2536
3704 1681
3706 168
3707 7068
3709 6988
3712 683
3713 5795
3714 2580
3716 1997
3717 6772
3718 6691
3721 1752
3722 1485
3726 340
3728 1130
3729 7214
3731 6305
3732 6691
3733 6508
3736 3426
3737 7200
3738 6694
3739 6805
3740 5905
3741 1305
3742 7227
3743 114
3745 6858
3746 1317
3750 238
3751 2708
3753 5702
3755 7089
3757 3920
3758 1068
3760 1621
3761 6815
3763 6529
3765 6432
3766 3633
3767 2687
3768 6480
3771 539
3772 6216
3774 366
3775 2553
3776 6663
3777 1881
3780 6806
3781 1806
3782 1835
3783 697
3784 1450
3785 1670
3787 3467
3788 1314
3789 7154
3790 223
3792 1521
3794 1521
3796 6407
3797 1543
3798 1131
3800 1467
3801 6624
3802 7067
3803 1991
3805 1403
3806 6380
3807 625
3808 443
3810 246
3811 4325
3814 7029
3815 4209
3818 6080
3820 308
3821 6981
3823 4621
3824 6876
3826 7005
3828 117
3832 6309
3833 1975
3834 6562
3836 2128
3840 6990
3841 6775
3844 7068
3846 169
3847 2002
3848 494
3850 6305
3851 1791
3853 2008
3854 761
3855 2062
3858 7192
3859 1671
3861 2287
3862 5968
3864 103
3866 1236
3867 1712
3868 6698
3869 6985
3870 4699
3871 5636
3872 6384
3873 6221
3874 1114
3875 4019
3877 1109
3878 6531
3884 4771
3885 6662
3886 2579
3888 6789
3889 16
3891 993
3892 2427
3893 7166
3894 6685
3899 3617
3900 2526
3901 365
3903 4214
3905 3764
3907 6225
3909 508
3910 6369
3911 2306
3912 5622
3913 6367
3915 6227
3917 858
3918 1089
3919 2599
3921 7198
3924 1403
3925 6795
3927 1236
3928 5383
3929 5561
3931 2128
3933 5105
3935 6683
3937 7063
3938 7173
3939 3804
3941 6599
3943 2825
3944 4194
3945 3046
3946 2177
3947 337
3948 7008
3950 272
3951 1255
3952 109
3953 6827
3954 130
3957 246
3959 6766
3960 2713
3961 938
3962 6787
3964 6848
3966 3523
3968 2495
3970 6865
3971 871
3972 3804
3973 2473
3974 1277
3976 3407
3977 6171
3978 6944
3979 13
3980 7029
3982 1791
3983 4144
3984 6712
3985 1876
3986 343
3987 465
3988 1083
3989 7125
3990 1692
3991 5029
3992 142
3994 3882
3995 497
3996 6944
3997 1206
3998 6930
3999 4209
4000 6335
4002 6988
4003 1301
4005 6460
4006 6964
4007 6802
4008 48
4009 963
4010 4672
4011 4725
4012 1722
4013 1059
4014 367
4015 6838
4016 7076
4017 3114
4020 1794
4022 2434
4024 3690
4025 6729
4027 2403
4028 4248
4029 155
4035 2565
4036 3764
4040 6567
4042 351
4043 492
4045 5586
4046 164
4047 6408
4049 5360
4050 6365
4051 7159
4053 913
4054 1343
4055 880
4057 6999
4060 3831
4062 7076
4064 632
4069 3756
4070 6917
4071 3175
4073 1013
4074 1350
4075 5347
4076 418
4079 6786
4082 6551
4083 1877
4084 2777
4087 6768
4090 2291
4092 6629
4093 6867
4094 4353
4097 2348
4098 4100
4102 2128
4104 6252
4105 218
4106 3046
4108 6483
4109 609
4111 55
4114 3719
4116 5630
4117 6840
4118 6781
4119 5851
4120 6237
4123 242
4124 6909
4126 1117
4129 6682
4130 1124
4133 232
4135 6546
4137 7125
4138 6761
4142 233
4145 411
4146 123
4147 365
4149 6097
4150 850
4151 3764
4152 5178
4153 6815
4154 1069
4156 1856
4158 1042
4159 1952
4160 7168
4162 6293
4163 1381
4164 6454
4168 3129
4169 616
4170 3837
4172 48
4173 511
4174 871
4176 6632
4183 342
4185 1308
4187 1029
4189 5552
4191 3187
4195 6922
4196 5092
4197 632
4198 3484
4201 7027
4203 7028
4204 3749
4205 2068
4206 718
4207 6367
4210 5549
4213 691
4216 828
4217 2876
4218 7032
4220 1350
4222 3481
4223 6985
4226 1663
4227 6464
4228 2936
4229 403
4231 2753
4232 3354
4234 6786
4235 7178
4236 1772
4238 619
4239 5151
4241 913
4242 2365
4244 6117
4245 7214
4246 1726
4249 6821
4250 2356
4252 5160
4253 1889
4254 2568
4255 7036
4257 6985
4258 7228
4259 6586
4260 1839
4261 4446
4263 2741
4265 4957
4268 5465
4271 1709
4272 147
4273 336
4275 123
4276 867
4277 1158
4278 5314
4279 6630
4280 3916
4281 6466
4282 2695
4284 697
4285 6391
4286 3205
4287 2316
4290 588
4292 2306
4295 6936
4297 5620
4299 6404
4300 1300
4301 5091
4302 2443
4304 4772
4305 3825
4306 202
4307 228
4308 402
4309 1058
4310 4030
4311 2536
4312 1240
4313 7040
4314 4100
4315 4091
4318 6595
4319 492
4321 1202
4322 196
4323 1188
4324 1634
4326 7033
4328 1343
4331 7008
4333 6915
4334 547
4335 5356
4336 94
4337 6739
4338 6644
4339 7092
4340 6683
4342 3879
4344 863
4346 6604
4347 6165
4348 3682
4350 1140
4351 6565
4354 6715
4355 6314
4357 7114
4359 1089
4361 83
4362 699
4363 6173
4364 2001
4368 3231
4369 6946
4371 406
4372 6019
4373 951
4375 6350
4376 6562
4377 7205
4378 2846
4379 190
4382 6730
4383 6643
4384 7144
4385 3617
4386 6645
4387 1240
4388 494
4389 6435
4390 6842
4391 598
4394 7035
4396 2826
4397 359
4400 7215
4401 6842
4402 1922
4403 4018
4405 5103
4406 2528
4407 7132
4409 4230
4410 6688
4411 5624
4412 6917
4413 6475
4414 7226
4415 7087
4417 1892
4418 7152
4419 808
4420 5163
4421 7109
4423 3036
4424 6630
4425 1089
4427 1089
4429 7002
4432 1705
4433 212
4434 7049
4435 1236
4437 6484
4439 230
4440 2491
4443 1608
4444 344
4445 6692
4448 1991
4449 6586
4450 2367
4451 415
4452 3690
4455 6347
4456 6653
4457 3141
4458 6414
4459 204
4460 6764
4461 3863
4462 4
4464 6460
4466 1066
4467 6351
4468 6842
4470 5552
4471 6354
4473 6945
4474 532
4475 7113
4476 640
4477 584
4478 6522
4479 741
4481 116
4488 4139
4495 6650
4496 5888
4497 465
4498 6595
4499 1294
4500 51
4504 461
4507 705
4508 7192
4510 292
4511 485
4512 7221
4513 3180
4514 919
4515 406
4516 4194
4517 1588
4518 4635
4520 6517
4521 494
4522 6828
4525 964
4526 608
4529 1205
4530 6083
4531 6086
4532 6941
4535 6088
4536 5294
4537 5946
4538 4215
4539 6703
4540 6615
4541 6669
4543 1862
4544 429
4546 481
4548 4251
4549 1652
4551 6572
4552 1429
4553 306
4554 6545
4555 6767
4556 1233
4557 3114
4559 6341
4560 1294
4561 2761
4562 2781
4563 2837
4564 2232
4566 1933
4567 2168
4568 230
4572 1772
4573 4621
4575 6332
4576 1173
4577 1467
4578 1607
4580 3895
4581 1389
4582 6684
4583 2168
4585 168
4586 704
4588 6970
4591 6871
4593 429
4594 316
4595 5725
4596 1030
4597 6648
4598 3512
4602 3617
4605 6476
4606 340
4607 80
4608 6472
4610 1435
4611 7034
4612 6605
4613 6640
4614 142
4615 6417
4616 2020
4617 6668
4618 6919
4620 760
4622 6894
4623 5037
4624 1911
4626 6909
4627 1087
4628 5176
4629 6575
4631 4707
4632 3124
4633 640
4636 477
4637 2388
4638 3222
4639 6616
4640 4215
4641 125
4642 6604
4643 6574
4644 7207
4646 5565
4647 2321
4648 6723
4651 154
4652 2846
4654 45
4655 951
4657 7213
4658 3544
4659 6832
4660 7026
4661 1506
4662 6838
4663 646
4666 588
4667 6845
4668 2599
4671 6513
4673 829
4674 36
4675 6475
4678 5289
4680 7052
4681 1025
4682 7041
4683 5289
4684 5851
4686 4248
4687 2955
4688 59
4690 7071
4691 3804
4693 4091
4694 292
4697 4266
4698 6472
4700 6692
4701 5716
4702 499
4703 996
4704 1538
4705 3809
4706 6165
4708 6328
4709 2769
4714 6604
4715 6689
4716 6619
4718 3965
4719 2219
4720 977
4721 4672
4722 5291
4723 7156
4726 2527
4728 7021
4729 308
4732 974
4734 1220
4735 3200
4736 1655
4738 3081
4742 1788
4743 1973
4746 691
4747 4672
4748 58
4750 292
4755 6562
4756 92
4758 6642
4759 5103
4760 39
4762 6805
4764 6337
4765 458
4766 3215
4767 500
4769 6404
4770 319
4773 2554
4774 3132
4775 6629
4776 6556
4777 6782
4779 2068
4780 4786
4782 160
4783 6481
4784 5314
4785 6497
4787 1127
4788 477
4789 6367
4790 7155
4792 6969
4793 3162
4794 6724
4796 586
4797 2011
4798 5178
4799 110
4803 2579
4804 3611
4805 101
4806 1392
4807 155
4809 3467
4812 6771
4813 1738
4814 4699
4815 1334
4816 6550
4817 365
4819 3173
4820 6912
4821 80
4824 6353
4826 1752
4828 1499
4829 4739
4830 1738
4832 5636
4833 7119
4834 778
4835 6612
4836 5793
4838 695
4839 87
4840 741
4841 6847
4843 2209
4847 6407
4848 6600
4849 14
4850 4395
4851 6629
4852 6566
4853 5467
4855 3134
4856 3114
4857 6320
4858 6511
4859 3347
4860 7055
4862 6644
4863 5503
4864 6770
4865 2491
4866 228
4869 731
4870 6414
4871 54
4872 6835
4873 651
4874 1348
4877 4112
4878 277
4879 3528
4880 147
4881 14
4882 3359
4885 6716
4886 308
4887 6660
4889 2132
4891 6097
4892 95
4894 6919
4895 41
4897 1672
4898 6715
4900 1973
4901 1663
4904 46
4905 3809
4907 46
4908 4710
4911 5442
4912 7113
4913 2921
4914 56
4915 6767
4921 7122
4922 6859
4924 1471
4925 6839
4929 96
4931 2353
4932 591
4936 2925
4938 2111
4939 6408
4940 6586
4942 1299
4945 481
4947 741
4950 6935
4951 6661
4952 7093
4953 6999
4955 404
4956 402
4959 2120
4960 6710
4961 2089
4963 951
4964 3262
4966 861
4967 6386
4968 699
4970 5291
4972 7115
4977 1569
4978 6984
4979 6838
4980 1160
4981 1206
4982 866
4983 6832
4984 5905
4985 2353
4987 54
4991 114
4993 5928
4994 7039
4995 718
4996 353
4998 5788
4999 6459
5000 572
5002 5188
5003 742
5004 6723
5005 6815
5007 3347
5008 6870
5010 7216
5011 6384
5012 2355
5014 6053
5015 5151
5016 6587
5017 625
5018 5962
5019 1078
5021 6608
5023 2246
5025 1722
5026 6455
5028 7
5031 3752
5032 2837
5034 4534
5035 1729
5038 6859
5039 477
5043 4091
5044 1404
5045 1940
5046 752
5047 8
5049 58
5050 2921
5052 6408
5056 6156
5057 964
5059 2092
5061 6631
5062 17
5063 5614
5064 1202
5069 4446
5071 4178
5072 3694
5073 2068
5075 4974
5076 6355
5078 7148
5079 2198
5080 951
5081 1060
5094 2921
5100 1101
5102 5988
5104 533
5106 557
5107 4037
5108 1709
5109 6624
5110 5163
5111 7063
5112 67
5115 2821
5116 417
5117 7177
5118 5553
5119 1343
5122 3440
5123 6779
5126 6764
5129 7172
5130 5356
5131 98
5132 194
5133 7015
5134 2991
5135 1629
5136 6729
5139 4230
5140 4997
5142 735
5144 4692
5145 6485
5146 1104
5147 2534
5148 1550
5149 2206
5150 4603
5154 3426
5156 3141
5157 6747
5159 6724
5161 6747
5164 157
5166 402
5168 6686
5172 773
5173 1364
5174 2230
5177 6524
5181 1737
5182 7138
5183 321
5184 623
5186 6515
5191 985
5192 6567
5193 6765
5194 6949
5195 2304
5196 410
5198 378
5199 1364
5201 6435
5202 2115
5203 7056
5204 710
5205 1257
5207 741
5208 1043
5210 749
5211 6675
5212 1381
5214 1199
5216 6558
5217 475
5219 5393
5221 636
5222 4752
5225 742
5227 678
5228 5614
5229 6108
5230 123
5231 1301
5233 61
5235 443
5236 2131
5237 200
5238 1127
5239 853
5240 2321
5242 634
5243 6657
5244 2553
5245 2839
5246 6643
5247 2002
5249 5549
5250 1397
5251 2946
5252 146
5256 6648
5257 7228
5258 3748
5259 4946
5260 1792
5261 7005
5264 7148
5265 6650
5266 2376
5267 6715
5270 336
5271 6603
5272 2136
5274 6489
5275 1038
5276 4997
5277 1724
5278 6522
5279 1492
5280 5
5281 1221
5282 1624
5283 3690
5286 6737
5287 6620
5288 6485
5290 1647
5292 2388
5293 4266
5296 1030
5297 4677
5300 591
5301 3637
5304 2403
5308 6854
5309 2274
5310 1779
5312 4209
5315 6458
5317 557
5318 6781
5319 6511
5323 430
5324 6128
5327 3748
5328 2554
5330 6666
5331 6995
5332 6692
5333 6918
5335 7036
5336 6686
5337 46
5341 6843
5342 1469
5343 227
5345 4482
5346 4751
5348 6795
5350 705
5352 1671
5353 1621
5357 6605
5358 4100
5359 6775
5361 388
5362 178
5366 1791
5367 3825
5368 3241
5369 488
5370 6629
5371 3474
5372 7069
5374 3407
5375 6605
5376 6680
5379 268
5381 2528
5382 5209
5384 6866
5385 6624
5386 433
5388 7143
5389 6938
5392 2526
5394 5853
5395 535
5397 1913
5399 3175
5400 2491
5401 880
5402 3039
5403 1788
5404 734
5406 659
5408 6973
5409 3039
5410 1327
5414 4472
5416 2554
5417 2738
5418 1299
5419 2198
5420 1702
5421 329
5422 6874
5424 1149
5425 1352
5427 6919
5428 6546
5429 109
5431 1205
5432 4345
5433 6095
5435 461
5436 7138
5437 871
5438 2115
5440 3932
5441 7051
5443 2020
5445 4621
5447 6668
5449 7183
5452 1724
5453 7055
5454 1339
5456 6344
5457 6551
5458 559
5459 6666
5460 1089
5461 2116
5462 2002
5463 2578
5464 539
5466 737
5468 6010
5470 2925
5472 1686
5473 6686
5475 6326
5476 3748
5477 6481
5478 1586
5479 6668
5481 7055
5482 6086
5483 6706
5484 232
5487 1885
5489 6350
5490 3942
5496 2946
5497 4603
5499 2091
5500 6738
5504 6320
5505 433
5507 634
5508 506
5509 1835
5510 954
5512 853
5513 3779
5514 735
5515 3215
5516 5120
5517 645
5519 6734
5520 7107
5521 934
5523 1820
5525 2477
5527 1800
5529 155
5530 6412
5532 3472
5536 3410
5537 518
5539 1992
5540 3347
5541 1017
5543 6694
5544 6565
5547 829
5548 4293
5550 6747
5551 7198
5554 5163
5555 6389
5556 2240
5557 6417
5559 6858
5560 6534
5562 6842
5563 81
5564 5120
5566 6873
5568 912
5569 2348
5570 2196
5571 1221
5572 2518
5576 1378
5578 6524
5579 2055
5580 918
5582 2209
5583 538
5588 601
5590 4194
5591 1241
5593 6419
5594 4875
5595 2525
5596 2209
5597 7178
5599 7199
5600 895
5601 1920
5603 2450
5604 39
5605 552
5606 7106
5607 228
5608 2319
5610 3890
5611 1034
5613 81
5615 1590
5616 7023
5618 6178
5621 7033
5625 4634
5627 6607
5628 4148
5631 571
5633 1295
5634 1217
5641 3523
5642 7074
5643 3863
5644 3748
5645 1375
5646 3701
5649 5498
5650 3596
5651 6815
5652 524
5653 2755
5655 5
5656 1009
5657 6252
5658 1712
5659 390
5660 4599
5661 442
5662 6497
5664 6521
5665 5522
5666 6424
5667 1785
5668 3
5671 3849
5672 1804
5673 3528
5674 356
5675 898
5676 2219
5681 1382
5682 7052
5683 4868
5684 231
5685 1739
5686 5779
5687 217
5689 7169
5690 6892
5691 6774
5692 1101
5693 6495
5694 56
5695 495
5696 1065
5697 3633
5698 6156
5699 6383
5700 1025
5703 3596
5704 1371
5705 6759
5707 73
5709 1937
5711 1680
5712 2209
5713 762
5715 1334
5717 340
5718 5912
5720 577
5721 6477
5722 6629
5723 7059
5724 6445
5726 5160
5729 461
5733 6995
5734 2110
5735 884
5736 2558
5737 2339
5738 3458
5739 3857
5740 2713
5741 411
5742 2955
5743 6917
5744 7100
5746 4917
5747 6360
5749 6639
5750 5654
5752 4503
5753 3819
5757 3396
5759 2527
5760 4293
5761 4139
5762 1549
5763 6559
5765 6917
5766 6951
5769 7162
5770 7145
5771 6380
5772 1952
5773 456
5777 6507
5778 1373
5780 6343
5781 7095
5782 6941
5783 6681
5784 1911
5785 3241
5786 5614
5791 6859
5796 1549
5797 566
5798 450
5800 2971
5802 570
5804 6512
5805 6476
5806 725
5808 3344
5809 2369
5810 6876
5812 104
5813 6454
5814 6688
5815 1569
5816 1940
5817 3567
5818 5968
5819 1826
5822 839
5823 3694
5826 4634
5827 6649
5829 6718
5830 5215
5831 704
5832 6436
5834 4965
5837 2369
5838 98
5839 7040
5842 5020
5843 5273
5847 2558
5848 6973
5849 6455
5850 1386
5854 2261
5855 116
5856 6488
5857 7190
5863 6638
5864 154
5865 7159
5866 5728
5870 6820
5871 3895
5872 6775
5873 7069
5874 772
5875 4194
5878 1796
5879 7172
5880 1325
5881 2291
5882 1819
5883 6350
5884 2846
5885 2531
5886 2534
5887 6401
5889 6689
5891 4672
5892 3612
5895 114
5896 6973
5897 2450
5898 6511
5899 6862
5900 5549
5901 7205
5902 1130
5903 4482
5904 6879
5906 1334
5911 4288
5915 6476
5916 466
5918 611
5919 2955
5920 6384
5921 6100
5923 6491
5924 6634
5925 1001
5926 6813
5927 6688
5931 2989
5932 6636
5933 6588
5934 6831
5936 41
5937 6814
5938 2687
5939 214
5941 6403
5944 415
5945 2252
5948 6858
5950 461
5951 2454
5954 6731
5955 2429
5956 7010
5958 1788
5959 5534
5960 6642
5961 3942
5963 2552
5965 2116
5966 17
5967 6179
5969 4545
5972 388
5976 6962
5978 2294
5979 5912
5981 2220
5982 6376
5983 6789
5984 790
5985 3218
5987 1485
5989 1278
5990 3354
5991 87
5992 33
5993 244
5995 7142
5996 6574
5997 2272
6000 6350
6003 1929
6004 4112
6005 5534
6006 6309
6008 3752
6009 2840
6011 6320
6012 3880
6013 6010
6014 6654
6015 2429
6016 7087
6017 118
6018 894
6020 6360
6021 4676
6022 7180
6023 1820
6025 391
6026 2473
6027 1206
6030 1047
6032 6534
6033 415
6034 7071
6036 2837
6037 3124
6041 7088
6042 5702
6044 6328
6046 7166
6047 4827
6048 7006
6049 6956
6051 2553
6054 4545
6056 6352
6057 6354
6058 2478
6059 467
6060 5169
6061 367
6063 3544
6064 315
6065 2734
6068 511
6069 108
6070 402
6072 1557
6075 6325
6076 6893
6078 1182
6079 7092
6081 3148
6084 7197
6085 6774
6087 1549
6089 2111
6090 5037
6091 1796
6092 6002
6094 147
6096 6455
6098 5952
6101 861
6102 4523
6104 52
6105 2237
6106 517
6107 6932
6109 7203
6111 7072
6112 7004
6114 1906
6116 2268
6118 2349
6121 336
6122 1185
6123 6924
6124 880
6126 6407
6127 7156
6129 579
6130 6550
6131 4825
6132 3749
6133 7016
6134 5041
6135 6973
6136 3544
6138 7021
6139 4266
6140 1036
6141 571
6142 6962
6143 3930
6144 1671
6145 3965
6147 6209
6150 6934
6151 4056
6153 2864
6159 547
6160 6522
6162 5169
6163 1570
6164 1220
6168 7083
6174 631
6175 871
6176 134
6180 7072
6182 3461
6184 1255
6185 6982
6187 17
6191 6809
6192 2864
6193 842
6195 196
6200 6685
6201 6559
6203 6690
6204 3819
6206 7161
6210 7144
6212 6984
6214 7056
6215 3849
6217 6452
6218 131
6222 3180
6228 7030
6229 6356
6230 6363
6234 1479
6235 6453
6236 6991
6239 918
6241 3119
6242 62
6243 167
6245 169
6247 7071
6248 292
6249 5347
6250 3481
6251 6477
6253 4202
6258 6117
6260 6473
6262 6512
6264 5291
6265 1030
6266 778
6267 1934
6268 6834
6269 7167
6270 6700
6271 6672
6274 410
6275 6386
6277 7112
6279 2136
6280 3238
6281 2085
6283 277
6284 912
6285 6649
6288 6666
6290 3205
6291 5680
6292 1019
6298 858
6302 450
6303 7078
6304 1049
6306 1594
6307 2209
6308 2001
6310 6806
6311 6818
6313 1681
6316 6972
6317 142
6321 6362
6323 39
6345 2373
6544 6814
6664 1036
6671 6503
6704 6506
6705 2291
6743 6572
6748 967
6753 1197
6851 2781
6861 449
6953 540
6954 328
6965 6634
6979 4800
6983 6884
7019 4033
7048 7033
7091 4194
7186 4621
7218 6925
7230 7029
7231 1158
7232 1183
7234 1979
7235 7060
7239 6790
7240 7077
7244 819
7245 1828
7248 5442
7249 292
7250 104
7251 2821
7254 7056
7256 6352
7258 2959
7259 6480
7260 3328
7261 6465
7262 418
7264 389
7266 4018
7268 861
7269 365
7271 6470
7273 835
7276 6314
7277 660
7278 2111
7279 2011
7280 5188
7281 7118
7283 2002
7285 1197
7288 6103
7289 6581
7295 3734
7296 3825
7297 7076
7298 387
7300 1562
7302 2485
7304 7213
7305 575
7306 586
7308 1066
7310 2907
7311 659
7312 609
7314 1199
7315 1202
7316 1796
7317 231
7318 6795
7319 3481
7320 3467
7321 1488
7323 1665
7324 6668
7325 2528
7326 281
7327 1124
7328 4353
7329 2881
7330 1429
7331 2725
7332 790
7333 6381
7335 4868
7336 148
7337 461
7339 526
7341 4992
7342 640
7343 6792
7344 6817
7345 1607
7347 1031
7348 1343
7349 1278
7350 5262
7351 5450
7355 6558
7356 6554
7357 5176
7358 6792
7359 6956
7360 6549
7361 79
7362 7113
7363 7158
7365 5321
7367 50
7368 4772
7369 6019
7370 695
7371 4692
7372 2553
7373 3611
7375 6656
7377 645
7378 221
7379 1839
7381 7084
7382 321
7383 732
7384 4753
7387 62
7389 1101
7390 6452
7391 63
7392 3162
7393 979
7395 422
7396 2427
7397 389
7399 93
7400 2878
7403 6995
7404 6443
7405 6689
7407 461
7408 1183
7409 6549
7410 4941
7411 2192
7412 1148
7415 5758
7416 6424
7418 221
7420 2548
7421 340
7422 6170
7425 309
7426 1607
7427 3734
7429 4472
7430 6895
7431 6744
7432 3200
7433 1710
7434 1733
7436 6972
7437 4957
7439 7149
7441 6660
7442 6608
7443 6771
7445 4472
7447 5398
7448 4416
7450 2557
7451 2069
7452 7177
7453 1402
7454 2353
7456 2755
7457 1562
7458 1937
7460 4917
7461 879
7462 880
7464 6496
7465 2257
7466 559
7470 4248
7472 5178
7473 495
7474 181
7475 6771
7476 6190
7478 2008
7479 5393
7480 1254
7481 422
7483 6376
7486 1382
7487 366
7488 6209
7490 7195
7491 7189
7492 5415
7494 2578
7498 1402
7500 6609
7501 920
7502 7126
7503 5803
7504 4343
7505 3404
7506 6668
7507 2181
7508 6539
7509 476
7510 143
7511 2003
7512 6362
7517 1877
7518 6915
7519 954
7520 697
7522 2168
7524 6456
7525 6499
7526 310
7527 6881
7528 6759
7530 440
7531 218
7533 3769
7534 2797
7535 6932
7536 6383
7537 6097
7538 6881
7539 6441
7540 4033
7541 4974
7544 1792
7545 5167
7546 7017
7547 1720
7548 6850
7549 1562
7550 2769
7556 3322
7557 1663
7558 6608
7559 4436
7560 5534
7561 3467
7563 4801
7564 6879
7567 6482
7568 125
7570 1652
7571 4194
7573 4672
7574 7099
7575 2089
7576 2637
7577 1305
7578 333
7579 2536
7581 6846
7583 6391
7584 272
7585 164
7586 7069
7587 4707
7588 7111
7590 2495
7591 1024
7592 1254
7593 6561
7598 6600
7599 84
7600 1058
7602 6807
7603 200
7604 7056
7605 1074
7606 195
7607 171
7608 2578
7609 6368
7610 6848
7611 2548
7612 5636
7613 6363
7615 308
7616 239
7618 108
7619 6327
7620 6777
7621 2120
7622 6636
7623 6910
7624 1813
7625 6835
7626 3119
7627 447
7628 2488
7631 7142
7633 5163
7634 130
7635 6714
7636 3863
7637 117
7638 6789
7640 2110
7641 1598
7642 1181
7643 7137
7644 3466
7645 1828
7647 1485
7649 6744
7650 1019
7652 7115
7653 6189
7654 421
7656 1101
7657 6821
7658 1154
7659 500
7660 6964
7661 2132
7662 6905
7663 6485
7664 6156
7665 5648
7666 1308
7667 7052
7668 312
7669 7012
7670 7026
7671 1343
7672 1724
7675 7050
7676 6583
7677 863
7678 56
7680 4844
7681 6476
7682 119
7686 562
7688 7197
7689 6847
7690 2321
7692 2840
7693 3046
7694 3528
7695 230
7696 6384
7698 6252
7700 4018
7701 175
7702 658
7704 6460
7705 6261
7707 6566
7709 5465
7710 6556
7712 7134
7713 7076
7714 7059
7715 5795
7716 735
7717 1301
7718 2121
7721 6727
7722 4604
7723 6552
7724 1005
7725 2702
7727 6689
7728 1066
7729 5935
7730 1217
7731 1666
7732 6936
7736 1076
7737 1350
7738 658
7740 2220
7741 1236
7742 2864
7743 437
7744 6432
7746 2376
7747 3344
7750 660
7752 5905
7753 6708
7756 6730
7757 482
7759 3981
7761 6734
7764 1613
7766 2136
7767 238
7768 3324
7769 3134
7771 3262
7772 6703
7773 6496
7774 2846
7776 921
7778 1014
7780 6666
7782 3148
7783 482
7784 232
7786 6186
7788 2564
7789 267
7790 6615
7792 6834
7793 627
7795 329
7796 7178
7798 6453
7799 7132
7800 6364
7806 921
7808 6455
7810 7033
7811 2092
7813 4426
7814 4293
7815 3461
7816 5029
7817 870
7818 3175
7819 6839
7821 4800
7822 476
7823 48
7824 741
7825 7060
7826 6703
7827 601
7828 993
7829 6629
7830 340
7832 3244
7835 7140
7837 5836
7841 404
7842 6793
7843 752
7845 7110
7846 1402
7848 6724
7849 493
7850 5486
7851 389
7852 6935
7853 277
7854 6233
7855 5612
7856 6691
7859 3890
7861 13
7862 5503
7863 741
7864 6491
7867 1052
7868 725
7869 1980
7870 6083
7872 1448
7873 6592
7874 7044
7876 2595
7878 52
7879 3664
7880 6907
7881 6836
7882 6190
7884 5442
7886 6613
7887 6460
7888 3769
7891 742
7892 6421
7894 1060
7895 5758
7897 7036
7898 2394
7899 274
7901 1813
7903 333
7905 7174
7908 2825
7909 1686
7910 6430
7911 6950
7913 6805
7914 1247
7915 6492
7916 1876
7917 6379
7918 2151
7919 366
7920 6936
7921 7174
7922 306
7923 5833
7924 7077
7925 3124
7926 6922
7927 6628
7929 1316
7930 6448
7931 1733
7932 6443
7933 1067
7934 3349
7935 925
7937 3882
7939 6560
7941 4503
7942 3685
7943 6007
7944 4801
7946 6007
7947 919
7950 6359
7953 3748
7954 1991
7955 40
7956 2946
7957 6947
7958 4230
7959 2115
7961 484
7962 7027
7963 5415
7966 512
7967 2518
7969 6675
7970 5354
7971 1702
7973 7146
7975 1317
7976 6566
7977 1907
7978 7203
7979 7189
7980 142
7983 6495
7984 1060
7986 5779
7989 802
7990 6946
7991 6785
7993 7049
7994 6362
7995 367
7996 3831
7998 7118
7999 86
8000 1870
8001 6991
8002 826
8003 4030
8004 644
8005 414
8006 238
8007 485
8008 1068
8011 3681
8012 62
8013 3325
8014 5795
8016 6276
8018 1386
8020 5552
8022 6846
8023 2316
8024 7172
8025 1862
8026 2579
8027 2128
8028 6379
8029 6832
8030 1271
8032 6665
8034 6812
8035 7222
8036 2321
8038 717
8039 7195
8040 404
8041 246
8042 6700
8044 1876
8045 2930
8047 101
8048 985
8049 5138
8050 6853
8051 1364
8052 7050
8053 6583
8055 2450
8057 2399
8058 2734
8059 3849
8061 2615
8062 231
8063 1443
8064 5467
8065 6614
8066 4917
8067 6876
8068 5355
8069 7221
8070 2367
8071 977
8074 1940
8075 2481
8076 3011
8077 1435
8079 3396
8080 6436
8081 511
8082 6916
8083 7197
8084 7027
8085 6874
8086 353
8087 1206
8090 6435
8092 144
8094 1130
8096 6454
8097 4215
8099 1029
8101 948
8102 3134
8103 1792
8104 601
8105 6435
8109 198
8111 7114
8112 2515
8116 1364
8118 4214
8119 6874
8120 1877
8122 2878
8123 5962
8127 3124
8128 7004
8130 5396
8132 6839
8133 7050
8135 6453
8136 7201
8137 7125
8140 7206
8142 3523
8143 3049
8144 1029
8145 4325
8146 6783
8147 591
8148 1884
8149 6579
8150 7030
8152 1752
8153 2476
8154 1441
8155 1557
8156 5498
8157 5163
8159 6233
8160 195
8163 342
8164 6981
8166 6906
8167 4763
8168 683
8170 1567
8171 1220
8172 7212
8173 2128
8174 7081
8175 6761
8177 511
8178 45
8179 6719
8182 1087
8184 6546
8186 6832
8187 6588
8188 6905
8189 7131
8190 313
8191 4490
