8057 277
5669 507
7127 656
5318 194
6100 668
1772 486
1692 5
145 385
118 100
3762 798
484 997
2268 663
7923 58
2836 982
1202 337
5853 864
5968 931
2375 344
233 977
284 220
1311 277
5791 919
1139 946
1478 546
205 462
8105 320
1258 477
817 853
8105 192
6326 944
342 110
5355 254
7633 507
118 100
4266 844
879 607
1629 824
2846 761
6768 964
7416 113
5977 863
2797 318
2444 684
7652 622
806 801
442 987
4116 338
346 231
2000 623
7567 410
7899 987
2626 177
3100 507
328 230
142 941
3749 795
1392 906
46 43
6330 939
1268 809
938 824
2196 585
782 418
2846 761
5669 507
443 418
6736 962
1613 729
1005 434
815 145
3880 535
1963 310
6338 939
6862 969
1652 389
118 100
118 100
1922 833
3061 455
220 164
1547 174
2836 982
5467 891
1373 134
484 997
695 997
653 33
7919 970
1271 420
7876 654
656 326
2092 281
6862 969
5294 881
1296 834
6654 592
7711 659
6316 917
6862 969
119 441
954 566
308 228
232 171
496 164
1948 21
623 590
2345 674
3442 468
1822 273
539 997
344 233
6016 155
3029 777
205 462
1087 993
6545 953
117 99
3762 798
7479 920
7842 777
1624 575
1101 531
887 16
18 17
2518 207
4144 807
278 394
7723 120
412 266
1066 970
8006 273
879 607
5321 682
335 249
36 184
1179 154
5124 868
7019 205
379 727
828 926
5063 456
934 349
1181 484
3046 443
36 184
509 298
6173 939
596 66
411 513
6565 385
1402 24
963 452
5791 919
190 68
4234 120
1402 24
250 767
7837 239
1787 599
107 906
4648 915
4096 507
2404 329
5103 866
3410 349
6293 942
449 14
2408 863
5415 379
2268 663
6736 962
1076 761
1963 310
7823 470
1024 491
1087 998
1392 821
6330 939
963 486
3916 597
823 281
1884 691
5320 272
1279 398
5216 375
7175 979
1381 531
5912 628
284 220
490 249
6862 969
114 97
353 165
1478 546
1334 524
6338 939
7522 986
5791 919
3404 735
7591 729
346 388
205 900
3762 798
1089 482
1139 946
3449 610
2434 17
2003 632
272 207
335 235
1296 865
3173 40
7750 338
7362 984
346 971
1692 5
6367 947
2565 357
3351 590
46 43
1975 514
1220 827
250 430
344 233
3491 474
1296 834
539 853
4107 820
5526 737
600 989
7576 990
1984 611
1206 507
7034 835
6646 120
1296 999
623 590
285 210
967 111
366 245
5791 919
5320 272
879 607
1220 184
277 857
5968 931
130 364
371 407
653 33
7787 981
563 710
1095 978
7576 990
1813 507
1087 998
400 590
388 301
7488 801
863 420
346 971
3762 798
2361 952
623 155
205 462
1308 110
6278 282
802 803
6326 944
5946 927
66 945
285 210
1787 599
1296 834
6546 33
1600 38
1504 539
3015 459
233 504
8203 33
1862 975
1296 834
384 600
6862 969
494 758
317 438
476 385
1920 347
270 205
145 385
1101 531
402 283
124 105
197 148
850 415
1101 531
2003 632
335 249
5038 857
1134 434
328 96
1296 999
6748 777
7175 979
17 971
1066 970
2557 697
1179 475
109 857
7715 534
1726 33
7522 986
879 607
7848 33
3762 798
2268 663
1588 0
1929 449
5665 292
346 971
306 201
2361 952
1411 124
327 224
22 258
1005 434
346 971
4479 20
308 228
1086 481
7903 120
6862 969
286 863
400 590
3275 600
4921 417
3252 755
339 520
4148 822
2111 554
66 945
6096 938
7656 992
2528 692
1392 243
826 418
1066 970
179 767
718 302
2003 632
5467 891
1613 729
7538 277
5291 880
6761 963
3180 716
5320 272
2846 761
552 277
3436 774
2846 761
5320 272
2268 663
3318 348
221 507
318 857
494 294
119 660
7503 507
346 971
6790 634
5299 882
17 574
337 233
366 245
7159 292
1183 571
586 329
7567 675
671 708
467 194
1591 343
2321 951
2788 295
1478 546
1652 389
8225 710
898 994
315 924
3302 412
7453 626
6671 70
7736 853
1863 529
1179 475
7453 626
600 989
344 233
2268 663
7929 319
5294 881
7271 801
2557 697
485 290
494 758
2003 632
6248 184
640 879
3965 654
7962 626
1074 685
7817 997
5977 863
84 34
221 507
4607 710
366 245
1023 363
249 50
494 425
8081 879
371 322
73 826
671 708
3491 474
6752 870
7214 981
221 507
411 513
1052 473
5654 898
1401 507
1529 551
86 61
512 980
1975 514
7737 58
2552 939
205 462
1568 565
4464 489
870 762
684 111
400 590
484 975
6701 961
6945 355
1096 485
1806 513
3800 459
1684 42
3396 262
3173 40
7396 425
3252 755
6736 962
5905 923
476 737
5908 945
7479 920
1772 486
7538 987
7175 979
3173 40
7395 939
7947 794
1478 546
36 184
3395 281
1183 571
422 104
559 264
7947 794
196 14
449 587
2863 457
578 566
1787 599
1341 236
6261 279
1087 993
292 140
736 378
3880 535
7576 990
5320 910
1104 385
1296 834
7429 134
615 985
3565 713
47 515
5415 379
417 637
7560 537
88 76
318 857
4752 385
1940 70
1294 470
1369 507
1916 748
1975 514
2134 120
142 941
400 848
1087 998
319 145
350 120
3080 642
3880 535
442 987
5415 379
7522 986
124 105
1244 814
3072 723
400 340
653 33
422 995
3916 597
600 989
3278 120
6436 42
671 708
870 563
6646 120
256 194
4240 507
641 353
7664 410
68 390
6584 939
2361 952
8216 344
4583 322
346 971
1296 999
1074 829
1066 970
6359 939
1296 834
3974 539
3348 532
1478 546
7416 113
1250 504
2321 951
8144 122
2000 623
5525 299
13 432
1549 390
391 97
353 240
7967 385
614 277
1244 814
1089 991
608 29
570 184
346 284
2365 277
1096 485
870 563
4240 507
13 432
270 205
7381 645
5 5
6862 969
8 7
898 994
205 462
40 850
487 857
5905 923
1205 48
2225 658
46 43
422 995
68 996
6752 870
601 574
220 164
221 507
1906 87
7942 794
2748 650
2003 632
1506 77
3712 590
1557 563
509 298
7576 990
931 48
1568 565
1052 473
7214 981
3491 474
117 99
3458 692
3779 322
5894 635
7466 537
344 233
512 980
1179 475
559 264
559 483
415 270
400 590
374 131
346 277
3351 687
608 708
671 708
2517 240
224 166
5098 186
214 159
1244 914
5791 919
2444 247
1364 884
1074 829
7059 281
3360 941
6748 777
1762 184
255 341
340 118
2525 447
7567 156
56 587
2003 632
205 462
895 265
509 298
2825 457
2240 513
1042 943
7959 507
366 245
1066 970
2252 184
422 104
6852 409
1296 999
6790 634
224 166
3259 87
3029 777
2345 674
346 971
239 281
5320 272
1089 991
1903 155
8161 857
6623 761
2169 100
8049 16
134 113
1023 363
775 302
1568 565
829 382
498 911
1870 617
7853 277
7757 273
1802 23
7439 277
781 390
476 249
4201 401
1558 404
6411 978
2219 299
7522 986
271 857
951 412
233 404
285 399
1647 983
7576 990
3534 996
7453 626
7826 23
1885 906
1665 586
205 900
365 735
17 200
233 224
6293 942
285 209
2534 206
1296 999
1119 489
3880 535
7576 990
1478 546
6073 937
4033 299
171 68
5791 919
7842 777
7914 507
5669 507
6565 385
1973 857
4590 380
512 980
1647 983
1334 524
2049 429
346 971
346 971
36 184
1972 601
6866 958
3484 758
1066 191
1134 988
615 985
4148 822
6073 937
461 793
277 857
5396 120
142 941
1802 23
94 863
948 446
1074 829
3491 474
4225 975
4107 820
6747 323
1311 284
1884 691
332 92
400 340
400 590
557 639
6113 363
7426 134
2375 344
591 590
1023 835
7156 725
5619 949
3880 535
1692 5
5527 894
2846 761
7416 456
5467 891
36 438
1042 943
6100 668
335 614
1139 281
225 167
7389 417
5905 923
6747 323
2289 667
8095 338
3079 388
5869 531
205 462
7266 97
6739 942
56 52
4390 941
678 471
2697 675
7457 507
2196 585
611 924
8188 646
4725 489
2825 457
5998 412
4325 924
346 971
1635 476
782 418
417 254
291 77
2000 623
1607 822
3880 535
123 104
3690 242
1244 814
1139 281
3919 340
3879 411
8070 35
2079 37
1263 309
17 449
1182 945
179 767
319 184
1647 983
6748 777
76 726
1828 211
7576 990
1139 281
346 242
344 233
1552 996
499 922
4710 429
7404 853
5320 272
2000 213
7479 920
233 822
476 249
1916 748
335 622
938 213
6002 934
3312 660
1478 546
879 607
443 127
1802 23
6545 953
8186 654
127 107
983 41
1287 388
2517 240
346 971
7656 992
442 277
1478 546
494 666
221 922
506 305
5619 949
7696 277
1096 485
7427 585
270 205
1652 389
2545 250
8171 219
671 708
224 166
2885 941
1552 589
1089 991
286 863
1695 591
7283 900
17 134
214 159
36 184
13 432
615 985
6093 514
3762 798
1311 277
7692 850
7486 933
2268 663
6002 934
161 622
3422 299
422 995
7761 507
5467 891
6179 818
218 209
1287 388
4085 475
615 985
535 491
6316 917
765 174
476 68
615 985
6179 818
2196 585
6330 939
4852 457
1244 814
6093 514
346 388
7362 984
5552 564
1802 23
884 429
7756 120
646 319
109 857
5766 424
7703 460
7115 240
623 290
5791 919
1973 801
608 491
2777 226
400 262
1296 999
5962 930
96 83
559 483
1066 277
1682 319
231 277
5946 927
3708 972
512 300
2196 124
205 900
2246 264
7102 559
7977 744
4434 0
1101 531
7295 978
467 194
981 184
653 33
3708 972
584 184
5320 272
509 298
1089 991
5320 272
256 194
6861 385
3708 972
6761 963
63 467
3720 326
1760 391
124 105
7214 981
7656 992
1865 748
178 135
1435 85
7576 990
1096 485
221 507
1101 531
6082 924
7330 299
6472 0
311 513
1042 943
346 971
2361 952
8120 513
6491 311
1607 822
17 997
1386 532
5320 272
1478 546
1702 8
2174 47
2321 951
346 134
76 100
3880 535
1182 477
1521 675
7486 933
3173 40
400 262
1613 729
274 138
951 412
1835 777
1240 202
1074 829
2615 445
7581 121
823 718
311 513
916 318
4390 460
537 91
56 52
7942 794
8101 184
828 659
8116 996
7494 170
1130 305
1863 529
1296 999
285 209
4096 656
1182 946
1557 563
76 100
2390 710
781 390
641 353
25 939
178 135
2552 939
3275 600
7214 981
777 626
26 360
7215 941
117 99
256 194
7474 23
1296 999
863 420
2268 663
179 767
3108 939
116 277
1334 524
1791 101
8039 842
6808 491
4240 507
2930 29
502 249
609 461
559 264
2365 793
3275 600
3036 729
1820 574
2168 567
7655 391
220 164
2304 281
482 939
684 824
1619 72
2876 970
2321 951
1221 897
2304 337
609 148
68 85
476 614
285 396
117 99
366 245
1140 758
3880 535
8219 710
1179 475
221 507
737 198
4835 710
233 318
3646 690
134 113
2144 184
3871 91
3396 262
239 781
615 985
898 994
2671 758
866 398
1717 594
224 166
506 277
1101 531
7768 832
1279 398
1025 450
5467 891
2531 693
415 268
2515 939
68 761
646 941
7175 979
671 708
340 118
3762 798
7522 986
3916 597
440 278
205 977
4225 975
5654 898
7656 992
1392 243
5467 891
7424 284
7522 986
2194 477
250 767
675 184
4215 328
6411 978
39 213
1885 906
89 150
764 65
306 201
5294 881
498 911
8149 701
8130 857
1087 993
1555 562
68 579
6345 97
6276 227
1802 23
7479 920
921 429
3762 798
2514 177
5552 748
7954 438
1692 5
602 491
2936 967
1663 492
3252 755
417 254
76 100
1087 993
7214 981
1568 565
2252 184
493 184
2693 460
3762 798
36 184
8081 879
5669 507
1096 485
938 405
1258 729
94 863
2209 401
615 985
1066 970
379 727
4992 978
6862 969
1013 139
2923 986
506 277
828 941
7522 986
119 853
639 946
736 378
3466 687
7464 80
6338 939
2196 758
802 803
3903 599
5294 860
1624 575
7522 986
6449 23
7479 920
6790 634
285 209
1321 884
8006 273
2514 177
6100 668
7633 507
5320 272
5876 445
144 177
7362 984
1680 507
5262 875
5968 931
2365 735
1478 546
1074 829
7576 990
3275 600
600 989
1885 906
1066 970
43 41
671 708
1066 277
1692 5
6418 939
36 438
442 277
3916 597
2535 273
4481 321
4240 507
1276 479
417 254
2000 623
1258 281
7479 920
7942 794
6179 818
5439 766
2788 295
107 906
653 33
3762 798
3708 972
118 100
1137 844
600 989
5467 891
437 844
6085 98
3880 535
5791 919
366 245
1802 23
7576 990
981 184
451 574
1959 507
1101 531
2985 410
7175 979
221 507
2214 118
6852 409
3762 798
1066 450
2345 674
5 5
328 698
3474 585
7656 992
116 277
7886 608
2468 677
1049 726
600 989
752 287
73 92
2268 663
6862 969
327 349
411 513
6411 941
7963 587
7458 140
318 988
3762 798
559 324
1392 243
485 290
177 134
3390 702
8035 325
482 331
509 979
1074 829
1717 594
8208 299
233 749
1042 943
1916 748
400 262
3483 835
3275 600
318 853
1478 546
3762 798
4 885
2306 526
2306 526
7362 984
3161 713
196 363
256 194
7522 986
5179 973
7664 766
461 355
344 233
346 242
7632 988
1119 489
765 174
2268 663
1818 589
7452 507
4107 820
8149 701
6100 668
1607 140
467 194
1187 507
640 879
1474 249
1276 857
3080 642
3762 798
6862 969
146 391
8109 417
1777 758
4401 14
1692 5
4148 822
828 941
1049 281
5215 312
1244 814
3708 972
5294 881
46 43
4154 823
2268 663
1250 504
828 659
1074 829
1975 514
6350 292
1296 834
221 507
400 538
3252 903
2319 671
2369 673
7453 626
1296 999
7458 702
959 26
335 385
2436 184
4 498
2528 692
6862 969
3396 262
2132 319
3360 507
7406 322
524 264
4965 626
4225 975
442 277
1916 748
5552 710
8 243
6417 850
1448 771
2361 952
179 767
1005 434
615 985
2525 447
221 507
1359 272
5320 272
335 622
1877 509
119 441
1277 379
2878 120
1787 599
2908 939
1557 563
7479 920
1296 834
4483 948
524 264
879 607
762 125
3483 835
6669 364
6652 939
16 98
119 184
5791 919
3 3
7368 756
414 267
5791 919
671 708
224 166
1671 553
1448 771
476 289
1220 184
8162 401
4707 87
335 614
1903 155
7102 559
3178 134
5467 891
5869 531
6338 939
1001 483
36 184
270 205
411 513
6862 969
5467 891
737 198
7606 665
4 498
3079 314
658 184
623 444
7175 979
335 235
1119 988
1600 38
774 111
2517 240
871 377
346 971
417 285
5206 928
4 498
4225 975
1802 23
308 228
400 590
2836 982
4447 169
1205 48
476 249
1089 991
8 589
5320 272
220 408
606 363
5320 272
1916 748
1557 563
487 857
164 920
7310 807
1726 623
461 735
1571 302
2073 184
7175 979
623 156
2000 213
422 995
2742 173
400 262
6701 961
47 515
1296 834
4085 472
512 980
5467 891
221 507
1066 450
7897 496
364 441
39 111
3720 326
759 514
3472 34
142 941
1376 275
6862 969
2788 295
178 135
342 237
5905 923
512 300
7278 758
7271 801
3383 770
327 224
6714 846
385 204
6513 418
403 263
5522 702
4946 682
1802 23
1448 771
6376 513
1182 945
600 989
1296 834
319 184
2825 457
802 803
365 735
382 253
4 503
6862 969
1101 531
7536 364
22 864
2092 946
7175 979
3449 610
1349 401
7953 399
5092 31
7159 292
142 941
256 194
429 184
1187 507
7175 979
8148 181
532 405
774 111
2000 623
7769 120
7306 20
1478 546
2541 184
17 459
94 863
1624 575
1263 309
205 977
6002 934
7576 990
415 268
1973 857
1189 796
823 281
671 708
7479 920
1082 796
2289 667
335 249
623 155
2 2
422 995
865 351
1202 471
193 146
366 245
400 262
1179 475
205 462
4 843
7868 824
879 607
1244 814
346 971
379 727
429 184
1724 154
1250 504
411 513
3762 798
272 207
7295 668
819 119
5320 272
221 656
2515 939
2434 17
2194 801
2131 321
7645 449
6330 939
1233 400
205 900
2092 281
3669 277
4441 853
1013 648
46 43
1940 70
959 26
3275 600
7656 992
6747 323
7936 758
1087 993
1296 999
429 184
898 994
365 735
959 26
244 106
2394 660
2134 906
346 971
1863 529
6396 997
400 590
951 412
7522 986
1220 184
2788 295
2468 857
7576 990
36 184
3880 535
1074 829
3762 798
5552 710
145 68
3613 872
6002 934
1772 486
5968 931
422 104
1296 999
7083 976
615 985
1916 748
671 708
2353 41
3794 351
319 91
8130 857
1296 999
7490 496
6862 969
1334 524
94 863
871 377
1206 507
6701 961
502 249
4683 848
134 113
6862 969
145 68
7083 976
1404 184
7399 409
1024 491
7581 121
16 98
559 264
7298 16
7995 801
2846 761
524 264
337 233
233 865
1791 101
7654 277
5894 635
230 169
144 117
1087 993
3173 40
346 425
5321 682
442 277
5318 194
1613 729
782 418
623 155
422 995
7504 626
1042 943
2960 453
366 245
1250 504
6722 464
366 245
1647 983
671 708
7456 758
66 945
346 971
2268 663
1789 761
5467 891
8020 996
214 159
7880 242
379 727
68 917
7420 191
134 113
3029 777
1206 507
5299 882
2959 949
5248 878
1202 477
3275 600
366 245
1789 761
1885 906
3180 716
1692 5
5412 888
7365 184
559 281
7175 979
4841 701
1087 993
1296 999
627 309
8119 329
366 245
3275 600
221 507
6747 323
2321 951
224 166
3930 371
6953 988
5299 882
6862 969
5869 531
1933 339
3061 455
5299 882
3574 857
1568 565
1331 729
93 80
1388 530
204 151
3884 365
346 971
863 420
142 941
1074 829
959 26
346 971
948 446
285 209
7428 896
5291 880
335 249
1276 479
2899 590
7485 425
7418 850
1060 439
3474 585
4946 682
146 579
5658 626
3252 755
1206 507
1665 586
2846 761
2306 670
1997 630
335 385
7522 986
366 245
2788 295
7540 939
623 590
938 824
5711 701
4027 131
1305 996
319 567
1001 85
2697 626
6862 969
5415 379
4844 932
963 452
467 194
477 249
56 52
1074 829
4946 682
6147 221
160 89
1666 140
5791 919
5467 891
335 614
487 857
5391 865
1647 833
415 269
5363 852
267 470
136 408
1920 153
387 19
509 298
6179 818
6545 953
417 285
2836 982
2697 675
3762 798
6330 939
646 319
7083 976
4107 820
1971 650
959 26
1263 309
94 863
828 659
4609 835
7994 710
2591 55
3275 600
1181 484
2306 526
3173 40
2365 793
5 5
3708 972
119 102
1183 571
2136 781
6752 870
5320 910
7175 979
2000 623
3252 755
1343 364
371 322
340 118
7270 244
1661 23
3029 777
781 390
3029 777
7664 410
66 946
157 64
6173 939
66 946
7115 240
871 377
1096 485
1284 516
339 345
829 120
6069 358
124 105
2216 187
2846 761
2240 639
1600 38
951 412
6002 934
400 538
221 859
6545 953
218 210
1007 310
5467 891
6094 771
4390 134
6173 939
3740 80
1206 507
615 985
5467 891
6677 801
6411 978
224 166
5654 898
524 264
1087 998
2 2
4483 948
6862 969
6562 279
2825 457
1183 337
1130 305
935 996
1160 46
1607 140
4085 796
1478 546
1820 574
58 53
142 941
512 980
1066 277
1921 579
400 848
311 513
775 302
894 434
8160 665
7576 990
482 939
5654 898
346 971
142 941
7048 933
1066 970
3467 282
6016 155
7950 278
366 245
2289 667
3275 600
828 659
5083 853
6316 917
2836 982
578 566
8081 879
623 665
2836 982
6623 761
1124 836
221 922
6367 947
6113 507
429 184
867 857
7214 981
3080 642
5455 262
5577 901
400 590
7390 170
1101 531
422 995
488 14
5619 949
557 639
4446 864
1244 914
6323 996
400 262
782 163
1558 404
6852 409
78 101
7947 794
3404 735
2480 530
1647 983
5294 881
1244 814
61 277
2846 761
1109 363
5791 919
1478 546
221 922
1087 998
1404 997
493 184
6338 939
2426 988
609 148
3491 889
2144 184
346 971
224 166
7214 981
145 385
7186 726
5791 919
3046 160
422 995
1311 970
3880 535
285 399
1933 118
1296 834
270 205
2797 544
335 385
178 135
449 587
5320 272
485 290
1311 987
164 920
5083 853
6820 967
4148 822
2517 240
3275 600
7362 984
934 673
346 971
2525 447
7102 559
7486 933
1647 983
327 224
1665 586
53 215
224 166
646 978
1400 534
1760 579
3708 972
2517 240
1090 284
981 184
5654 898
6293 942
224 166
39 111
285 209
1023 363
1334 524
1296 834
400 590
2408 863
205 462
333 450
5968 931
2136 650
161 622
683 37
66 946
3404 735
1448 771
5092 31
306 201
8161 857
415 269
1820 91
575 235
7759 853
7760 729
867 857
1600 38
559 264
344 233
3880 535
164 556
7600 574
7362 984
221 507
5 5
1296 999
7362 984
7962 626
164 920
5669 507
278 209
1973 857
2134 404
2846 761
951 301
948 446
319 853
178 135
7679 384
5894 635
134 113
2671 758
512 980
1712 277
6293 942
826 906
2361 952
1591 338
5527 894
4633 507
306 201
5577 901
17 91
1647 983
346 388
512 980
1680 507
3708 972
2306 670
7232 978
366 245
343 221
415 269
449 587
1665 586
1005 434
142 941
270 205
1086 481
76 100
2836 982
1038 996
7440 120
1296 834
3173 40
7718 767
834 401
1089 991
7522 986
5791 919
2196 68
1448 771
6545 953
1258 477
1087 993
1005 434
6701 961
5894 635
671 708
959 308
4107 820
145 385
3491 474
782 418
1863 529
5894 635
1279 398
150 205
1101 531
311 513
400 590
346 388
1820 574
379 727
178 135
559 264
5946 927
5836 941
1692 5
6381 456
1787 599
1089 991
2978 601
3404 735
15 14
50 940
1680 225
277 857
1652 389
653 33
759 384
1787 599
3720 326
285 626
2671 758
7181 456
600 989
400 262
6173 939
205 900
736 378
1828 211
4946 682
600 989
7994 710
2092 650
7271 801
7433 283
1244 814
2622 472
1284 516
144 177
8163 853
601 574
6440 184
7181 456
684 111
1101 531
959 26
6770 432
1321 884
1568 565
5092 31
1984 611
221 507
346 987
6605 55
5894 635
2528 692
437 551
94 863
6411 941
2610 459
2790 496
6862 969
7806 997
16 22
7887 654
781 390
430 247
1296 999
6338 939
66 945
291 84
1652 389
417 285
7562 987
7938 970
5669 507
579 50
2134 906
3762 798
3116 654
2136 650
1244 914
179 767
142 978
879 607
7873 818
1305 996
7308 857
1263 309
1789 761
5124 868
6179 818
1250 504
5467 891
4946 682
1787 599
224 166
4144 807
285 209
1244 814
3404 735
400 262
429 184
346 971
736 378
1870 617
559 264
1296 834
1478 546
7295 33
346 971
415 270
4085 870
5063 14
3270 759
342 110
6191 8
3275 600
318 660
7536 33
2225 658
16 98
1906 87
5802 507
835 229
7673 277
7488 438
6565 385
6862 969
1244 914
3318 348
834 401
2841 596
3466 687
3404 735
7323 124
1568 565
6545 953
759 514
366 245
4107 820
5268 491
134 113
2454 467
3383 770
76 100
1680 225
442 987
379 727
5654 898
1271 420
636 290
1181 484
5552 710
1202 408
3148 120
1205 48
430 684
7620 906
68 531
1991 761
3275 600
7664 766
834 401
671 708
2734 706
1343 507
6002 934
5791 919
2746 830
40 122
3252 903
781 390
2879 574
1182 946
3461 404
485 290
752 287
7175 979
717 980
214 159
5791 919
7486 933
7214 981
1997 630
5669 507
3029 777
2367 174
5467 891
8093 970
898 994
68 872
559 264
6979 380
517 763
557 334
5977 863
5894 635
6747 323
8061 262
736 378
4428 818
117 99
7358 850
7806 997
615 985
7842 777
1244 814
823 281
51 92
6956 710
557 334
144 117
3916 597
1182 946
1591 343
6335 181
76 100
5962 930
109 293
6332 459
76 100
2003 632
1599 917
1066 970
5791 919
6359 939
382 253
577 326
227 622
1296 999
1555 562
2361 952
5320 272
6752 870
8122 822
1665 586
221 507
1325 489
4266 554
1697 39
3144 939
2252 184
5791 919
3762 798
5658 626
214 159
823 281
7834 671
737 198
2671 758
7488 438
959 308
1552 996
233 217
2049 429
195 147
3762 798
13 432
512 980
6367 947
823 711
7918 970
2003 632
1785 544
88 76
3491 474
7630 309
7102 559
6545 953
3636 25
3173 40
94 863
2788 295
1827 20
68 834
3173 40
1772 486
94 863
415 270
178 135
7522 986
898 994
1802 23
7901 765
205 462
1225 857
1652 389
6491 311
5320 910
5467 891
145 385
3016 326
4107 820
4481 247
400 590
3029 777
1884 691
7051 491
6913 242
422 995
223 418
134 113
7597 729
1250 504
2365 793
3746 192
1940 70
6100 668
5719 48
225 167
3701 149
47 44
981 184
3002 941
509 298
422 271
5958 279
623 590
134 113
3762 798
2151 413
3252 903
1089 991
7156 725
2408 863
346 971
5970 850
488 14
3491 474
6768 964
6664 656
160 89
76 100
5167 872
1478 546
2264 591
1023 835
5063 14
6614 417
6045 179
221 507
221 507
5552 710
6914 120
5320 272
7214 981
898 994
379 727
889 260
1478 546
2892 367
261 366
3302 412
58 53
1929 627
2870 33
2744 177
1250 504
2866 184
2528 692
182 139
938 771
1478 546
13 457
442 987
6002 934
1181 484
385 346
1219 596
220 122
802 803
443 409
2277 87
736 378
4668 277
3252 903
346 388
3252 755
1501 939
575 235
600 989
17 412
8177 34
1244 914
94 863
346 450
442 277
8048 758
415 270
359 124
303 898
68 922
557 343
306 201
415 269
2841 596
2943 196
221 507
5527 894
1331 729
846 412
498 911
2846 761
5719 48
1233 400
4137 917
270 205
5908 711
774 111
344 233
752 470
1791 101
4852 457
125 978
6350 292
3861 418
5791 919
2525 447
8055 763
274 138
6179 818
1089 991
5946 927
959 26
2525 447
18 17
935 758
2268 663
145 385
4707 87
2345 674
498 911
7576 990
7698 281
609 148
1296 999
7102 559
2198 264
233 589
181 230
5968 931
3491 474
6768 964
76 100
2443 72
1568 565
781 390
6866 958
1791 101
7576 990
615 985
6100 668
7576 990
353 320
3762 798
1066 970
306 201
7577 377
205 462
1181 484
3507 12
3574 857
1042 943
7243 835
124 105
384 600
346 971
1103 983
572 186
7479 920
1042 943
884 429
278 209
17 587
68 194
2697 394
484 997
3942 505
7761 507
671 708
7656 992
7633 507
2515 939
7576 990
7271 801
6677 122
1159 363
5791 919
6545 953
422 995
954 826
7477 939
475 191
6073 937
4935 58
4946 682
6768 964
6752 870
1244 814
5894 635
366 245
601 574
3882 132
1005 434
331 98
671 708
7916 277
36 184
1665 586
7907 909
1343 507
415 270
3491 474
6979 380
2846 761
134 113
6914 120
2836 714
1182 945
2252 184
1702 8
3491 474
476 289
17 379
5791 919
6100 668
289 215
7576 990
879 607
5294 881
7633 507
3320 630
3293 68
6820 967
3762 798
8218 995
7567 675
5905 923
1065 58
4725 489
178 135
6073 937
5467 891
7947 794
499 656
2578 938
611 592
3762 798
1478 546
1033 456
7102 559
512 980
6914 120
1588 0
7656 992
6866 958
7413 649
224 166
3395 122
559 264
156 163
948 446
2000 623
5977 863
400 590
7254 119
7156 725
422 995
967 111
107 906
524 287
1952 264
3 3
959 26
7656 992
346 971
934 673
1066 242
2697 210
5698 405
6790 634
7434 434
400 590
3507 12
5092 31
6866 958
411 513
205 900
84 34
730 554
2098 184
2962 758
2321 951
169 130
894 434
532 642
7493 46
823 281
6862 969
5791 919
449 587
512 980
3275 600
863 420
1119 489
552 25
278 209
1652 389
2194 337
1087 998
2361 952
3036 729
3878 701
898 994
5294 881
2788 295
762 164
7522 986
600 989
1066 450
1343 865
8130 857
6100 668
6669 33
5124 868
623 489
1600 38
2196 758
2846 761
1680 23
499 507
96 83
7961 835
1279 398
1912 240
7271 801
7536 364
27 27
1263 309
2144 184
400 687
7427 585
683 37
7083 976
7258 692
5865 917
1181 484
671 708
7465 758
3173 40
13 432
919 149
496 164
759 384
7236 81
2132 319
487 857
6545 953
959 26
774 111
6752 870
7567 675
1263 309
285 209
2846 761
6761 963
6862 969
744 987
1259 365
5320 910
1250 504
1101 531
1564 213
1089 991
195 147
3173 40
1096 485
1185 761
537 91
2003 632
58 53
1802 23
346 277
7453 626
7999 801
2136 650
3708 972
2518 207
94 863
123 104
6470 438
7453 626
730 98
233 364
6338 939
6766 590
285 209
5320 272
2000 213
6100 668
4752 857
7570 418
6622 801
732 939
389 256
2515 939
1599 917
17 649
1971 650
7486 933
3270 759
2846 761
233 937
196 363
997 262
1206 922
1571 302
3088 506
3762 798
1478 546
2833 852
58 53
5791 919
2399 495
3474 585
205 900
6179 818
1066 970
2345 674
4786 314
277 857
858 268
2345 674
220 337
400 340
6073 937
823 281
6073 937
8000 801
7567 675
2240 574
802 803
171 15
7205 857
1428 507
2000 623
678 471
3079 242
4772 909
6545 953
337 233
319 184
2534 206
224 166
400 538
1206 507
5467 891
7479 920
214 159
6293 942
400 262
8123 178
5 5
3882 132
480 225
600 989
205 462
879 607
7214 981
5320 272
7842 777
7336 281
7364 121
7019 205
482 669
342 110
717 458
7442 853
429 184
7772 14
7454 835
1066 309
1114 719
6338 939
5291 880
5791 919
4609 835
179 136
1400 534
5320 272
615 985
7175 979
487 857
7522 986
2841 629
1390 818
1916 748
1296 834
68 992
7522 986
134 113
834 401
5467 891
246 120
4 503
3880 535
6470 400
7897 496
4590 380
1205 48
1671 553
6862 969
3144 939
1611 650
1296 999
116 277
7384 622
7522 986
896 435
981 184
3252 755
1082 796
1392 243
2345 674
3029 777
5124 868
1647 983
1392 243
861 322
7576 990
1478 546
346 971
5968 931
430 476
7279 240
1952 264
2846 761
7619 309
3231 308
7310 807
1049 281
1296 999
1906 283
1066 970
3708 972
1709 55
7538 277
6768 964
1647 983
1066 970
2068 438
2836 982
7957 33
1975 514
327 224
205 462
829 120
4096 507
68 279
7410 853
8085 21
346 971
3483 120
1325 489
1831 988
366 245
346 971
5791 919
931 48
333 231
306 201
415 270
3148 939
1244 814
423 554
1023 23
7102 559
7479 920
142 941
144 177
509 298
346 971
5938 398
1991 761
7458 702
308 224
898 994
1331 122
2111 554
484 997
7892 297
93 80
7506 748
4107 820
8131 857
1369 507
1401 507
7576 990
4841 701
1411 247
1997 630
671 708
828 659
3080 642
2864 382
267 470
615 985
382 253
7742 138
346 450
7514 184
1787 599
5968 931
1613 729
1244 814
1086 481
366 245
5415 379
5791 919
3857 816
6851 684
7429 134
205 462
46 43
6609 382
2268 663
7761 507
5146 299
524 287
1087 998
1038 939
6747 323
3762 798
1870 617
7947 794
4213 12
346 971
7367 635
1087 993
1501 939
220 164
447 227
2788 295
552 654
6579 955
63 144
36 551
3351 590
6820 967
7893 93
442 277
2741 552
118 100
3275 600
1671 553
5467 891
1446 120
951 412
7560 537
442 277
3442 468
2515 939
5962 930
7794 507
2836 982
7326 264
3762 798
7721 654
7497 574
385 897
4085 692
5179 973
7576 990
3360 507
6179 818
623 155
2274 853
615 985
209 155
1296 999
5522 702
2242 365
3410 665
3916 597
171 68
1680 710
957 794
4096 507
1991 761
7326 264
7702 507
175 133
343 221
159 123
2000 213
286 863
1499 920
2361 952
7522 986
1905 219
615 985
6069 358
1663 807
1258 281
359 247
4590 380
636 290
898 994
1305 41
498 911
5248 878
40 553
1916 748
1712 277
145 385
671 708
2000 213
285 209
1296 999
328 698
346 580
897 397
335 324
2671 758
4603 827
3690 987
4 503
366 245
3813 496
1828 220
7453 626
1724 475
422 271
5354 110
7576 990
1983 179
512 980
1712 277
3312 660
292 624
346 971
6345 97
1296 834
6739 942
221 958
7956 120
5552 710
7389 807
2384 978
353 240
1212 211
384 600
7730 264
1139 711
2836 982
671 708
1139 711
221 656
335 15
6747 323
4096 507
119 660
1066 309
4164 908
156 438
981 184
3036 729
7541 375
7522 986
5962 930
1019 271
7327 376
5791 919
5791 919
7271 408
17 941
1136 507
227 622
46 43
7664 766
2268 663
623 590
600 989
1787 599
4480 116
2289 667
7701 70
205 462
1277 748
7953 626
8090 214
36 184
46 43
1148 551
2000 623
480 582
1187 507
506 305
600 989
7579 262
178 135
5 5
1042 943
7633 507
1119 988
7362 984
221 507
1068 478
2846 761
2836 982
7338 120
331 184
2564 347
1775 246
5968 931
46 43
93 80
1066 970
5622 289
7326 264
7456 758
6016 155
306 201
119 441
5321 682
205 900
6100 668
449 188
39 38
524 264
94 863
6669 363
221 507
6330 939
6179 818
8091 996
205 900
3078 293
1296 834
7245 150
1181 484
1296 834
826 881
8087 988
308 228
94 863
5467 891
2825 457
7175 979
2534 206
145 385
518 673
7256 669
850 415
68 820
1665 586
6415 766
518 673
1680 23
145 385
308 224
2962 134
2825 457
1066 970
2 2
671 708
3880 535
1697 520
859 336
2846 761
4333 250
671 708
175 626
7417 87
400 590
4483 948
1263 309
411 513
25 939
2168 567
6761 963
1263 309
963 452
145 385
3857 816
512 980
2277 260
1952 264
981 184
286 863
3036 729
879 607
2846 761
415 269
365 735
2268 663
4946 682
1066 191
1052 473
7682 718
3878 701
6179 818
1803 207
623 489
3252 755
46 43
3880 535
790 100
5905 923
2362 283
1733 690
1712 277
400 262
7664 766
179 767
2289 667
2528 692
3252 903
506 896
285 399
1478 546
7686 281
410 67
1296 999
5320 910
3491 474
2000 623
56 52
615 985
6862 969
802 803
7276 620
2000 623
3882 132
2144 184
2590 988
2878 818
2115 184
475 256
379 727
145 234
6862 969
4710 429
227 622
482 939
6953 988
5753 240
4710 429
1363 240
7 0
1820 574
366 245
6953 988
370 590
5467 891
2345 674
1087 998
7485 758
2836 982
487 857
3862 857
4590 380
2020 290
1206 507
270 205
4148 822
1448 2
5791 919
6179 818
3690 987
5429 507
3036 729
40 930
5669 507
871 377
1890 250
1525 213
1959 507
5092 31
4225 975
6472 0
7805 997
2975 570
1296 834
221 507
145 68
400 590
1296 999
42 40
22 38
6761 963
4164 438
8199 702
5320 272
1802 23
1401 507
6956 710
272 207
76 100
476 249
4844 932
489 904
3916 597
3880 535
1101 531
415 270
422 995
2557 697
5467 891
5363 852
476 385
718 302
6338 939
534 184
684 111
7362 984
118 100
4107 820
3148 710
5209 996
7548 574
1712 277
214 159
1684 42
7718 767
1443 253
1076 479
7175 979
6438 453
772 299
68 758
1624 575
4178 44
145 385
318 988
7067 758
5633 941
2321 951
2264 591
379 727
3491 474
233 138
2908 939
1074 829
736 378
442 987
3178 134
2000 623
1257 810
306 201
4107 820
7083 976
1802 23
96 83
1376 275
22 116
6014 506
156 130
1296 834
5248 878
6338 939
484 997
6213 410
774 111
1959 14
3880 535
3080 642
5320 272
7454 835
309 225
7522 986
335 679
47 515
308 228
17 585
3029 777
335 614
5791 919
1087 993
570 184
1267 170
2394 660
7811 80
965 184
7656 992
7522 986
3507 457
7181 456
7486 933
721 358
1598 46
6253 933
6411 978
3669 277
223 418
7880 242
7137 941
1671 553
5968 931
335 289
3879 411
118 100
306 201
5083 853
1870 617
6330 939
442 987
7427 585
1375 567
7947 794
7806 997
1492 807
7083 976
624 344
7382 853
319 184
7947 794
5439 766
578 566
1971 650
3762 798
1713 83
422 995
6979 380
8154 857
653 33
3813 496
1647 530
1717 594
1220 958
389 256
7337 283
7479 920
1042 943
6953 988
659 395
285 857
5179 973
6862 969
7520 876
270 205
1179 475
2196 585
2841 596
3491 474
205 462
1303 262
384 25
164 920
4225 975
4107 820
205 462
145 385
3670 556
5968 931
6330 939
879 607
467 194
512 980
2252 184
2378 184
7048 933
196 363
7102 559
3404 735
1087 965
600 989
339 520
1220 184
5415 379
2151 413
411 513
7942 794
2115 184
736 378
108 234
611 735
171 68
2528 692
7175 979
611 96
221 656
1179 475
7510 240
7310 807
485 290
44 624
871 377
506 277
7869 654
6862 969
224 166
1802 322
2840 116
233 283
1181 484
6536 95
4483 948
8097 996
3565 713
6293 942
6862 969
36 184
3483 835
4946 682
2517 240
5320 272
653 33
5321 682
270 205
7214 981
433 643
3029 777
3649 622
1087 993
3180 716
3708 972
7974 777
4148 822
639 281
7102 559
6411 978
3404 735
174 24
346 971
3029 777
2836 982
3016 326
537 68
1802 23
285 399
8059 363
195 147
5467 891
1284 516
272 207
1695 591
1796 130
1478 546
221 507
884 429
624 344
1881 618
879 607
1870 617
3512 564
7374 850
3708 972
1478 546
488 14
5622 510
6748 777
3942 505
6545 953
4085 620
7175 979
4752 857
224 166
3880 535
2268 663
2671 758
178 135
487 764
250 767
1005 434
5209 996
224 166
5908 946
337 233
7624 277
675 184
3252 903
5905 923
959 253
366 245
1671 553
7159 292
6223 939
4085 901
232 171
879 607
671 708
7479 920
7538 277
1042 943
828 659
1348 409
289 215
79 129
2788 295
3491 474
410 67
1870 617
449 587
6411 978
286 863
476 476
5864 997
1086 481
5968 931
1554 762
2134 277
6545 953
346 971
465 71
442 277
7576 990
1060 439
2671 758
8196 857
1074 829
2525 447
5355 254
44 42
5124 868
277 857
990 318
205 462
387 681
311 513
400 262
1303 262
134 113
1392 66
256 194
1019 271
134 113
1179 475
5968 931
3916 597
977 713
6701 961
7480 622
1865 171
579 467
477 249
346 971
7798 978
3762 798
7362 984
7664 410
1616 520
5791 919
931 48
3124 585
7656 992
78 101
6245 236
1802 23
5321 682
205 462
366 245
233 37
2040 281
2264 591
17 801
7489 438
7522 986
204 151
205 462
2565 357
1802 23
7538 277
997 262
559 264
732 939
5968 931
1680 921
7320 725
1652 389
233 891
2335 507
7627 363
6671 70
3252 903
1199 546
2306 670
402 234
671 708
615 985
224 166
415 268
2361 952
145 385
2003 632
7610 184
204 151
671 708
2230 710
1066 970
3148 710
3029 777
1600 38
1087 998
675 184
221 507
1087 993
1331 122
2671 758
1624 575
1863 529
2134 349
3173 40
6828 744
3029 777
340 118
4065 153
480 792
7806 997
4275 723
1562 338
5791 919
1785 544
7481 438
499 656
145 385
7343 314
3483 835
3762 798
7214 981
7980 626
1712 277
1647 983
1139 281
977 441
5947 590
7775 355
6862 969
7995 801
1568 565
221 507
7159 292
145 385
1369 507
4499 857
461 192
2788 295
1087 998
1311 277
6654 592
489 904
224 166
2577 184
2697 399
6752 870
4154 823
78 18
17 400
6701 961
68 531
179 767
640 879
6752 870
5946 927
7211 971
285 394
2481 39
7412 457
366 245
6002 934
6866 958
76 726
353 240
1296 834
142 941
6820 967
1818 589
1024 365
1975 514
311 513
6367 947
1179 475
2003 632
494 396
1296 999
5791 919
221 507
7909 279
6415 766
6096 938
3574 857
1652 389
437 853
415 270
196 363
39 38
1971 626
3124 585
1296 834
1068 478
400 538
5122 233
1250 504
5299 882
3725 321
557 574
2648 700
224 166
7714 184
