515 196
2021 444
2212 87
1969 68
2398 87
1581 240
137 114
1463 395
1072 70
1120 207
2347 601
2071 48
743 362
690 134
2299 661
276 206
2284 42
798 21
1489 395
1409 116
2208 119
637 350
910 439
1809 601
112 70
2417 174
688 364
1481 313
1747 123
266 127
1433 184
8192 1819
8193 895
8194 797
8196 2284
8197 837
8198 2349
7 1434
8199 2388
8200 2122
8202 466
8203 1845
8204 2509
8205 585
8206 568
8209 590
8210 981
8211 1226
20 78
8212 1515
8213 2340
8214 1048
8215 2103
8216 62
8217 2502
8218 2436
8219 2440
8220 1616
8221 2107
8222 1123
8225 413
8226 1016
43 1284
114 1134
129 830
141 2446
177 922
209 282
241 1810
302 816
323 126
324 718
330 2513
336 1089
341 1382
349 944
359 2491
360 732
362 1125
405 464
406 1709
434 2470
451 1350
477 486
489 2127
490 1002
528 744
558 651
648 150
649 2440
674 85
676 1773
701 1274
710 247
733 583
760 2267
772 758
773 1393
804 1072
817 33
831 456
842 2246
845 272
847 1829
861 943
954 247
970 196
989 679
1008 1311
1017 1414
1041 1124
1055 1459
1057 1373
1065 2197
1107 1167
1109 226
1112 1701
1127 2433
1140 2336
1149 1259
1152 852
1158 609
1160 1381
1166 117
1187 1686
1197 2302
1215 1300
1225 251
1241 2386
1266 1265
1268 435
1280 423
1290 1131
1317 222
1327 533
1343 2161
1349 1769
1356 1066
1362 1261
1371 327
1375 1466
1394 1259
1399 1043
1404 1124
1412 1704
1423 2071
1427 907
1450 1839
1458 2251
1461 2041
1476 1466
1477 1105
1480 437
1501 28
1504 913
1505 1839
1512 2054
1519 1064
1529 2236
1535 1518
1543 941
1554 373
1566 1129
1570 402
1577 499
1587 1067
1590 2296
1598 720
1602 863
1632 996
1634 1689
1635 1964
1641 2080
1663 1784
1673 1615
1678 399
1679 547
1691 1347
1692 1518
1694 948
1697 1278
1738 2
1740 2222
1755 1288
1765 233
1779 213
1786 380
1811 1604
1812 875
1817 293
1853 2080
1860 331
1874 2261
1877 2094
1883 221
1898 92
1902 1012
1907 530
1911 880
1913 560
1917 191
1928 1787
1932 826
1933 1813
1937 2145
1950 1099
1958 2012
1974 843
1977 299
1979 340
1982 693
2011 2106
2013 1550
2032 576
2038 1542
2040 117
2049 1025
2052 1837
2057 1625
2083 1560
2111 1314
2120 1806
2121 415
2137 608
2138 1863
2143 2154
2144 657
2157 175
2166 1952
2178 2069
2179 197
2186 1594
2199 1252
2202 903
2203 2436
2215 2402
2231 207
2237 408
2240 458
2242 1279
2252 681
2274 1766
2287 1287
2304 1281
2305 859
2319 40
2320 1644
2325 1722
2334 51
2339 315
2341 896
2342 1282
2355 788
2373 563
2374 31
2387 1259
2395 836
2397 91
2399 937
2403 1467
2404 2280
2408 1281
2427 251
2429 250
2438 1643
2444 2277
2448 2522
2451 2177
2457 58
2458 810
2473 2140
2476 1671
2483 1174
2485 803
2490 5
2499 1490
2511 873
2520 1833
2523 1222
2526 2507
2528 1255
2529 1507
2530 551
2531 364
2532 1488
2533 956
2534 2238
2535 113
2536 2092
2537 188
2538 751
2539 2384
2541 1120
2543 2343
2544 999
2545 1538
2546 2214
2547 454
2548 322
2550 1492
2551 944
2552 1376
2553 198
2554 2310
2555 1491
2557 1437
2558 1108
2559 1960
2560 417
2562 2025
2563 2524
2564 1246
2565 2129
2566 1185
2567 835
2568 2151
2569 276
2570 1704
2571 1249
2572 1623
2573 478
2576 1886
2577 2367
2578 617
2579 1616
2580 1113
2581 788
2584 1105
2585 1952
2586 1243
2587 399
2588 824
2589 193
2590 2096
2591 151
2593 922
2594 1029
2595 788
2596 1265
2597 2256
2598 442
2599 712
2600 969
2602 28
2603 248
2605 2340
2606 1643
2607 398
2608 633
2610 3
2611 1078
2612 2005
2613 852
2614 1287
2615 1383
2616 1309
2618 1460
2619 173
2621 506
2622 1472
2623 736
2624 1139
2625 417
2626 117
2627 910
2628 2265
2629 1273
2630 1562
2631 2007
2632 1546
2634 903
2635 820
2636 2471
2637 1730
2638 1213
2639 442
2640 1382
2641 1059
2642 1751
2643 1105
2644 1469
2645 2200
2646 1630
2647 389
2648 1118
2649 922
2650 1722
2651 1464
2652 860
2653 774
2654 1213
2655 691
2656 1191
2657 2130
2658 2388
2659 1833
2660 1253
2661 1516
2662 2162
2663 240
2664 2071
2665 521
2666 1482
2667 934
2668 868
2670 1222
2671 1218
2672 645
2674 1007
2675 1644
2676 1668
2677 1026
2678 2482
2679 262
2680 1320
2681 654
2682 2505
2683 1301
2684 1750
2685 1076
2686 1434
2687 1207
2688 1759
2689 2000
2692 1757
2693 71
2695 571
2696 742
2697 252
2698 444
2699 173
2700 2471
2701 2065
2702 273
2704 224
2705 1267
2706 1743
2707 1798
2708 2150
2709 627
2710 1291
2711 506
2712 626
2713 2453
2715 2388
2717 1025
2718 1177
2719 779
2720 102
2721 1558
2722 276
2723 992
2725 687
2726 1250
2727 1510
2728 2075
2729 2321
2730 370
2731 561
2732 1842
2733 1666
2734 980
2735 1712
2736 1169
2738 2466
2741 1744
2742 322
2743 1142
2744 2508
2745 2229
2746 1610
2748 979
2749 1313
2750 1393
2751 525
2752 837
2753 2293
2755 1249
2756 25
2757 871
2758 1397
2759 1891
2760 554
2761 1946
2762 924
2763 1316
2764 106
2765 1415
2768 1103
2769 1487
2770 810
2771 1027
2772 97
2773 2158
2774 2273
2775 416
2776 2317
2777 609
2778 40
2779 1234
2781 2277
2782 305
2783 1314
2784 1936
2785 618
2786 1135
2787 190
2788 442
2789 1681
2790 934
2791 1414
2793 1756
2794 448
2795 2415
2796 1859
2797 2382
2799 1015
2800 705
2801 1205
2802 1784
2803 307
2804 182
2806 1730
2807 1671
2809 2517
2810 486
2811 1136
2812 449
2814 1961
2815 279
2816 1510
2817 537
2818 1522
2819 1124
2820 1530
2821 1801
2822 2376
2825 742
2826 1188
2827 996
2828 2039
2829 1439
2830 1294
2831 1816
2833 1159
2834 304
2835 730
2836 407
2837 454
2838 89
2839 442
2840 873
2841 2130
2842 673
2843 1486
2844 384
2845 2455
2846 2053
2847 81
2848 1809
2849 2116
2851 498
2853 31
2854 2181
2855 1224
2857 2218
2859 262
2861 533
2862 1406
2863 444
2864 2384
2866 992
2867 2266
2868 790
2870 953
2871 2102
2873 695
2875 988
2876 838
2877 418
2878 1302
2879 2080
2880 1005
2881 524
2884 1791
2885 457
2886 1363
2887 2488
2888 1146
2889 1973
2890 1594
2891 1015
2892 1139
2893 993
2894 1806
2895 1666
2896 2390
2897 1834
2898 2145
2899 1174
2900 2017
2901 978
2902 242
2903 1299
2904 1486
2907 2154
2908 2352
2909 1520
2910 963
2913 463
2914 145
2915 836
2916 1711
2917 599
2918 1922
2920 1034
2921 433
2923 631
2924 145
2925 1667
2926 1886
2928 2099
2929 882
2930 2197
2931 1156
2932 108
2933 2075
2934 2233
2936 2080
2937 2024
2938 2222
2939 412
2940 1999
2941 2156
2942 1496
2943 2525
2944 1415
2945 2018
2946 1656
2947 1493
2948 1760
2949 1015
2950 158
2951 388
2952 263
2953 486
2955 134
2956 1849
2957 890
2958 1384
2959 2527
2960 207
2961 718
2962 174
2963 1715
2964 364
2965 749
2966 681
2968 957
2969 186
2970 1170
2971 694
2972 853
2973 2279
2974 1018
2975 2263
2976 1670
2978 1670
2979 1261
2981 1487
2982 99
2984 192
2985 2486
2986 74
2987 1052
2988 1226
2989 110
2990 1607
2991 2118
2992 221
2993 761
2994 476
2995 2518
2996 2053
2997 1816
2998 1067
2999 1563
3000 822
3001 2405
3002 797
3004 2033
3005 923
3006 1606
3009 1790
3010 2484
3011 2377
3013 556
3014 2307
3015 538
3016 1592
3018 272
3019 895
3020 353
3023 851
3024 925
3025 1685
3026 381
3027 2413
3028 1180
3029 534
3030 1618
3031 1800
3032 812
3034 1754
3035 14
3036 1248
3037 1925
3038 1319
3039 1513
3040 1079
3041 2514
3042 1098
3043 2344
3044 142
3045 814
3046 838
3047 1996
3049 2193
3050 418
3051 1610
3052 1322
3053 307
3054 735
3055 460
3057 704
3058 926
3059 2232
3060 1520
3061 608
3062 1695
3065 327
3067 135
3069 1089
3070 1143
3071 517
3072 2003
3073 1844
3074 163
3075 2018
3077 2421
3078 1680
3079 568
3080 2472
3081 2191
3082 1727
3083 2053
3084 329
3085 2292
3086 1025
3087 1668
3088 465
3089 1604
3090 1192
3091 2272
3092 413
3096 855
3097 407
3098 78
3099 2114
3100 2062
3101 1252
3102 254
3104 1851
3105 717
3107 1816
3108 2212
3109 645
3110 2327
3111 2172
3112 2205
3113 1929
3114 639
3115 1447
3116 1071
3117 599
3118 459
3119 1373
3120 1527
3121 1631
3123 516
3124 1749
3125 2425
3126 56
3127 1966
3129 866
3130 2453
3131 826
3132 1069
3133 2315
3134 1122
3135 2017
3137 2159
3138 249
3139 2188
3141 596
3142 2054
3144 1647
3145 977
3146 245
3147 2226
3148 1279
3149 1213
3150 811
3151 617
3152 1814
3153 2284
3154 2345
3156 958
3159 1506
3160 2454
3161 544
3162 354
3163 457
3165 2130
3166 1154
3167 2096
3168 1972
3169 1123
3170 667
3171 1497
3173 2516
3174 949
3175 246
3176 1155
3177 1213
3178 1437
3179 99
3180 1367
3181 1595
3182 599
3183 2195
3184 588
3185 149
3187 1072
3188 595
3189 1360
3190 704
3191 2132
3192 1938
3194 962
3195 379
3196 1500
3197 702
3198 1712
3200 2017
3201 1583
3202 2187
3203 1760
3204 1014
3205 2235
3206 2082
3207 1355
3208 2019
3209 892
3210 1557
3211 483
3212 1368
3213 2356
3214 880
3215 279
3216 2198
3217 1437
3218 911
3219 361
3220 1729
3221 1190
3222 741
3224 2401
3225 1930
3226 1994
3227 505
3228 657
3229 1276
3231 647
3232 427
3233 1168
3234 1093
3235 188
3236 1975
3237 1591
3238 2407
3239 1219
3240 1191
3241 2285
3242 1843
3243 479
3244 2012
3245 265
3246 1839
3247 2152
3248 2026
3249 1595
3250 994
3251 1832
3252 1903
3253 526
3254 1658
3255 233
3258 2217
3259 2491
3260 293
3261 145
3262 89
3264 986
3266 1323
3267 578
3268 459
3269 187
3270 501
3271 2512
3272 632
3273 2153
3274 2361
3275 2510
3277 294
3278 1168
3279 239
3281 224
3282 2145
3283 758
3284 2014
3285 1648
3286 2246
3287 1189
3288 1486
3290 1714
3292 654
3293 1392
3294 1416
3295 1139
3297 948
3298 902
3299 2278
3301 675
3302 2055
3303 2300
3304 100
3305 540
3307 1752
3308 1630
3310 393
3311 615
3312 906
3313 2060
3315 2060
3316 1848
3317 958
3318 2113
3320 230
3322 2291
3323 65
3324 1785
3325 1335
3327 1206
3328 1839
3329 1490
3330 2129
3331 718
3333 1336
3334 2350
3335 483
3336 137
3337 369
3338 183
3340 496
3341 2051
3342 1131
3343 876
3344 1562
3345 1359
3346 2375
3347 1261
3348 1338
3349 1737
3350 314
3351 2251
3352 2177
3354 2099
3355 1061
3356 833
3357 1445
3358 54
3359 165
3360 762
3361 1481
3362 2455
3363 123
3364 1076
3365 2002
3366 64
3367 850
3369 1315
3370 898
3371 835
3372 1985
3373 610
3374 1593
3375 2155
3376 119
3377 988
3378 15
3379 251
3380 491
3381 1240
3382 461
3383 2210
3384 1797
3385 1211
3386 39
3387 1870
3388 1059
3390 2432
3391 1043
3392 2472
3393 698
3394 939
3395 57
3396 2415
3397 2117
3398 2059
3399 1698
3400 1872
3401 2308
3402 1199
3403 49
3404 585
3405 472
3406 2442
3407 1181
3408 1887
3410 1995
3411 84
3414 986
3416 1416
3418 308
3419 584
3420 274
3421 2021
3422 422
3423 819
3424 380
3425 1526
3426 867
3427 652
3428 1276
3431 751
3432 747
3434 753
3436 1424
3437 2281
3438 2264
3439 920
3440 697
3441 918
3442 215
3443 1171
3445 816
3446 319
3447 1131
3448 532
3449 2297
3450 855
3452 1485
3453 29
3454 2487
3455 346
3456 795
3458 258
3459 2518
3460 442
3461 46
3462 996
3463 834
3464 2417
3465 1525
3466 2293
3467 903
3468 798
3469 1499
3470 276
3471 990
3472 732
3473 1839
3474 458
3476 1784
3477 1405
3478 913
3479 1684
3480 939
3481 1766
3482 18
3483 1188
3484 1126
3485 951
3486 2377
3487 309
3488 631
3489 1030
3490 1374
3491 479
3492 865
3493 401
3494 635
3495 1448
3496 1443
3497 286
3499 372
3500 2099
3501 1265
3503 2062
3504 118
3505 1843
3506 1775
3507 247
3508 1409
3509 1992
3511 450
3512 444
3513 345
3514 1492
3515 210
3516 2336
3517 1363
3518 1633
3520 1169
3521 517
3522 752
3523 1393
3525 839
3526 629
3527 2527
3528 120
3529 1023
3530 905
3531 722
3532 577
3533 724
3534 1040
3535 2103
3536 1169
3537 1168
3538 57
3539 1278
3540 752
3542 1189
3543 639
3544 1016
3545 224
3546 749
3547 2195
3551 2181
3553 1103
3555 1204
3556 2141
3557 2146
3559 33
3560 1586
3561 1831
3562 1506
3563 803
3565 2195
3566 632
3567 1204
3568 840
3570 1407
3571 2065
3572 1511
3573 2388
3574 582
3575 1174
3576 278
3577 1040
3578 1583
3579 259
3581 717
3583 1126
3584 1754
3585 749
3587 1868
3589 2285
3590 1916
3591 1271
3592 1392
3593 1665
3594 1092
3595 795
3596 197
3597 1511
3598 1415
3599 2154
3601 653
3602 2459
3603 1043
3605 2456
3606 2155
3607 1664
3608 2266
3609 1309
3610 2268
3611 1073
3612 386
3613 995
3614 807
3617 73
3618 1667
3621 2300
3622 2000
3623 2378
3624 828
3625 1714
3630 375
3631 1605
3632 1078
3633 220
3634 532
3635 2087
3636 1966
3637 213
3638 2104
3639 1657
3640 833
3641 422
3642 1542
3643 1376
3644 1392
3645 414
3646 1034
3647 1521
3649 1667
3650 1068
3651 507
3652 337
3653 60
3654 1623
3655 1743
3656 2366
3658 1551
3659 1387
3661 2348
3662 1482
3663 171
3664 1637
3665 2259
3666 1782
3667 2152
3668 895
3669 1352
3670 705
3671 213
3674 425
3676 1185
3677 2300
3678 353
3679 483
3680 833
3681 482
3682 110
3684 375
3685 915
3686 1561
3689 1700
3690 1652
3691 24
3692 317
3694 138
3695 631
3696 2061
3697 1507
3698 1966
3699 1281
3701 694
3702 1383
3703 257
3704 478
3706 2028
3707 502
3708 2227
3709 2459
3712 391
3713 123
3714 395
3715 2018
3716 775
3717 213
3718 266
3719 166
3720 2300
3721 1331
3722 2093
3723 1270
3726 1683
3728 1256
3729 382
3731 221
3732 1534
3733 1321
3734 1650
3736 1304
3737 958
3738 1798
3739 952
3740 138
3741 36
3742 295
3743 1207
3745 2507
3746 1844
3748 1608
3749 45
3750 379
3751 924
3752 1104
3753 1392
3755 1625
3756 786
3757 829
3758 357
3760 998
3761 1239
3762 1993
3763 151
3764 1511
3765 356
3766 1903
3767 2259
3768 2187
3769 937
3771 493
3772 705
3774 245
3775 1068
3776 306
3777 24
3778 1748
3779 174
3780 2310
3781 823
3782 534
3783 1188
3784 260
3785 1557
3787 564
3788 556
3789 2030
3790 1881
3792 1136
3794 1612
3795 1459
3796 1680
3797 2509
3798 1823
3800 1416
3801 391
3802 790
3803 669
3804 969
3805 127
3806 1718
3807 890
3808 2154
3809 2024
3810 29
3811 1712
3812 657
3813 49
3814 697
3815 2165
3818 1154
3819 1369
3820 1806
3821 1510
3823 684
3824 1151
3825 1617
3826 270
3828 1821
3831 530
3832 2124
3833 1267
3834 300
3836 1322
3837 749
3840 1490
3841 1072
3844 1608
3845 537
3846 518
3847 1515
3848 2192
3849 340
3850 1043
3851 1986
3853 1844
3854 2075
3855 2366
3857 1146
3858 1220
3859 1218
3861 1145
3862 1906
3863 1943
3864 1000
3865 675
3866 334
3867 556
3868 1669
3869 361
3870 2159
3871 456
3872 1741
3873 2390
3874 2204
3875 1428
3877 1904
3878 124
3879 342
3880 1675
3882 306
3884 944
3885 1459
3886 479
3888 560
3889 2076
3890 19
3891 299
3892 282
3893 587
3894 1076
3895 2216
3896 1615
3899 945
3900 759
3901 1335
3903 716
3905 243
3907 1043
3909 1642
3910 122
3911 1739
3912 2086
3913 639
3915 1277
3916 522
3917 2392
3918 92
3919 666
3920 88
3921 903
3924 1905
3925 1357
3927 1649
3928 1296
3929 918
3930 2174
3931 248
3932 521
3933 1167
3935 2486
3937 49
3938 685
3939 1951
3941 179
3942 2229
3943 2461
3944 245
3945 1951
3946 331
3947 379
3948 428
3950 992
3951 1518
3952 201
3953 456
3954 1466
3957 1271
3959 192
3960 2005
3961 979
3962 1753
3963 918
3964 354
3965 2114
3966 1784
3968 1619
3969 967
3970 1050
3971 1895
3972 901
3973 1195
3974 705
3976 46
3977 1214
3978 1492
3979 925
3980 1369
3981 675
3982 616
3983 1922
3984 608
3985 626
3986 863
3987 1433
3988 897
3989 73
3990 1672
3991 803
3992 2468
3994 1416
3995 778
3996 549
3997 2246
3998 2258
3999 1121
4000 1746
4001 2431
4002 1250
4003 1528
4005 2443
4006 2527
4007 2169
4008 1685
4009 731
4010 569
4011 234
4012 1966
4013 514
4014 670
4015 142
4016 744
4017 1246
4018 1261
4019 579
4020 35
4022 1415
4024 357
4025 963
4027 811
4028 1790
4029 364
4030 1425
4033 459
4035 790
4036 679
4037 438
4039 98
4040 1251
4041 876
4042 1806
4043 2377
4045 771
4046 644
4047 1131
4049 1607
4050 552
4051 2198
4052 1329
4053 1992
4054 1217
4055 1713
4056 893
4057 1367
4058 1415
4060 346
4062 1832
4063 174
4064 1389
4065 2262
4066 1726
4067 1544
4069 659
4070 1082
4071 859
4073 1385
4074 1261
4075 1730
4076 1023
4079 1750
4082 1848
4083 254
4084 878
4085 393
4087 277
4090 1303
4091 1363
4092 2419
4093 833
4094 634
4096 771
4097 787
4098 1746
4100 778
4102 1325
4104 1731
4105 1142
4106 921
4107 1655
4108 1263
4109 1378
4111 220
4112 736
4114 1456
4116 115
4117 1744
4118 2423
4119 1665
4120 1756
4123 2340
4124 1090
4126 2367
4129 949
4130 2447
4133 1890
4135 953
4137 997
4138 1714
4139 545
4142 635
4143 1900
4144 2029
4145 2413
4146 2337
4147 1223
4148 621
4149 554
4150 415
4151 1568
4152 1246
4153 2060
4154 667
4156 1325
4157 299
4158 1787
4159 685
4160 2377
4162 2196
4163 2204
4164 249
4168 120
4169 440
4170 2110
4172 1491
4173 2261
4174 1114
4176 1173
4178 1116
4183 2502
4185 988
4186 1851
4187 2193
4189 1376
4191 2
4194 2486
4195 1021
4196 1391
4197 190
4198 1799
4201 190
4202 1014
4203 2060
4204 1015
4205 1037
4206 2312
4207 184
4209 1093
4210 1715
4213 879
4214 2439
4215 372
4216 1335
4217 18
4218 2220
4220 1498
4222 488
4223 947
4225 543
4226 168
4227 2109
4228 2230
4229 1190
4230 871
4231 2204
4232 616
4234 4
4235 2194
4236 1070
4238 895
4239 728
4240 1595
4241 536
4242 1946
4244 1840
4245 2072
4246 345
4248 906
4249 1584
4250 830
4251 42
4252 824
4253 51
4254 849
4255 1814
4257 2501
4258 1439
4259 2507
4260 961
4261 1170
4263 1418
4265 1312
4266 986
4268 402
4269 2115
4271 493
4272 761
4273 1102
4275 1052
4276 2100
4277 522
4278 1681
4279 2469
4280 1959
4281 2348
4282 843
4284 2518
4285 1608
4286 2284
4287 955
4288 2508
4290 2152
4292 1961
4293 743
4295 1788
4297 228
4299 257
4300 2136
4301 256
4302 1481
4304 2177
4305 1397
4306 1414
4307 1546
4308 1759
4309 1247
4310 1472
4311 2313
4312 1611
4313 938
4314 538
4315 1658
4318 54
4319 1131
4321 931
4322 270
4323 1983
4324 212
4325 253
4326 119
4328 1392
4329 1709
4331 187
4333 2285
4334 1849
4335 1030
4336 1611
4337 1908
4338 1038
4339 183
4340 2522
4342 1414
4343 1650
4344 874
4345 2048
4346 1544
4347 1104
4348 2273
4350 2039
4351 2386
4353 1771
4354 902
4355 1604
4357 1272
4359 383
4361 2281
4362 2290
4363 1460
4364 144
4365 1257
4368 2527
4369 718
4371 8
4372 536
4373 559
4375 344
4376 466
4377 2266
4378 1123
4379 803
4382 205
4383 455
4384 948
4385 1333
4386 1846
4387 230
4388 184
4389 1335
4390 704
4391 1122
4394 2090
4395 1273
4396 2308
4397 1870
4400 1574
4401 2092
4402 601
4403 1119
4405 2336
4406 2148
4407 632
4408 1510
4409 345
4410 577
4411 91
4412 1547
4413 793
4414 1174
4415 2389
4416 834
4417 1805
4418 119
4419 2493
4420 230
4421 137
4423 1369
4424 1291
4425 1386
4426 1453
4427 2401
4428 1795
4429 380
4432 651
4433 2253
4434 1155
4435 278
4436 2303
4437 1303
4439 1258
4440 2213
4441 1177
4443 653
4444 552
4445 1827
4446 530
4447 2291
4448 470
4449 2442
4450 120
4451 860
4452 152
4455 1792
4456 2300
4457 662
4458 1731
4459 1228
4460 951
4461 730
4462 467
4464 21
4466 1102
4467 794
4468 1818
4470 67
4471 2505
4472 178
4473 2461
4474 2258
4475 1629
4476 1938
4477 255
4478 190
4479 828
4480 814
4481 2492
4482 2194
4483 1142
4487 2482
4488 2510
4489 1629
4490 2030
4494 1250
4495 2232
4496 1358
4497 1949
4498 107
4499 2003
4500 10
4503 1067
4504 317
4506 589
4507 99
4508 1833
4510 1363
4511 2262
4512 584
4513 1552
4514 1521
4515 1395
4516 2478
4517 1724
4518 472
4520 1473
4521 1648
4522 1224
4523 595
4525 1243
4526 464
4529 716
4530 2171
4531 1051
4532 115
4534 437
4535 1934
4536 18
4537 2285
4538 821
4539 795
4540 566
4541 1465
4543 2279
4544 2262
4545 870
4546 687
4548 570
4549 581
4550 2486
4551 633
4552 387
4553 966
4554 1732
4555 1146
4556 2118
4557 1557
4559 2080
4560 419
4561 881
4562 1531
4563 1388
4564 1429
4566 1775
4567 2379
4568 1808
4572 953
4573 1530
4575 1716
4576 430
4577 958
4578 440
4579 429
4580 205
4581 936
4582 101
4583 1429
4585 588
4586 1206
4587 885
4588 186
4590 2495
4591 2060
4593 815
4594 1114
4595 1344
4596 1818
4597 1643
4598 504
4599 787
4602 412
4603 1613
4604 469
4605 1193
4606 1571
4607 1496
4608 2200
4609 1048
4610 48
4611 1518
4612 822
4613 2105
4614 1690
4615 2055
4616 1744
4617 2
4618 1648
4620 1142
4621 1384
4622 2165
4623 984
4624 1572
4625 1951
4626 2114
4627 709
4628 1600
4629 781
4631 1302
4632 947
4633 155
4634 1643
4635 2405
4636 2007
4637 2226
4638 429
4639 1391
4640 1009
4641 83
4642 1729
4643 957
4644 522
4645 425
4646 1538
4647 2195
4648 1428
4650 326
4651 2367
4652 934
4654 793
4655 1406
4657 2037
4658 93
4659 1019
4660 1789
4661 796
4662 61
4663 1803
4665 1671
4666 412
4667 624
4668 2317
4671 981
4672 1533
4673 2507
4674 815
4675 2146
4676 1148
4677 484
4678 543
4680 500
4681 2117
4682 1148
4683 1240
4684 881
4686 584
4687 346
4688 1383
4690 1414
4691 23
4692 261
4693 2434
4694 142
4697 1273
4698 35
4699 1722
4700 51
4701 23
4702 202
4703 1728
4704 1298
4705 1771
4706 325
4707 2068
4708 2392
4709 1973
4710 2029
4714 514
4715 1677
4716 2035
4718 2217
4719 1859
4720 178
4721 1104
4722 1701
4723 2514
4725 215
4726 1385
4727 183
4728 272
4729 1313
4732 415
4734 911
4735 1906
4736 1997
4738 1448
4739 620
4742 375
4743 1959
4746 624
4747 1091
4748 235
4750 1267
4751 1388
4752 1226
4753 2175
4755 905
4756 390
4758 91
4759 310
4760 2482
4762 1744
4763 68
4764 361
4765 216
4766 1455
4767 2036
4769 127
4770 2376
4771 53
4772 2123
4773 1766
4774 778
4775 2467
4776 1101
4777 1586
4779 507
4780 1369
4782 1857
4783 2134
4784 1733
4785 2176
4786 2514
4787 1021
4788 2321
4789 319
4790 874
4792 645
4793 2312
4794 686
4796 1731
4797 1575
4798 1171
4799 912
4800 148
4801 1027
4803 1020
4804 413
4805 125
4806 944
4807 1274
4809 1771
4812 1687
4813 450
4814 796
4815 2145
4816 1500
4817 430
4819 2280
4820 976
4821 2159
4822 139
4824 380
4825 1032
4826 448
4827 618
4828 2055
4829 1270
4830 1699
4832 1868
4833 426
4834 782
4835 573
4836 1437
4837 725
4838 1715
4839 335
4840 2514
4841 1063
4843 1788
4844 265
4845 1190
4847 2525
4848 289
4849 816
4850 1146
4851 1794
4852 606
4853 2340
4855 1900
4856 2103
4857 563
4858 1895
4859 1050
4860 350
4861 2122
4862 1905
4863 2034
4864 647
4865 930
4866 588
4868 1972
4869 1379
4870 97
4871 1223
4872 160
4873 2480
4874 2394
4875 853
4877 1046
4878 366
4879 1809
4880 1993
4881 1498
4882 644
4885 1892
4886 1510
4887 2171
4889 1125
4891 152
4892 2213
4894 2453
4895 196
4897 1518
4898 1864
4900 1332
4901 143
4904 1167
4905 1067
4907 440
4908 1969
4910 1591
4911 1463
4912 446
4913 1988
4914 1976
4915 1620
4917 800
4921 464
4922 445
4924 1508
4925 189
4926 1494
4928 1439
4929 1248
4931 1379
4932 848
4935 1764
4936 1753
4938 1819
4939 919
4940 975
4941 1081
4942 1342
4945 289
4946 413
4947 115
4950 1802
4951 234
4952 190
4953 1794
4955 1739
4956 815
4957 76
4958 296
4959 2187
4960 318
4961 1092
4962 126
4963 1078
4964 2266
4965 924
4966 807
4967 1151
4968 154
4970 865
4972 2056
4974 514
4977 2235
4978 564
4979 2218
4980 2432
4981 962
4982 2249
4983 2486
4984 800
4985 1619
4987 381
4991 635
4992 366
4993 2174
4994 2501
4995 190
4996 2059
4997 1049
4998 384
4999 871
5000 1035
5002 1564
5003 2361
5004 1940
5005 340
5006 191
5007 1091
5008 1862
5010 39
5011 1509
5012 824
5014 2161
5015 1103
5016 978
5017 10
5018 2238
5019 1282
5020 540
5021 1058
5023 1533
5025 1782
5026 1267
5028 28
5029 1465
5031 2069
5032 346
5034 99
5035 2188
5037 2218
5038 1294
5039 322
5041 1193
5043 2333
5044 1771
5045 1074
5046 107
5047 951
5049 2197
5050 1110
5052 836
5056 1546
5057 587
5059 415
5061 149
5062 44
5063 482
5064 865
5069 653
5070 562
5071 384
5072 1940
5073 1014
5075 2257
5076 1814
5077 1813
5078 2516
5079 1469
5080 1514
5081 783
5083 1473
5091 1704
5092 2439
5094 573
5100 1259
5102 1180
5103 535
5104 1261
5105 1135
5106 371
5107 1897
5108 213
5109 2347
5110 447
5111 879
5112 1948
5115 2433
5116 1604
5117 1049
5118 1984
5119 1560
5120 728
5122 1488
5123 636
5124 1391
5126 1415
5129 580
5130 943
5131 677
5132 91
5133 2401
5134 389
5135 1859
5136 2495
5137 1995
5138 57
5139 1671
5140 2487
5142 976
5144 778
5145 1448
5146 840
5147 288
5148 673
5149 1077
5150 2076
5151 101
5154 822
5155 1805
5156 646
5157 1809
5159 183
5160 2494
5161 797
5163 623
5164 819
5166 1745
5167 2343
5168 719
5169 644
5172 391
5173 1533
5174 2026
5175 928
5176 353
5177 1188
5178 116
5179 396
5181 1494
5182 2193
5183 2041
5184 2389
5186 315
5188 1213
5191 1233
5192 1985
5193 2292
5194 2122
5195 2218
5196 1331
5198 264
5199 2527
5201 1832
5202 880
5203 2060
5204 2469
5205 625
5206 365
5207 1520
5208 1872
5209 1072
5210 1563
5211 1869
5212 1867
5213 1183
5214 2482
5215 924
5216 1132
5217 1267
5219 1705
5221 646
5222 532
5225 764
5227 1681
5228 144
5229 78
5230 629
5231 692
5233 25
5235 1994
5236 277
5237 959
5238 569
5239 1466
5240 2469
5242 316
5243 1844
5244 2078
5245 1688
5246 367
5247 1506
5248 1824
5249 920
5250 544
5251 1518
5252 725
5255 89
5256 1747
5257 878
5258 2311
5259 1334
5260 1666
5261 2192
5262 627
5263 1212
5264 2084
5265 851
5266 156
5267 663
5268 417
5270 101
5271 2146
5272 2168
5273 75
5274 707
5275 2069
5276 1952
5277 911
5278 1040
5279 2292
5280 1996
5281 2175
5282 2071
5283 2058
5286 1685
5287 1647
5288 257
5289 386
5290 308
5291 626
5292 906
5293 2205
5294 906
5296 472
5297 1496
5298 1955
5299 711
5300 516
5301 1380
5304 1862
5308 186
5309 1126
5310 183
5311 555
5312 1799
5314 2254
5315 1192
5317 1231
5318 2513
5319 2512
5320 2251
5321 1445
5323 1693
5324 1546
5327 2316
5328 235
5330 834
5331 2122
5332 2389
5333 1079
5335 2182
5336 1726
5337 423
5338 1188
5341 1834
5342 1892
5343 1790
5345 714
5346 197
5347 1919
5348 1540
5350 2110
5352 1205
5353 350
5354 2136
5355 1949
5356 1096
5357 1455
5358 604
5359 1145
5360 1313
5361 2107
5362 818
5363 1155
5366 424
5367 2100
5368 2470
5369 2324
5370 12
5371 1161
5372 522
5373 921
5374 507
5375 2214
5376 1576
5379 1867
5381 312
5382 1439
5383 2324
5384 33
5385 435
5386 852
5388 2259
5389 243
5391 1988
5392 518
5393 2421
5394 89
5395 1309
5396 525
5397 1711
5398 835
5399 1082
5400 822
5401 61
5402 110
5403 465
5404 2220
5406 173
5408 1518
5409 1531
5410 467
5412 1234
5413 2392
5414 1096
5415 1416
5416 313
5417 297
5418 108
5419 2048
5420 22
5421 1623
5422 401
5424 556
5425 378
5427 2425
5428 1376
5429 277
5431 1391
5432 2313
5433 1527
5435 1095
5436 321
5437 380
5438 1363
5439 814
5440 1018
5441 2525
5442 1533
5443 731
5445 1813
5446 1628
5447 527
5449 1930
5450 1894
5452 855
5453 1212
5454 1354
5456 1212
5457 585
5458 1323
5459 790
5460 808
5461 569
5462 23
5463 661
5464 373
5465 126
5466 229
5467 1439
5468 217
5470 11
5472 223
5473 1797
5474 1881
5475 1600
5476 1824
5477 60
5478 2446
5479 995
5480 1864
5481 881
5482 592
5483 1690
5484 106
5486 597
5487 2141
5489 1179
5490 1565
5491 1610
5496 2391
5497 1324
5498 1661
5499 65
5500 1385
5503 270
5504 665
5505 534
5507 934
5508 1910
5509 1131
5510 893
5512 233
5513 517
5514 2028
5515 2484
5516 1173
5517 935
5518 742
5519 1770
5520 1987
5521 432
5522 509
5523 747
5525 1988
5526 1037
5527 343
5529 1279
5530 356
5532 185
5534 717
5536 2311
5537 595
5538 1026
5539 33
5540 2267
5541 1975
5543 2090
5544 562
5546 2094
5547 2152
5548 1419
5549 1378
5550 2358
5551 1815
5552 1900
5553 990
5554 2185
5555 366
5556 1533
5557 1516
5559 1944
5560 1861
5561 352
5562 1157
5563 154
5564 2351
5565 1036
5566 215
5568 1026
5569 440
5570 220
5571 2014
5572 2297
5576 1310
5577 2306
5578 1681
5579 174
5580 595
5582 2
5583 735
5586 559
5588 365
5590 1296
5591 197
5592 1369
5593 1866
5594 742
5595 49
5596 1925
5597 771
5599 337
5600 1700
5601 1048
5603 2016
5604 151
5605 2129
5606 1739
5607 289
5608 546
5610 2225
5611 395
5612 2358
5613 456
5614 2356
5615 208
5616 389
5618 174
5619 134
5620 440
5621 1226
5622 2358
5624 2285
5625 1952
5626 1070
5627 1693
5628 156
5629 42
5630 1305
5631 1814
5632 1436
5633 2250
5634 1447
5636 1752
5641 1650
5642 1091
5643 98
5644 2378
5645 2514
5646 2163
5648 1807
5649 1370
5650 685
5651 1509
5652 979
5653 1544
5654 2236
5655 968
5656 190
5657 1664
5658 6
5659 2527
5660 488
5661 1315
5662 35
5664 1004
5665 1005
5666 1789
5667 21
5668 1488
5669 9
5671 2206
5672 1834
5673 1934
5674 571
5675 2001
5676 505
5677 2266
5679 915
5680 113
5681 86
5682 1110
5683 2053
5684 1260
5685 205
5686 2086
5687 394
5689 2021
5690 1032
5691 327
5692 264
5693 629
5694 2193
5695 1213
5696 551
5697 1836
5698 1621
5699 2061
5700 1688
5702 373
5703 458
5704 2217
5705 394
5707 1183
5709 990
5711 2384
5712 1773
5713 337
5715 790
5716 826
5717 2327
5718 453
5720 1453
5721 1584
5722 459
5723 46
5724 127
5725 1322
5726 1066
5728 2197
5729 2351
5731 1012
5733 943
5734 1050
5735 1900
5736 1379
5737 1832
5738 260
5739 983
5740 2112
5741 641
5742 1618
5743 2212
5744 2258
5746 2425
5747 294
5749 2131
5750 203
5752 754
5753 1870
5757 1677
5758 541
5759 1250
5760 467
5761 1815
5762 2294
5763 2112
5764 786
5765 107
5766 435
5767 1441
5769 2321
5770 698
5771 874
5772 179
5773 1337
5774 2241
5775 2411
5777 212
5778 263
5779 1776
5780 2326
5781 1599
5782 384
5783 83
5784 196
5785 1176
5786 1757
5788 1983
5789 195
5791 1161
5793 254
5795 2008
5796 2204
5797 2521
5798 384
5799 1381
5800 1530
5802 243
5803 1167
5804 1179
5805 885
5806 705
5808 577
5809 1460
5810 242
5812 1184
5813 911
5814 156
5815 2213
5816 287
5817 1300
5818 601
5819 2172
5822 1782
5823 105
5826 2297
5827 445
5829 2299
5830 2271
5831 659
5832 2193
5833 1581
5834 2481
5836 2041
5837 239
5838 1671
5839 656
5840 1043
5841 371
5842 1840
5843 175
5846 589
5847 1851
5848 1840
5849 287
5850 694
5851 830
5853 1720
5854 450
5855 2278
5856 2128
5857 453
5858 693
5863 1267
5864 2102
5865 6
5866 1334
5869 1565
5870 952
5871 1056
5872 411
5873 2258
5874 1157
5875 2431
5876 2376
5878 910
5879 1016
5880 502
5881 2344
5882 2477
5883 1335
5884 425
5885 1658
5886 2525
5887 1704
5888 691
5889 878
5891 2348
5892 1148
5894 84
5895 1799
5896 44
5897 314
5898 2129
5899 865
5900 1119
5901 2206
5902 53
5903 1858
5904 1123
5905 1723
5906 1488
5908 1219
5909 1167
5911 731
5912 112
5914 1199
5915 885
5916 905
5917 1088
5918 2180
5919 581
5920 462
5921 8
5923 1754
5924 960
5925 1761
5926 1865
5927 106
5928 180
5930 1710
5931 1794
5932 631
5933 235
5934 660
5935 1869
5936 2039
5937 1122
5938 1870
5939 962
5940 233
5941 1934
5943 2117
5944 1890
5945 1726
5946 1246
5947 1090
5948 2122
5950 101
5951 704
5952 2295
5953 226
5954 504
5955 902
5956 355
5958 2424
5959 1189
5960 887
5961 61
5962 1619
5963 55
5965 2386
5966 927
5967 2243
5968 69
5969 58
5970 1211
5972 1885
5975 1136
5976 1108
5977 1353
5978 350
5979 16
5980 1034
5981 858
5982 2107
5983 365
5984 880
5985 700
5987 21
5988 1094
5989 292
5990 1373
5991 745
5992 389
5993 1664
5995 1695
5996 1023
5997 1585
5998 2029
6000 153
6002 820
6003 1899
6004 1844
6005 97
6006 741
6007 133
6008 1321
6009 296
6010 1204
6011 491
6012 2377
6013 1614
6014 2391
6015 753
6016 1078
6017 1805
6018 933
6019 1998
6020 1306
6021 520
6022 2206
6023 1402
6025 1108
6026 2071
6027 1718
6030 737
6032 1252
6033 450
6034 2343
6036 1159
6037 252
6041 1200
6042 875
6044 2225
6046 953
6047 520
6048 2084
6049 146
6051 2453
6053 953
6054 172
6056 1611
6057 2193
6058 197
6059 195
6060 203
6061 1358
6062 1370
6063 413
6064 194
6065 159
6068 985
6069 1515
6070 891
6072 810
6073 63
6075 392
6076 1012
6078 2059
6079 1322
6080 2466
6081 2081
6082 879
6083 938
6084 1077
6085 2467
6086 1002
6087 641
6088 1309
6089 1670
6090 1660
6091 164
6092 1759
6093 25
6094 2303
6095 2402
6096 2116
6097 541
6098 212
6100 2019
6101 650
6102 390
6103 644
6104 2292
6105 1037
6106 1803
6107 1985
6108 308
6109 2216
6110 2124
6111 457
6112 681
6113 1169
6114 1154
6116 321
6117 2019
6118 1260
6121 144
6122 1419
6123 1156
6124 1683
6126 1926
6127 1253
6128 1647
6129 1174
6130 761
6131 624
6132 1086
6133 1222
6134 1854
6135 801
6136 356
6137 1595
6138 686
6139 1277
6140 569
6141 221
6142 1465
6143 778
6144 953
6145 1200
6147 2065
6150 2102
6151 1780
6152 1549
6153 2103
6156 459
6159 727
6160 983
6162 389
6163 1890
6164 521
6165 582
6167 432
6168 1134
6170 1511
6171 639
6173 2118
6174 1496
6175 599
6176 2269
6178 379
6179 910
6180 1281
6181 2306
6182 1254
6184 683
6185 2136
6186 1684
6187 1086
6189 911
6190 1212
6191 2051
6192 401
6193 833
6195 2417
6200 1147
6201 1557
6203 368
6204 195
6205 2455
6206 2101
6209 1766
6210 243
6212 1294
6213 1702
6214 1246
6215 267
6216 812
6217 1206
6218 444
6221 1936
6222 749
6223 765
6225 2089
6227 2189
6228 814
6229 554
6230 1342
6233 644
6234 952
6235 623
6236 494
6237 1139
6239 263
6241 2492
6242 1840
6243 927
6245 2241
6247 325
6248 1357
6249 175
6250 1004
6251 1040
6252 822
6253 1750
6256 2177
6258 1384
6260 2507
6261 778
6262 377
6264 1858
6265 96
6266 264
6267 2183
6268 1938
6269 1997
6270 820
6271 891
6272 585
6274 681
6275 112
6276 2228
6277 1145
6278 1247
6279 1115
6280 255
6281 478
6283 1998
6284 1563
6285 1716
6288 2182
6290 1247
6291 1721
6292 74
6293 1289
6298 481
6302 1054
6303 294
6304 1263
6305 1227
6306 266
6307 1936
6308 843
6309 1585
6310 1596
6311 1923
6313 922
6314 1571
6315 487
6316 1231
6317 1703
6320 1801
6321 2150
6323 2107
6325 2413
6326 2118
6327 1148
6328 526
6330 1731
6331 1190
6332 2344
6335 1813
6336 2324
6337 1216
6338 2141
6341 1583
6343 2146
6344 1291
6345 1719
6346 846
6347 1282
6348 1996
6349 850
6350 1207
6351 2479
6352 851
6353 21
6354 1558
6355 2356
6356 922
6358 545
6359 122
6360 1240
6361 1806
6362 1472
6363 2163
6364 548
6365 74
6366 2211
6367 28
6368 196
6369 1693
6370 1606
6371 1614
6374 437
6375 1442
6376 159
6377 1416
6378 1121
6379 270
6380 2007
6381 17
6382 68
6383 1795
6384 384
6385 1227
6386 1366
6389 890
6390 368
6391 427
6392 1923
6395 2216
6396 1281
6398 1433
6401 1564
6403 995
6404 2413
6405 1700
6407 1380
6408 384
6411 659
6412 2
6414 437
6415 39
6417 699
6418 2425
6419 1201
6421 245
6422 1670
6423 2129
6424 2493
6428 1637
6429 883
6430 424
6431 2273
6432 560
6434 377
6435 2103
6436 1670
6437 721
6438 1849
6440 2513
6441 1568
6443 806
6444 1162
6445 72
6447 266
6448 230
6449 230
6450 2375
6452 2495
6453 806
6454 1708
6455 1722
6456 1115
6457 1681
6458 1132
6459 2300
6460 858
6463 2047
6464 921
6465 1886
6466 1561
6469 1415
6470 214
6472 455
6473 2488
6475 1214
6476 148
6477 796
6478 1448
6479 472
6480 1384
6481 1400
6482 584
6483 1575
6484 1762
6485 60
6486 75
6487 433
6488 800
6489 730
6490 1585
6491 1277
6492 1155
6495 665
6496 1780
6497 1661
6499 1555
6500 1715
6503 1743
6504 2351
6505 670
6506 754
6507 1834
6508 1644
6509 1171
6510 1983
6511 871
6512 844
6513 2000
6514 1216
6515 1996
6517 1564
6518 2029
6520 1047
6521 1851
6522 1930
6524 691
6527 2153
6528 1968
6529 1693
6530 92
6531 816
6533 1115
6534 673
6535 2234
6536 1076
6537 620
6539 1339
6543 126
6544 1970
6545 156
6546 1243
6548 1620
6549 300
6550 372
6551 1856
6552 573
6554 1385
6555 707
6556 1087
6558 2211
6559 1391
6560 2279
6561 2486
6562 2289
6563 1397
6564 716
6565 1962
6566 2225
6567 469
6569 1650
6570 2221
6571 1720
6572 969
6573 1606
6574 328
6575 351
6577 479
6579 1730
6581 1235
6582 625
6583 1142
6586 1060
6587 1279
6588 184
6589 1938
6590 2152
6592 90
6593 1623
6595 1479
6596 2289
6597 854
6599 102
6600 776
6601 961
6602 1466
6603 961
6604 2493
6605 655
6606 1060
6607 855
6608 1865
6609 918
6612 856
6613 2250
6614 110
6615 2257
6616 771
6618 921
6619 1406
6620 340
6622 246
6623 1368
6624 964
6626 1151
6628 374
6629 1844
6630 1082
6631 2184
6632 97
6634 1133
6636 537
6637 1360
6638 745
6639 1593
6640 1464
6642 1121
6643 2104
6644 1251
6645 938
6646 1301
6648 376
6649 2289
6650 2434
6652 251
6653 1096
6654 1646
6656 2124
6657 1802
6658 364
6660 24
6661 423
6662 226
6663 656
6664 2214
6665 494
6666 943
6668 2014
6669 1442
6670 620
6671 981
6672 1478
6673 44
6674 1322
6675 1981
6676 1499
6677 532
6679 343
6680 1782
6681 1381
6682 2091
6683 250
6684 1827
6685 1179
6686 1589
6688 1720
6689 90
6690 2161
6691 1888
6692 639
6694 898
6695 1886
6696 1648
6697 669
6698 171
6700 1092
6701 118
6703 2391
6704 1393
6705 424
6706 1806
6707 1698
6708 1397
6709 1999
6710 2261
6712 2421
6714 769
6715 116
6716 1018
6717 1897
6718 1964
6719 500
6720 1612
6722 158
6723 1827
6724 2486
6726 2183
6727 2425
6728 380
6729 2012
6730 1201
6731 1370
6732 1496
6733 1351
6734 333
6735 380
6736 2431
6737 123
6738 2453
6739 53
6740 2394
6741 511
6742 282
6743 2076
6744 961
6746 637
6747 350
6748 1816
6749 1272
6751 1565
6752 1206
6753 253
6754 604
6755 2336
6756 2018
6757 1925
6759 783
6760 469
6761 1975
6762 704
6764 1826
6765 938
6766 841
6767 549
6768 705
6769 1870
6770 1436
6771 1625
6772 2297
6773 601
6774 52
6775 1018
6776 2455
6777 596
6778 822
6779 2270
6780 1162
6781 1263
6782 947
6783 2161
6784 2343
6785 2417
6786 1688
6787 1753
6788 2140
6789 1872
6790 376
6791 618
6792 1515
6793 2384
6794 2296
6795 1859
6796 1671
6800 2415
6801 2261
6802 1870
6804 1261
6805 1331
6806 957
6807 2266
6808 488
6809 1182
6811 836
6812 2181
6813 2393
6814 124
6815 2101
6816 28
6817 952
6818 833
6820 2106
6821 2394
6822 2519
6823 471
6826 1117
6827 814
6828 736
6831 821
6832 536
6834 1314
6835 38
6836 1177
6838 1868
6839 133
6840 1418
6841 2421
6842 695
6843 907
6845 147
6846 1282
6847 1333
6848 332
6850 1507
6851 312
6852 347
6853 1931
6854 2118
6855 1826
6856 1611
6858 1373
6859 1337
6861 80
6862 1020
6863 718
6865 2254
6866 2464
6867 796
6869 1321
6870 722
6871 2268
6873 1963
6874 1231
6876 657
6879 1455
6881 1316
6882 2171
6884 551
6889 1984
6890 1409
6891 1089
6892 1800
6893 1714
6894 498
6895 1905
6901 1306
6902 437
6903 116
6905 1148
6906 1995
6907 1722
6909 1277
6910 2516
6911 237
6912 2217
6913 417
6914 851
6915 1818
6916 1148
6917 116
6918 2151
6919 2037
6920 369
6922 2436
6924 545
6925 126
6926 2518
6927 525
6928 1176
6929 905
6930 611
6932 547
6934 496
6935 1824
6936 843
6938 22
6941 2390
6942 328
6944 818
6945 2042
6946 1180
6947 200
6949 1931
6950 291
6951 159
6953 1829
6954 658
6956 724
6958 1315
6961 2171
6962 1324
6964 2056
6965 2435
6966 971
6967 718
6968 939
6969 250
6970 1229
6972 2091
6973 623
6974 1840
6975 1070
6979 969
6981 1834
6982 262
6983 250
6984 941
6985 204
6987 425
6988 1218
6990 315
6991 580
6995 2508
6999 2459
7002 1446
7004 577
7005 256
7006 1310
7008 2324
7009 2362
7010 1216
7012 1558
7013 1264
7014 1154
7015 509
7016 1490
7017 391
7019 272
7020 787
7021 2288
7022 307
7023 445
7025 2351
7026 1736
7027 1537
7028 536
7029 1202
7030 2239
7032 1403
7033 1852
7034 256
7035 1132
7036 1507
7037 189
7038 403
7039 2055
7040 2033
7041 788
7042 885
7043 357
7044 1141
7047 2349
7048 469
7049 87
7050 351
7051 270
7052 392
7055 2486
7056 1984
7058 1832
7059 1863
7060 2479
7062 876
7063 836
7064 476
7066 794
7067 1871
7068 144
7069 1549
7070 2290
7071 1265
7072 2419
7073 1551
7074 145
7076 310
7077 156
7078 1824
7079 246
7080 703
7081 4
7083 2247
7084 858
7085 2416
7087 1989
7088 2501
7089 2312
7090 104
7091 17
7092 75
7093 244
7094 1024
7095 420
7097 2281
7098 481
7099 2316
7100 826
7101 178
7102 690
7104 2313
7105 755
7106 630
7107 1794
7109 536
7110 1271
7111 1484
7112 1050
7113 751
7114 1142
7115 1489
7116 590
7117 2113
7118 2291
7119 1751
7122 1233
7125 2418
7126 1303
7127 992
7128 1818
7129 901
7130 607
7131 420
7132 575
7134 601
7135 1714
7137 171
7138 98
7140 1642
7142 303
7143 2263
7144 2447
7145 1378
7146 1103
7148 999
7149 570
7150 736
7152 1752
7154 393
7155 889
7156 526
7158 1258
7159 174
7160 1711
7161 1703
7162 1551
7164 2435
7166 145
7167 201
7168 2182
7169 646
7172 2061
7173 927
7174 912
7175 245
7176 2261
7177 1312
7178 333
7180 2515
7181 1309
7183 1219
7184 909
7185 801
7186 769
7188 99
7189 1463
7190 2333
7192 2093
7195 1090
7196 1821
7197 198
7198 2441
7199 445
7200 2264
7201 822
7202 2509
7203 1640
7205 607
7206 898
7207 1220
7208 1609
7209 2161
7210 1309
7211 1798
7212 1498
7213 2349
7214 297
7215 1311
7216 1135
7218 391
7221 304
7222 379
7223 1276
7224 2434
7226 2051
7227 1806
7228 1206
7230 512
7231 885
7232 2389
7234 1319
7235 907
7239 2393
7240 1929
7244 1809
7245 830
7248 125
7249 656
7250 2507
7251 332
7254 218
7256 370
7258 1378
7259 527
7260 1904
7261 1092
7262 1103
7264 1332
7266 2337
7268 2407
7269 120
7271 567
7273 73
7276 1843
7277 1119
7278 1775
7279 1571
7280 543
7281 399
7283 272
7285 269
7288 2454
7289 1386
7295 2479
7296 2456
7297 1951
7298 1141
7300 447
7302 934
7304 1118
7305 806
7306 1866
7308 51
7310 23
7311 1760
7312 835
7314 1406
7315 821
7316 669
7317 1009
7318 1376
7319 1803
7320 1981
7321 2030
7323 1715
7324 440
7325 1078
7326 715
7327 1087
7328 2253
7329 288
7330 214
7331 1640
7332 2519
7333 717
7335 69
7336 898
7337 858
7339 1611
7341 5
7342 1101
7343 2279
7344 651
7345 2393
7347 1935
7348 253
7349 549
7350 1233
7351 1193
7355 786
7356 2206
7357 780
7358 2327
7359 986
7360 2501
7361 885
7362 1756
7363 2357
7365 315
7367 208
7368 1766
7369 1137
7370 327
7371 1770
7372 2308
7373 2477
7375 2082
7377 1836
7378 174
7379 221
7381 154
7382 418
7383 1409
7384 1854
7387 1240
7389 1032
7390 1168
7391 1986
7392 1091
7393 1484
7395 486
7396 45
7397 1123
7399 2446
7400 1667
7403 74
7404 2338
7405 2183
7407 540
7408 1686
7409 716
7410 278
7411 573
7412 2333
7415 743
7416 1219
7418 930
7420 1257
7421 625
7422 265
7425 285
7426 841
7427 1148
7429 1206
7430 1180
7431 247
7432 1177
7433 1719
7434 559
7436 1730
7437 2209
7439 1591
7441 623
7442 1991
7443 1298
7445 1050
7447 668
7448 1613
7450 585
7451 2105
7452 319
7453 44
7454 2299
7456 1370
7457 69
7458 1167
7460 2048
7461 699
7462 2019
7464 2239
7465 2306
7466 1251
7470 433
7472 2172
7473 1901
7474 1800
7475 1803
7476 1726
7478 1657
7479 1456
7480 1164
7481 382
7483 1833
7486 64
7487 276
7488 1994
7490 2034
7491 2350
7492 1657
7494 1397
7498 1038
7500 1024
7501 106
7502 1623
7503 178
7504 896
7505 751
7506 250
7507 2327
7508 2291
7509 2344
7510 1433
7511 344
7512 1956
7517 1178
7518 429
7519 272
7520 380
7522 2129
7524 422
7525 969
7526 1024
7527 1630
7528 13
7530 347
7531 1881
7533 1135
7534 1000
7535 2094
7536 2112
7537 867
7538 1029
7539 345
7540 154
7541 971
7544 488
7545 1545
7546 2194
7547 1388
7548 290
7549 876
7550 2449
7556 1401
7557 97
7558 46
7559 999
7560 165
7561 1806
7563 1344
7564 2398
7567 1466
7568 1273
7570 2184
7571 2366
7573 1405
7574 2092
7575 1968
7576 767
7577 1188
7578 1687
7579 51
7581 1063
7583 2297
7584 301
7585 1726
7586 926
7587 435
7588 2337
7590 865
7591 542
7592 931
7593 2089
7598 342
7599 2155
7600 67
7602 2502
7603 2466
7604 79
7605 1669
7606 2152
7607 789
7608 316
7609 1485
7610 268
7611 1732
7612 3
7613 2393
7615 149
7616 692
7618 1966
7619 1623
7620 1325
7621 1756
7622 2314
7623 1007
7624 2301
7625 867
7626 1864
7627 986
7628 1847
7631 1908
7633 1363
7634 572
7635 1516
7636 155
7637 2048
7638 326
7640 475
7641 2208
7642 1750
7643 890
7644 782
7645 1777
7647 1703
7649 541
7650 1575
7652 1272
7653 342
7654 1737
7656 1604
7657 2324
7658 1677
7659 2340
7660 530
7661 984
7662 2362
7663 2253
7664 1510
7665 1711
7666 1964
7667 1845
7668 941
7669 1962
7670 927
7671 1655
7672 2226
7675 2288
7676 72
7677 2148
7678 1742
7680 163
7681 2156
7682 794
7686 721
7688 1856
7689 170
7690 186
7692 149
7693 255
7694 1322
7695 1834
7696 1364
7698 2101
7700 2278
7701 1814
7702 1194
7704 372
7705 885
7707 149
7709 1886
7710 66
7712 545
7713 719
7714 742
7715 1824
7716 597
7717 1098
7718 1205
7721 826
7722 2062
7723 1042
7724 69
7725 695
7727 2175
7728 2100
7729 292
7730 2362
7731 2025
7732 97
7736 735
7737 1305
7738 10
7740 1314
7741 1457
7742 174
7743 808
7744 2086
7746 385
7747 2151
7750 174
7752 1744
7753 261
7756 2218
7757 1689
7759 1840
7761 401
7764 2527
7766 2384
7767 2075
7768 1428
7769 685
7771 972
7772 1886
7773 1572
7774 1492
7776 1234
7778 1235
7780 1081
7782 1171
7783 1157
7784 755
7786 152
7788 8
7789 502
7790 59
7792 2192
7793 2030
7795 28
7796 1042
7798 382
7799 2362
7800 2059
7806 1419
7808 2007
7810 1537
7811 542
7813 168
7814 1162
7815 552
7816 1355
7817 1295
7818 1141
7819 947
7821 1446
7822 1895
7823 1233
7824 161
7825 547
7826 1899
7827 2419
7828 242
7829 442
7830 54
7832 344
7835 1490
7837 758
7841 629
7842 692
7843 325
7845 320
7846 1172
7848 256
7849 2008
7850 1910
7851 287
7852 1921
7853 1066
7854 1867
7855 1308
7856 619
7859 481
7861 1000
7862 1733
7863 1376
7864 2425
7867 1491
7868 1894
7869 1244
7870 187
7872 1061
7873 267
7874 33
7876 1331
7878 1831
7879 2149
7880 2289
7881 1833
7882 284
7884 199
7886 2146
7887 1767
7888 460
7891 149
7892 2501
7894 2084
7895 709
7897 2285
7898 1714
7899 777
7901 1383
7903 790
7905 2098
7908 58
7909 595
7910 2092
7911 859
7913 2033
7914 927
7915 1664
7916 700
7917 1826
7918 1132
7919 1478
7920 76
7921 2268
7922 2376
7923 1938
7924 2505
7925 2417
7926 1930
7927 2472
7929 798
7930 1533
7931 186
7932 872
7933 482
7934 1823
7935 1572
7937 1749
7939 2337
7941 596
7942 364
7943 872
7944 446
7946 94
7947 2338
7950 621
7953 1884
7954 642
7955 61
7956 346
7957 97
7958 2367
7959 1105
7961 308
7962 1448
7963 591
7966 2314
7967 623
7969 1951
7970 27
7971 903
7973 199
7975 2401
7976 491
7977 2000
7978 1647
7979 578
7980 1736
7983 742
7984 1013
7986 2477
7989 1720
7990 488
7991 1183
7993 1143
7994 1788
7995 1050
7996 1921
7998 736
7999 2293
8000 1888
8001 890
8002 2024
8003 1500
8004 1646
8005 727
8006 28
8007 2489
8008 1771
8011 806
8012 67
8013 273
8014 316
8016 1499
8018 1749
8020 1567
8022 1004
8023 230
8024 2125
8025 58
8026 1780
8027 2098
8028 1901
8029 1110
8030 1058
8032 1843
8034 111
8035 459
8036 72
8038 1859
8039 46
8040 17
8041 322
8042 1350
8044 2278
8045 1791
8047 1053
8048 268
8049 999
8050 511
8051 2291
8052 1591
8053 460
8055 235
8057 1352
8058 249
8059 1110
8061 1533
8062 620
8063 1650
8064 1188
8065 1646
8066 66
8067 88
8068 1633
8069 1370
8070 2185
8071 345
8074 520
8075 1464
8076 2311
8077 1188
8079 1284
8080 2048
8081 501
8082 697
8083 1955
8084 2265
8085 261
8086 2047
8087 1389
8090 1506
8092 59
8094 170
8096 172
8097 1495
8099 338
8101 1945
8102 1975
8103 850
8104 1934
8105 460
8109 1973
8111 1720
8112 1736
8116 1539
8118 459
8119 57
8120 65
8122 961
8123 846
8127 537
8128 1060
8130 1584
8132 1205
8133 1035
8135 104
8136 1682
8137 2098
8140 525
8142 1428
8143 219
8144 782
8145 992
8146 1264
8147 974
8148 423
8149 144
8150 83
8152 283
8153 160
8154 440
8155 1212
8156 270
8157 1810
8159 2514
8160 1099
8163 1832
8164 816
8166 999
8167 903
8168 2090
8170 739
8171 635
8172 776
8173 1892
8174 192
8175 119
8177 2464
8178 568
8179 2421
8182 2204
8184 1151
8186 86
8187 1245
8188 1805
8189 581
8190 2367
8191 97
