2931 114
2719 505
2789 293
3177 366
787 393
301 220
2235 611
3234 384
3621 701
3074 660
3248 116
2656 150
1234 355
3089 660
3279 112
3019 259
2529 206
2470 461
2760 58
3758 19
2735 239
3875 91
8192 1547
8193 2271
8194 2663
8196 309
8197 1637
8198 449
7 516
8199 1535
8200 1576
8202 2514
11 621
8203 2993
8204 2038
14 517
8205 2028
8206 73
8209 1321
8210 432
19 2969
20 3252
8211 2343
22 3099
8212 3096
8213 1643
25 1681
8214 3633
8215 1240
28 2376
29 3100
8216 2443
31 2764
8217 1178
8218 1885
34 2500
8219 3530
8220 2146
37 1244
38 334
8222 3191
8225 2915
8226 474
46 2957
52 3053
55 1752
57 2352
62 1877
74 3531
75 3343
77 58
79 2289
85 2395
91 2779
92 1435
94 3307
97 1655
99 2655
100 2472
106 1691
110 3259
112 3124
115 3284
120 400
126 3762
128 430
133 1902
135 3976
137 2750
138 2794
139 1300
140 2321
141 2352
143 2835
147 191
149 795
150 2968
153 1876
154 316
155 2606
158 3492
161 1821
162 1334
166 1299
170 2153
175 1217
177 3043
186 1038
187 2169
188 2025
189 3285
190 3868
192 1766
201 178
202 656
204 775
207 772
211 3029
215 1552
217 630
219 243
222 2892
228 441
229 1726
235 2384
240 3808
241 3202
249 1994
251 1119
252 269
253 3537
258 959
260 437
261 3320
262 1044
263 530
265 3910
266 2742
272 3682
276 944
279 81
282 3591
283 1902
288 3080
293 2964
295 3982
297 562
299 1531
300 212
302 2751
304 3011
306 646
307 1074
313 3643
314 3492
315 623
320 836
321 2899
326 781
332 2168
333 2527
336 341
338 1290
344 1972
352 3161
354 2353
357 681
358 3845
360 2638
368 78
372 3165
375 3162
376 3525
377 1540
380 674
381 3713
385 2847
386 3814
390 289
393 921
394 2092
395 347
396 1494
398 1885
399 2770
401 2925
8221 3882
406 3679
407 3099
408 2799
413 50
416 2304
420 2544
424 2144
427 2553
435 3338
438 2814
444 2580
446 212
453 17
454 2704
455 359
457 783
458 2042
459 919
460 2184
463 1641
466 3698
469 2956
470 2634
471 1635
481 2367
489 2491
490 3137
491 194
496 3901
501 1853
505 12
507 3047
508 3713
511 716
514 3653
515 2591
520 989
521 3606
522 113
527 3986
528 2087
529 1027
541 3807
542 2676
543 2490
544 63
545 379
546 954
548 3356
549 1614
551 3200
553 2336
554 3866
556 2630
558 191
560 1680
561 3916
563 2951
564 291
567 2458
568 1359
569 3766
571 3360
572 3625
573 3886
575 3374
576 3917
577 1821
580 72
582 3105
583 1264
584 633
585 3337
587 277
589 2877
592 26
595 3818
596 3692
597 3168
598 3938
599 54
602 879
604 2196
605 3832
606 373
607 3734
610 1710
614 243
616 3400
618 3219
619 3178
620 3100
626 921
628 2944
629 3219
634 557
637 2986
638 3423
642 2909
645 1092
647 3231
650 3315
652 18
654 3262
657 2352
661 403
662 1819
663 1765
665 658
667 737
668 2684
669 2541
672 1435
673 2898
676 875
677 3559
679 2889
680 2672
682 289
685 3349
686 2946
688 1261
690 3463
691 3927
692 1350
693 3029
694 525
698 3333
700 180
702 2564
704 210
707 3024
709 742
710 989
711 1123
713 2107
715 2896
718 2265
720 1568
721 621
723 2773
724 418
728 373
729 3832
730 3198
732 881
734 1821
735 2490
743 3567
744 1976
746 533
748 1241
751 2746
753 912
758 2524
760 116
763 1812
765 3641
767 1723
771 863
776 2144
778 699
779 195
780 3355
786 2835
789 291
792 95
793 3361
794 1047
796 1123
798 2511
801 1274
803 1261
804 3131
806 3504
807 2484
810 3111
812 2849
814 2470
816 3320
817 4002
818 2966
821 2356
824 1485
832 3792
833 3634
834 948
837 1467
838 1823
839 292
840 3015
841 2642
843 3779
844 2871
845 2154
848 1778
852 429
853 3624
854 1611
855 3181
856 3044
859 1251
860 114
867 2968
868 270
872 325
876 3875
880 2548
882 2918
883 636
885 3400
887 2
888 2394
891 1471
892 664
893 3845
895 419
898 3160
900 1992
901 516
902 3527
905 1542
906 3327
908 714
909 477
910 884
911 623
915 2735
916 2523
922 3131
923 2705
924 3428
926 2707
927 2230
928 1547
930 3486
933 1934
936 3472
937 1123
939 2550
940 687
941 982
942 462
945 3667
947 3599
949 967
952 3163
955 145
956 2708
958 3240
961 2588
965 3571
970 1933
971 3719
972 3877
974 1650
976 3178
978 1803
979 3781
980 3307
984 1988
986 687
988 640
991 1051
992 1778
993 2692
996 3167
998 3547
999 2859
1000 731
1002 206
1003 2679
1004 3994
1007 3283
1008 2696
1009 3453
1012 350
1014 1885
1015 3129
1016 2951
1018 248
1020 2838
1021 3018
1022 2675
1023 2137
1025 88
1026 1168
1030 3108
1032 2031
1033 2589
1034 350
1035 3667
1037 10
1039 3991
1041 3137
1045 1017
1048 2553
1050 2566
1053 472
1054 16
1055 1890
1056 1348
1057 220
1059 3032
1061 68
1062 1137
1063 2894
1064 1863
1067 3567
1070 3553
1072 277
1073 3258
1077 539
1079 2835
1080 2672
1081 3859
1083 630
1088 181
1091 447
1093 3767
1094 1492
1095 1990
1098 2696
1099 2564
1102 3713
1103 1244
1105 3733
1107 3028
1108 2458
1109 1257
1110 2774
1112 1169
1113 1568
1115 2264
1118 3811
1120 3919
1121 1537
1122 1065
1124 3820
1125 3092
1126 2785
1129 3246
1132 2529
1133 2658
1134 2353
1135 3144
1138 1596
1141 3427
1142 477
1143 2914
1144 3323
1145 2251
1146 719
1147 2546
1149 3010
1150 920
1151 981
1154 755
1155 3570
1156 2956
1158 539
1159 3386
1160 1353
1161 1116
1162 3119
1167 2886
1170 2052
1171 1038
1172 3360
1174 3601
1175 3533
1177 4
1180 612
1186 863
1187 2478
1190 3375
1191 3618
1192 3708
1193 3036
1194 2441
1197 3875
1199 2356
1200 2580
1201 61
1204 944
1205 2576
1207 3630
1210 777
1211 148
1213 1988
1215 3408
1216 422
1222 3005
1223 1270
1225 309
1226 33
1229 2562
1230 3442
1231 64
1232 3406
1236 3864
1239 3233
1243 3349
1245 2670
1246 1962
1247 1178
1248 3359
1249 33
1252 63
1253 966
1255 3459
1256 3477
1262 15
1265 475
1271 440
1272 1856
1273 2396
1275 3692
1281 3039
1282 1659
1289 2177
1298 362
1302 361
1304 183
1309 1933
1310 1019
1311 1819
1315 1992
1317 2131
1319 2091
1320 695
1322 191
1323 670
1327 782
1331 2146
1336 3807
1337 3135
1340 2762
1342 1531
1344 701
1351 2590
1352 2751
1354 3372
1355 151
1356 426
1357 3272
1358 3473
1360 349
1363 3737
1364 2648
1366 2830
1367 3011
1368 3557
1370 3885
1372 1614
1374 3104
1375 2
1379 2684
1380 2698
1384 2806
1385 1140
1387 3959
1388 2764
1391 108
1393 1897
1394 2367
1395 2597
1403 50
1404 1856
1405 2645
1406 2610
1407 1348
1409 3425
1412 2984
1413 1629
1414 1863
1415 3421
1416 3302
1418 168
1419 2893
1420 2755
1423 3485
1424 3133
1425 3233
1426 2226
1427 3477
1428 3578
1429 2395
1433 3052
1437 309
1439 3495
1440 2955
1441 2995
1445 3959
1446 3571
1447 3919
1450 374
1452 3117
1453 2636
1455 66
1456 1287
1457 1179
1458 2201
1459 3073
1460 726
1461 2802
1463 482
1464 1294
1465 831
1470 3137
1472 1596
1473 384
1474 104
1475 2941
1476 104
1477 2563
1479 2432
1480 3250
1481 194
1482 2621
1484 1622
1486 3062
1487 697
1488 2660
1489 3200
1490 3410
1493 3282
1495 2551
1496 2270
1497 1104
1498 3845
1500 3297
1501 3379
1504 795
1507 3132
1508 3191
1509 2104
1510 3916
1514 3783
1515 3042
1516 54
1519 935
1520 3778
1522 107
1526 246
1527 2196
1528 3089
1530 64
1533 3667
1534 2650
1538 3712
1539 903
1544 3836
1545 3329
1546 3591
1554 3745
1556 3218
1557 3517
1558 3221
1559 2647
1560 172
1561 497
1563 2225
1564 1382
1565 2608
1567 3470
1570 1569
1572 1777
1573 3156
1574 3359
1581 944
1583 3855
1584 3374
1585 414
1587 1290
1588 3177
1589 2007
1592 173
1594 1324
1595 719
1601 623
1602 2251
1604 1087
1605 2466
1606 705
1609 1084
1612 3335
1613 820
1615 433
1618 3206
1620 640
1623 2916
1624 301
1625 768
1628 3982
1631 3120
1634 2868
1642 3403
1645 221
1646 1442
1648 193
1649 3690
1657 591
1658 2248
1660 2184
1661 3900
1663 178
1664 2038
1665 2196
1667 3811
1668 1438
1669 191
1671 1894
1672 2944
1673 3765
1675 180
1676 684
1679 2042
1682 3042
1683 3607
1685 58
1686 2963
1688 3025
1689 3190
1690 3359
1692 2991
1693 2764
1695 829
1698 2484
1699 538
1701 108
1704 2024
1706 1791
1708 632
1713 858
1714 3323
1715 2546
1720 3044
1721 268
1724 2137
1727 2916
1728 3778
1730 1598
1731 2037
1732 3699
1733 330
1734 2751
1735 3809
1736 2939
1737 3214
1738 3145
1739 3168
1741 2594
1742 3990
1743 3973
1744 1697
1745 3402
1746 1241
1747 232
1748 119
1749 3514
1750 2396
1751 3888
1753 3215
1755 467
1756 3148
1757 3996
1758 2094
1759 2169
1761 3785
1762 1471
1767 2768
1769 3685
1770 2394
1771 3916
1773 2887
1776 2151
1780 3139
1782 2758
1784 3018
1786 3649
1787 2192
1788 3855
1789 3986
1790 2343
1794 441
1797 2141
1798 502
1799 42
1801 3384
1805 3302
1806 350
1807 2343
1808 985
1809 3532
1810 3613
1811 3088
1813 1977
1814 2649
1815 3446
1817 2594
1824 351
1825 648
1830 3235
1831 2925
1832 3131
1833 2929
1834 1551
1836 1339
1837 1552
1839 2736
1842 2763
1843 3820
1844 2779
1845 1442
1846 3697
1847 1137
1848 2523
1849 795
1852 870
1854 322
1858 1303
1859 296
1860 3855
1862 1189
1864 3190
1865 2641
1866 3110
1867 3753
1868 641
1869 26
1870 2341
1871 3602
1872 63
1874 3499
1880 26
1883 2396
1886 943
1887 200
1888 578
1891 310
1895 78
1898 3971
1899 1717
1900 2648
1901 517
1905 1392
1907 2796
1908 3271
1910 3377
1913 2376
1916 2960
1919 2495
1920 278
1921 118
1922 1284
1923 340
1924 3488
1926 422
1928 308
1930 2374
1931 3704
1932 1659
1935 653
1936 3500
1937 3592
1938 2306
1940 3661
1941 3046
1943 3996
1944 3294
1945 2470
1946 3789
1948 2192
1949 2738
1950 3493
1951 3046
1953 224
1954 1111
1955 2552
1956 3709
1958 2830
1960 3316
1961 3875
1963 1296
1964 208
1966 1111
1969 2083
1973 819
1974 220
1975 2918
1978 174
1979 3537
1983 921
1985 3476
1986 1992
1987 3911
1989 1571
1991 123
1993 464
1996 1591
1999 1295
2001 3218
2002 3596
2004 3551
2005 1826
2008 3232
2012 674
2013 3176
2014 2209
2015 802
2017 811
2018 2458
2019 714
2020 2446
2021 3853
2022 3492
2023 1821
2026 2593
2029 2707
2030 1313
2033 3690
2034 142
2036 423
2039 1499
2040 210
2041 1314
2046 2931
2047 108
2048 2889
2049 3722
2050 3709
2051 1217
2053 609
2055 1929
2056 3072
2058 1576
2059 2169
2060 1140
2061 131
2062 3347
2065 1775
2066 3221
2068 3378
2071 3212
2072 2995
2073 3530
2075 2704
2080 1089
2081 3505
2082 1467
2084 1875
2085 3680
2086 3820
2090 1240
2095 3566
2096 59
2097 3785
2099 3463
2100 3894
2102 3035
2105 3377
2106 3717
2109 1435
2111 2735
2112 2887
2113 2760
2114 1238
2117 3950
2118 3807
2119 2585
2120 3295
2122 1332
2123 234
2124 2942
2125 2686
2126 179
2127 3824
2129 3918
2132 3376
2134 2876
2140 3768
2142 185
2145 2797
2148 1324
2150 3436
2152 3983
2155 2596
2156 3190
2157 2183
2158 3782
2159 2800
2161 3581
2163 3480
2165 1359
2171 3476
2174 2799
2176 3424
2179 2638
2180 1411
2181 2557
2182 157
2187 44
2188 870
2189 3472
2191 3527
2193 624
2195 2973
2198 3624
2199 3512
2200 3232
2202 3532
2203 3869
2204 2444
2208 173
2211 335
2212 879
2214 1555
2217 774
2218 3804
2220 421
2221 181
2222 3844
2223 3521
2227 3171
2229 1571
2232 2443
2233 2507
2236 1013
2237 2530
2238 2784
2241 2696
2242 3209
2243 42
2244 432
2246 3722
2247 2819
2249 1157
2250 2162
2253 1494
2255 1189
2256 2551
2257 36
2258 3933
2260 1076
2261 3467
2262 1968
2266 327
2267 2847
2268 2830
2272 3516
2273 3366
2274 3851
2277 1312
2278 968
2279 1630
2280 156
2281 1369
2283 2756
2284 418
2286 775
2287 2345
2288 1840
2291 3810
2292 3377
2293 2643
2295 2089
2296 3756
2297 3432
2298 2956
2299 206
2300 3640
2301 2079
2302 3989
2303 2982
2305 3465
2307 3190
2308 3596
2310 3364
2311 2972
2313 3290
2314 1610
2315 3591
2316 675
2317 1264
2318 2738
2319 3986
2320 2851
2323 1137
2324 919
2325 2192
2326 2007
2327 3156
2330 512
2333 2532
2334 123
2335 3721
2337 3972
2338 3402
2339 3622
2340 3355
2342 2681
2344 703
2346 3983
2347 2567
2348 3987
2349 2844
2350 3456
2351 1650
2358 2429
2360 160
2362 483
2370 3406
2373 2365
2377 1300
2379 2871
2382 3581
2386 3010
2387 1835
2389 1614
2390 1710
2391 3166
2392 4
2393 633
2397 384
2398 2248
2399 105
2400 3508
2401 3148
2403 3204
2404 2697
2405 3776
2407 492
2408 2251
2411 3445
2413 3065
2414 2657
2416 783
2417 478
2418 3979
2419 2028
2421 343
2423 3927
2424 3916
2425 2025
2426 2661
2427 1764
2433 3647
2435 2495
2436 518
2438 1333
2439 334
2440 129
2447 3383
2448 3190
2449 3187
2450 846
2453 230
2454 2692
2455 1448
2456 884
2457 3832
2459 3749
2460 1399
2461 1283
2464 3748
2476 1183
2477 3833
2479 2875
2481 2491
2482 2933
2485 3585
2486 2219
2487 1166
2489 800
2492 3089
2493 1998
2494 1244
2499 684
2501 3108
2502 3269
2505 1166
2508 2718
2509 2876
2512 290
2513 3912
2515 1802
2516 1981
2517 3192
2518 400
2519 3565
2520 1166
2521 2092
2537 1569
2559 3861
2568 708
2570 220
2579 3529
2587 3925
2595 3571
2602 2289
2615 310
2623 1885
2625 36
2626 646
2629 3517
2639 2600
2659 103
2693 2844
2695 3070
2713 2593
2723 2825
2725 3677
2769 3229
2776 2881
2777 627
2790 774
2811 1772
2818 3667
2834 913
2866 2841
2953 3790
2959 3644
2976 3184
2989 631
3000 3374
3027 581
3057 2430
3067 199
3081 823
3085 392
3116 84
3146 3565
3147 2752
3154 615
3208 3750
3225 2816
3236 948
3238 1369
3242 1369
3261 2606
3264 878
3278 822
3301 2810
3305 1117
3317 1995
3325 2745
3328 2130
3351 1082
3363 3108
3367 1853
3396 3159
3411 2970
3434 3203
3437 641
3448 1224
3460 2167
3461 861
3464 3521
3466 3862
3478 35
3487 2172
3491 3167
3511 3348
3528 478
3534 185
3556 3014
3563 1971
3579 1400
3603 1569
3611 3931
3614 391
3635 195
3659 3775
3669 2527
3676 3126
3678 3951
3681 48
3701 2306
3715 3708
3728 499
3729 524
3731 2376
3741 2741
3751 6
3755 1448
3764 1492
3769 2543
3788 3622
3794 2958
3800 3893
3815 2804
3823 255
3828 2929
3831 13
3837 943
3871 2000
3879 2863
3890 2666
3891 1819
3892 433
3896 3849
3899 1562
3903 3636
3909 526
3915 2240
3935 498
3939 2794
3943 2806
3966 3285
3968 1401
3969 3432
3978 292
3995 285
4003 3685
4005 3058
4006 369
4007 3026
4008 2829
4009 3241
4010 2995
4011 3032
4012 2913
4013 3684
4014 373
4015 3650
4016 1630
4017 3985
4018 2684
4019 356
4020 1551
4022 3386
4024 1074
4025 430
4027 2894
4028 197
4029 2553
4030 268
4033 3019
4035 1835
4036 1183
4037 2635
4039 165
4040 2736
4041 863
4042 1264
4043 1325
4045 2172
4046 151
4047 3132
4049 873
4050 3447
4051 2172
4052 3025
4053 2367
4054 2901
4055 894
4056 982
4057 1442
4058 3596
4060 1307
4062 2572
4063 3423
4064 3972
4065 1729
4066 331
4067 345
4069 3508
4070 410
4071 3249
4073 2052
4074 2701
4075 913
4076 3084
4079 1666
4082 1934
4083 2816
4084 3864
4085 3182
4087 3194
4090 2950
4091 3578
4092 96
4093 2121
4094 3790
4096 1550
4097 555
4098 2773
4100 2607
4102 3102
4104 1632
4105 3414
4106 912
4107 3167
4108 884
4109 1183
4111 3631
4112 3814
4114 3051
4116 2914
4117 2809
4118 2898
4119 2802
4120 3736
4123 2666
4124 3990
4126 768
4129 1632
4130 3581
4133 171
4135 1258
4137 3644
4138 938
4139 1494
4142 114
4143 3489
4144 2215
4145 3565
4146 1611
4147 733
4148 3805
4149 337
4150 3028
4151 246
4152 2801
4153 2554
4154 1096
4156 2915
4157 3181
4158 1562
4159 35
4160 1242
4162 1017
4163 2025
4164 2304
4168 3373
4169 2610
4170 3901
4172 681
4173 1417
4174 3972
4176 1912
4178 2131
4183 2478
4185 1876
4186 3149
4187 2806
4189 425
4191 3273
4194 2470
4195 2375
4196 3841
4197 1656
4198 1549
4201 1137
4202 3937
4203 3239
4204 3970
4205 1176
4206 1678
4207 633
4209 3440
4210 2886
4213 712
4214 497
4215 3312
4216 2717
4217 2054
4218 2702
4220 3651
4222 1294
4223 2484
4225 1636
4226 1754
4227 3795
4228 1506
4229 2717
4230 3161
4231 532
4232 3553
4234 3346
4235 2196
4236 1525
4238 2950
4239 3813
4240 3469
4241 2827
4242 2000
4244 3482
4245 790
4246 1090
4248 2636
4249 2668
4250 1235
4251 2473
4252 2185
4253 3592
4254 3780
4255 346
4257 2092
4258 23
4259 990
4260 2375
4261 2162
4263 3963
4265 3605
4266 3622
4268 168
4269 90
4271 3320
4272 1512
4273 772
4275 2304
4276 1637
4277 601
4278 2864
4279 2732
4280 317
4281 1137
4282 3845
4284 2225
4285 478
4286 516
4287 2797
4288 1590
4290 969
4292 651
4293 1793
4295 1277
4297 497
4299 3525
4300 2784
4301 264
4302 67
4304 3228
4305 3234
4306 3893
4307 2270
4308 3313
4309 2734
4310 3390
4311 3709
4312 104
4313 2984
4314 2551
4315 3442
4318 18
4319 2213
4321 2914
4322 443
4323 3316
4324 136
4325 2807
4326 3601
4328 351
4329 1518
4331 3279
4333 449
4334 894
4335 1785
4336 3054
4337 373
4338 1726
4339 3107
4340 3737
4342 3482
4343 2944
4344 2431
4345 2925
4346 1586
4347 2149
4348 66
4350 3567
4351 2849
4353 2696
4354 3152
4355 517
4357 2996
4359 3382
4361 938
4362 2178
4363 1276
4364 3168
4365 3762
4368 1266
4369 2240
4371 858
4372 2778
4373 925
4375 2000
4376 3288
4377 764
4378 3382
4379 3282
4382 3749
4383 284
4384 3473
4385 1903
4386 3571
4387 3217
4388 2771
4389 531
4390 4000
4391 944
4394 1392
4395 3311
4396 3640
4397 2709
4400 3349
4401 1448
4402 3512
4403 1637
4405 2738
4406 3213
4407 3964
4408 212
4409 3905
4410 1793
4411 3577
4412 224
4413 3517
4414 3288
4415 2700
4416 3298
4417 3052
4418 1600
4419 2825
4420 3138
4421 1576
4423 3488
4424 788
4425 1101
4426 1691
4427 1378
4428 1332
4429 3188
4432 1238
4433 422
4434 516
4435 3880
4436 1005
4437 3350
4439 1550
4440 3112
4441 3855
4443 1535
4444 16
4445 2783
4446 3126
4447 205
4448 2490
4449 1863
4450 3083
4451 2820
4452 2523
4455 2285
4456 2569
4457 666
4458 2940
4459 3998
4460 1296
4461 2704
4462 3452
4464 2702
4466 2735
4467 3946
4468 3566
4470 1078
4471 2885
4472 2547
4473 464
4474 1718
4475 2753
4476 1069
4477 3504
4478 3152
4479 2231
4480 2727
4481 3907
4482 866
4483 2757
4487 531
4488 517
4489 967
4490 1089
4494 782
4495 1687
4496 205
4497 530
4498 51
4499 745
4500 3029
4503 3931
4504 2361
4506 2719
4507 434
4508 1279
4510 259
4511 2796
4512 3315
4513 2434
4514 3105
4515 3521
4516 181
4517 2591
4518 3220
4520 1290
4521 603
4522 467
4523 3865
4525 512
4526 2560
4529 1549
4530 1892
4531 3203
4532 3286
4534 1392
4535 362
4536 113
4537 2929
4538 2930
4539 1513
4540 2830
4541 1709
4543 2897
4544 1392
4545 2530
4546 3052
4548 328
4549 687
4550 3805
4551 3052
4552 498
4553 1202
4554 3058
4555 3501
4556 1716
4557 2828
4559 2560
4560 3716
4561 2240
4562 1752
4563 1442
4564 3161
4566 2037
4567 3889
4568 220
4572 237
4573 206
4575 2752
4576 2355
4577 3811
4578 1777
4579 3442
4580 2683
4581 3501
4582 603
4583 1889
4585 3101
4586 3455
4587 3277
4588 1829
4590 2567
4591 3044
4593 2787
4594 173
4595 2665
4596 2484
4597 3987
4598 3658
4599 3201
4602 3480
4603 2270
4604 1988
4605 3274
4606 2352
4607 3848
4608 3820
4609 3292
4610 797
4611 2902
4612 2194
4613 3180
4614 1632
4615 3297
4616 35
4617 198
4618 703
4620 3961
4621 3845
4622 2089
4623 3893
4624 432
4625 2543
4626 2539
4627 3639
4628 2653
4629 2645
4631 3426
4632 3748
4633 61
4634 3825
4635 1359
4636 2700
4637 3737
4638 2835
4639 2201
4640 284
4641 3589
4642 3959
4643 2936
4644 3247
4645 1244
4646 3231
4647 1258
4648 2567
4650 3880
4651 3051
4652 1469
4654 2225
4655 21
4657 2810
4658 3387
4659 1885
4660 2101
4661 2973
4662 1506
4663 2884
4665 570
4666 1879
4667 2038
4668 683
4671 1863
4672 741
4673 797
4674 3334
4675 339
4676 3212
4677 339
4678 784
4680 3089
4681 1436
4682 2458
4683 3303
4684 847
4686 88
4687 943
4688 1176
4690 3438
4691 3766
4692 1829
4693 3826
4694 3826
4697 3679
4698 1766
4699 2828
4700 873
4701 3690
4702 3176
4703 699
4704 3275
4705 3013
4706 2130
4707 2939
4708 2682
4709 2581
4710 1766
4714 3732
4715 2564
4716 3895
4718 2727
4719 3624
4720 3364
4721 3114
4722 3087
4723 1700
4725 2814
4726 3746
4727 2551
4728 2961
4729 148
4732 2094
4734 3644
4735 2469
4736 846
4738 1912
4739 3425
4742 183
4743 3235
4746 2707
4747 3262
4748 107
4750 836
4751 714
4752 3479
4753 3424
4755 1630
4756 84
4758 1972
4759 2388
4760 327
4762 3425
4763 2846
4764 1348
4765 1301
4766 1058
4767 2654
4769 907
4770 636
4771 3287
4772 2451
4773 3054
4774 2541
4775 2183
4776 4000
4777 465
4779 3706
4780 3299
4782 641
4783 3589
4784 3338
4785 717
4786 2814
4787 2712
4788 2628
4789 3346
4790 2442
4792 3538
4793 3113
4794 3782
4796 727
4797 784
4798 1518
4799 1670
4800 2078
4801 178
4803 717
4804 1111
4805 3329
4806 3298
4807 425
4809 3174
4812 26
4813 3121
4814 2656
4815 21
4816 3758
4817 3691
4819 317
4820 1857
4821 2816
4822 328
4824 1537
4825 2971
4826 3234
4827 1301
4828 3682
4829 3302
4830 2944
4832 3005
4833 1643
4834 1857
4835 535
4836 3703
4837 3813
4838 3581
4839 3797
4840 3159
4841 2929
4843 27
4844 1596
4845 3229
4847 3576
4848 1566
4849 2265
4850 2791
4851 2700
4852 2859
4853 1127
4855 1881
4856 811
4857 524
4858 369
4859 3850
4860 1378
4861 3972
4862 3607
4863 3644
4864 2543
4865 1066
4866 3252
4868 2589
4869 3690
4870 2186
4871 213
4872 2995
4873 3766
4874 714
4875 1283
4877 3153
4878 1031
4879 3562
4880 1760
4881 1153
4882 370
4885 3703
4886 2888
4887 361
4889 1997
4891 2892
4892 3826
4894 1894
4895 2606
4897 963
4898 3313
4900 2864
4901 2514
4904 754
4905 3249
4907 3359
4908 456
4910 3495
4911 1038
4912 3565
4913 3952
4914 795
4915 482
4917 93
4921 89
4922 1209
4924 3867
4925 1647
4926 1411
4928 3040
4929 1443
4931 3206
4932 777
4935 3696
4936 2979
4938 3471
4939 3606
4940 3625
4941 2430
4942 1662
4945 2807
4946 3227
4947 621
4950 2178
4951 3349
4952 3198
4953 536
4955 3192
4956 3279
4957 2016
4958 472
4959 2702
4960 1027
4961 66
4962 3019
4963 3718
4964 3560
4965 200
4966 3601
4967 3167
4968 1227
4970 2698
4972 60
4974 1089
4977 486
4978 76
4979 16
4980 280
4981 3702
4982 2887
4983 1324
4984 3200
4985 2876
4987 701
4991 480
4992 3668
4993 2999
4994 2849
4995 3354
4996 1287
4997 3160
4998 1244
4999 3739
5000 2650
5002 1655
5003 2470
5004 2890
5005 966
5006 701
5007 624
5008 538
5010 3663
5011 2654
5012 1511
5014 117
5015 1173
5016 388
5017 1535
5018 1889
5019 3384
5020 87
5021 957
5023 449
5025 687
5026 1290
5028 445
5029 504
5031 3859
5032 3102
5034 1198
5035 2240
5037 3308
5038 2934
5039 1359
5041 2784
5043 411
5044 119
5045 3756
5046 1101
5047 3652
5049 181
5050 117
5052 2711
5056 41
5057 3521
5059 3376
5061 3689
5062 631
5063 1491
5064 1136
5069 152
5070 47
5071 2950
5072 3765
5073 1251
5075 2471
5076 1214
5077 308
5078 2854
5079 378
5080 1029
5081 1338
5083 1988
5091 811
5092 3001
5094 308
5100 3450
5102 114
5103 2107
5104 2839
5105 1383
5106 2550
5107 2787
5108 359
5109 3742
5110 3526
5111 3809
5112 1791
5115 3037
5116 3953
5117 2788
5118 477
5119 733
5120 2534
5122 3885
5123 3120
5124 2957
5126 3797
5129 3641
5130 3292
5131 2968
5132 3016
5133 3170
5134 3385
5135 2396
5136 3666
5137 2197
5138 783
5139 3445
5140 3250
5142 3624
5144 3203
5145 1976
5146 478
5147 2593
5148 3500
5149 879
5150 2958
5151 3882
5154 319
5155 328
5156 1876
5157 1972
5159 1335
5160 280
5161 3338
5163 3523
5164 2624
5166 2974
5167 615
5168 3663
5169 1024
5172 1779
5173 3632
5174 994
5175 1775
5176 1195
5177 3467
5178 2771
5179 1694
5181 327
5182 2429
5183 3868
5184 3709
5186 1568
5188 2443
5191 3109
5192 3539
5193 1332
5194 3258
5195 1778
5196 3443
5198 1066
5199 467
5201 1611
5202 3493
5203 1696
5204 2357
5205 755
5206 3948
5207 227
5208 2468
5209 356
5210 3463
5211 3653
5212 3721
5213 3761
5214 1179
5215 3114
5216 1635
5217 3847
5219 3270
5221 1448
5222 238
5225 590
5227 3023
5228 3555
5229 2991
5230 2491
5231 2710
5233 1550
5235 3650
5236 641
5237 3895
5238 3859
5239 2263
5240 3173
5242 1308
5243 3570
5244 538
5245 3428
5246 518
5247 3849
5248 172
5249 3338
5250 3695
5251 2864
5252 3356
5255 3694
5256 2115
5257 1244
5258 3034
5259 3848
5260 2130
5261 2799
5262 3459
5263 2446
5264 1885
5265 2878
5266 1816
5267 983
5268 2235
5270 3988
5271 1549
5272 2893
5273 1576
5274 3671
5275 625
5276 3192
5277 3479
5278 450
5279 410
5280 774
5281 1970
5282 1314
5283 775
5286 3091
5287 48
5288 785
5289 290
5290 783
5291 3037
5292 3618
5293 329
5294 1288
5296 2151
5297 1296
5298 586
5299 3333
5300 1270
5301 3526
5304 2507
5308 903
5309 49
5310 1611
5311 1566
5312 194
5314 3888
5315 1127
5317 518
5318 1562
5319 3374
5320 2598
5321 3213
5323 2541
5324 2031
5327 392
5328 2784
5330 2458
5331 3814
5332 2110
5333 3945
5335 3360
5336 59
5337 213
5338 1468
5341 412
5342 3190
5343 2264
5345 2209
5346 3244
5347 3954
5348 1678
5350 1065
5352 3679
5353 2684
5354 2356
5355 2143
5356 2586
5357 2853
5358 1139
5359 347
5360 322
5361 2468
5362 3547
5363 557
5366 2680
5367 3382
5368 2674
5369 727
5370 3227
5371 3031
5372 41
5373 284
5374 2248
5375 2230
5376 3277
5379 487
5381 227
5382 3537
5383 2533
5384 345
5385 851
5386 119
5388 3976
5389 2839
5391 1284
5392 3599
5393 1058
5394 2538
5395 1977
5396 93
5397 3277
5398 2851
5399 3071
5400 156
5401 3266
5402 1976
5403 3402
5404 2936
5406 3767
5408 3432
5409 2820
5410 3545
5412 3512
5413 3703
5414 3691
5415 35
5416 3760
5417 3311
5418 3308
5419 3267
5420 3398
5421 2178
5422 2849
5424 3907
5425 3109
5427 3073
5428 3192
5429 2353
5431 512
5432 334
5433 432
5435 2636
5436 319
5437 3069
5438 3546
5439 714
5440 2196
5441 2969
5442 2522
5443 537
5445 1614
5446 1270
5447 3907
5449 1117
5450 1417
5452 118
5453 2916
5454 2743
5456 3051
5457 3868
5458 2510
5459 3145
5460 292
5461 2998
5462 2637
5463 795
5464 268
5465 3422
5466 1678
5467 3810
5468 2886
5470 3445
5472 3248
5473 2963
5474 3384
5475 3207
5476 1712
5477 2231
5478 1090
5479 411
5480 1655
5481 2999
5482 2822
5483 142
5484 4
5486 749
5487 2821
5489 2736
5490 631
5491 3954
5496 1382
5497 3979
5498 42
5499 384
5500 1878
5503 2101
5504 2131
5505 879
5507 405
5508 3748
5509 441
5510 1261
5512 1818
5513 123
5514 913
5515 2742
5516 2289
5517 938
5518 2975
5519 488
5520 3259
5521 975
5522 3133
5523 294
5525 1863
5526 3997
5527 3097
5529 1267
5530 1291
5532 2289
5534 2765
5536 3721
5537 2251
5538 3608
5539 2859
5540 3652
5541 1822
5543 2584
5544 3862
5546 1494
5547 2622
5548 850
5549 2523
5550 47
5551 3330
5552 2270
5553 3976
5554 2778
5555 2226
5556 1904
5557 3235
5559 775
5560 2978
5561 3972
5562 3901
5563 1212
5564 2529
5565 1711
5566 2764
5568 3612
5569 3900
5570 169
5571 787
5572 2472
5576 2356
5577 3097
5578 2529
5579 2948
5580 3895
5582 417
5583 2578
5586 1179
5588 1189
5590 3459
5591 3836
5592 1890
5593 2803
5594 3992
5595 3331
5596 1242
5597 2930
5599 197
5600 8
5601 418
5603 2219
5604 317
5605 4002
5606 699
5607 2469
5608 3365
5610 1647
5611 3449
5612 2444
5613 3722
5614 3177
5615 907
5616 3228
5618 3053
5619 1812
5620 3733
5621 341
5622 3376
5624 3286
5625 547
5626 1819
5627 678
5628 2133
5629 2876
5630 3099
5631 2581
5632 3234
5633 124
5634 3862
5636 3561
5641 957
5642 2974
5643 3739
5644 2735
5645 2973
5646 341
5648 3670
5649 3160
5650 367
5651 1632
5652 2796
5653 2933
5654 640
5655 2971
5656 3441
5657 3933
5658 754
5659 3443
5660 3383
5661 305
5662 2641
5664 244
5665 3090
5666 2966
5667 1851
5668 2555
5669 1611
5671 2345
5672 2042
5673 2526
5674 581
5675 3162
5676 2961
5677 2722
5679 124
5680 3020
5681 269
5682 1287
5683 1324
5684 1976
5685 2586
5686 3072
5687 1244
5689 2529
5690 2653
5691 256
5692 3414
5693 2875
5694 3980
5695 3651
5696 526
5697 290
5698 2680
5699 2861
5700 1995
5702 3032
5703 3005
5704 3680
5705 198
5707 2827
5709 674
5711 3403
5712 2632
5713 2998
5715 3334
5716 2979
5717 1349
5718 2525
5720 1436
5721 3109
5722 3294
5723 625
5724 2772
5725 2205
5726 2752
5728 3131
5729 3489
5731 3375
5733 474
5734 482
5735 2751
5736 80
5737 488
5738 84
5739 3267
5740 3239
5741 3285
5742 2741
5743 3252
5744 2394
5746 1531
5747 1711
5749 703
5750 239
5752 2263
5753 2848
5757 3227
5758 273
5759 169
5760 2828
5761 2525
5762 280
5763 3520
5764 1632
5765 3013
5766 18
5767 2265
5769 590
5770 1531
5771 2635
5772 849
5773 3783
5774 1051
5775 1036
5777 1449
5778 2178
5779 2896
5780 1244
5781 3125
5782 2069
5783 3472
5784 164
5785 443
5786 3866
5788 1263
5789 2551
5791 3200
5793 2154
5795 1531
5796 3566
5797 3428
5798 3653
5799 1535
5800 1977
5802 907
5803 3739
5804 3355
5805 3190
5806 3268
5808 3812
5809 374
5810 967
5812 1911
5813 963
5814 3617
5815 1117
5816 384
5817 366
5818 3589
5819 2396
5822 3589
5823 2854
5826 3458
5827 3270
5829 2567
5830 1691
5831 2353
5832 3601
5833 3584
5834 3043
5836 3489
5837 2548
5838 2988
5839 2970
5840 3171
5841 3997
5842 3312
5843 1552
5846 3462
5847 3385
5848 3488
5849 1238
5850 2751
5851 168
5853 3133
5854 2415
5855 2985
5856 2367
5857 157
5858 3224
5863 3517
5864 2336
5865 3121
5866 3173
5869 1677
5870 484
5871 3114
5872 2964
5873 578
5874 3780
5875 2186
5876 18
5878 346
5879 51
5880 2098
5881 3382
5882 858
5883 815
5884 1619
5885 687
5886 2011
5887 2543
5888 2175
5889 3232
5891 2970
5892 943
5894 1027
5895 353
5896 208
5897 2215
5898 3618
5899 291
5900 2578
5901 3571
5902 2443
5903 3740
5904 627
5905 2825
5906 1092
5908 2581
5909 2560
5911 3260
5912 3344
5914 1042
5915 2702
5916 430
5917 200
5918 1982
5919 1804
5920 957
5921 290
5923 374
5924 1123
5925 3889
5926 1111
5927 3595
5928 109
5930 244
5931 3864
5932 21
5933 3508
5934 1600
5935 3787
5936 2000
5937 2146
5938 2859
5939 3916
5940 15
5941 3255
5943 3024
5944 967
5945 1071
5946 1042
5947 3207
5948 3403
5950 3937
5951 3538
5952 3821
5953 2600
5954 1835
5955 3811
5956 210
5958 1740
5959 2902
5960 3040
5961 1804
5962 1111
5963 1796
5965 2472
5966 1299
5967 3974
5968 3847
5969 3345
5970 3440
5972 3654
5975 1283
5976 2881
5977 1619
5978 3913
5979 3665
5980 3954
5981 3331
5982 1551
5983 2555
5984 3247
5985 1656
5987 2225
5988 3470
5989 3540
5990 3484
5991 3699
5992 3997
5993 3246
5995 3174
5996 699
5997 2848
5998 3602
6000 308
6002 2696
6003 819
6004 2321
6005 2903
6006 2162
6007 3226
6008 1716
6009 3658
6010 1238
6011 2530
6012 1468
6013 3267
6014 762
6015 93
6016 3712
6017 3370
6018 53
6019 437
6020 3383
6021 2384
6022 3096
6023 3772
6025 3640
6026 1630
6027 3506
6030 790
6032 727
6033 2624
6034 144
6036 342
6037 1994
6041 2957
6042 3689
6044 2038
6046 113
6047 3709
6048 2765
6049 2149
6051 2697
6053 3593
6054 2248
6056 3224
6057 3337
6058 2816
6059 1641
6060 1043
6061 3787
6062 1066
6063 2760
6064 247
6065 2031
6068 2843
6069 2787
6070 2201
6072 1856
6073 1821
6075 3035
6076 67
6078 2800
6079 2700
6080 1512
6081 2745
6082 3866
6083 1614
6084 2444
6085 2564
6086 3462
6087 3893
6088 1332
6089 3783
6090 1764
6091 697
6092 2226
6093 3212
6094 3421
6095 586
6096 1540
6097 83
6098 3576
6100 1569
6101 2744
6102 2660
6103 1084
6104 3132
6105 3504
6106 1576
6107 2806
6108 2588
6109 2900
6110 2665
6111 1116
6112 3245
6113 524
6114 1164
6116 3402
6117 3258
6118 3679
6121 3987
6122 1221
6123 943
6124 2458
6126 3
6127 221
6128 51
6129 777
6130 2992
6131 337
6132 95
6133 51
6134 16
6135 2115
6136 498
6137 2467
6138 3774
6139 1401
6140 3080
6141 3127
6142 586
6143 1652
6144 2367
6145 907
6147 1238
6150 2472
6151 3761
6152 374
6153 1972
6156 2782
6159 1382
6160 2825
6162 1274
6163 3049
6164 2732
6165 3717
6167 2881
6168 3740
6170 3921
6171 359
6173 3792
6174 2269
6175 3571
6176 664
6178 3337
6179 3189
6180 3561
6181 954
6182 590
6184 3023
6185 2532
6186 4000
6187 2994
6189 3654
6190 3419
6191 278
6192 3531
6193 1911
6195 423
6200 3661
6201 2572
6203 1335
6204 3878
6205 2271
6206 1800
6209 2717
6210 3981
6212 2846
6213 1598
6214 3025
6215 3272
6216 3284
6217 1796
6218 963
6221 3596
6222 640
6223 1359
6225 3432
6227 2133
6228 371
6229 3329
6230 56
6233 3127
6234 2206
6235 2644
6236 3459
6237 3639
6239 3271
6241 2606
6242 2958
6243 3253
6245 3097
6247 2594
6248 3013
6249 3034
6250 1
6251 3872
6252 894
6253 1218
6256 1800
6258 1218
6260 3813
6261 3520
6262 71
6264 3130
6265 2523
6266 2941
6267 3965
6268 369
6269 2672
6270 3703
6271 478
6272 3607
6274 3989
6275 3145
6276 3699
6277 2264
6278 2949
6279 59
6280 3803
6281 3911
6283 2565
6284 1068
6285 2524
6288 1535
6290 764
6291 294
6292 2083
6293 3658
6298 3895
6302 3870
6303 5
6304 2848
6305 524
6306 3500
6307 894
6308 1313
6309 1350
6310 3292
6311 600
6313 2760
6314 919
6315 3983
6316 1906
6317 1861
6320 2901
6321 2275
6323 2458
6325 3032
6326 3732
6327 2057
6328 532
6330 1513
6331 863
6332 3742
6335 2209
6336 3327
6337 1997
6338 3602
6341 1543
6343 3277
6344 3529
6345 221
6346 2918
6347 2239
6348 47
6349 1729
6350 2596
6351 3952
6352 15
6353 954
6354 447
6355 2167
6356 2616
6358 2999
6359 3386
6360 3439
6361 2528
6362 1241
6363 1492
6364 3713
6365 3298
6366 742
6367 2884
6368 1599
6369 1687
6370 2138
6371 3065
6374 146
6375 1058
6376 3610
6377 2254
6378 441
6379 3343
6380 3489
6381 13
6382 2168
6383 169
6384 3981
6385 3646
6386 3562
6389 3078
6390 1467
6391 3819
6392 2146
6395 1853
6396 3952
6398 3254
6401 518
6403 1576
6404 2763
6405 3100
6407 88
6408 2138
6411 449
6412 866
6414 646
6415 2689
6417 2647
6418 3115
6419 2184
6421 3662
6422 3243
6423 2213
6424 3911
6428 3489
6429 3868
6430 3440
6431 3218
6432 2619
6434 2091
6435 2900
6436 1791
6437 2548
6438 1382
6440 2687
6441 3174
6443 3637
6444 615
6445 2733
6447 3846
6448 2534
6449 861
6450 2569
6452 3555
6453 603
6454 2968
6455 277
6456 3379
6457 3572
6458 3385
6459 3562
6460 757
6463 1046
6464 2678
6465 646
6466 2154
6469 2946
6470 248
6472 287
6473 2567
6475 1376
6476 246
6477 2752
6478 3183
6479 2016
6480 603
6481 3692
6482 1984
6483 21
6484 1314
6485 799
6486 3947
6487 1209
6488 1343
6489 774
6490 2103
6491 953
6492 2185
6495 3595
6496 2285
6497 3030
6499 183
6500 3658
6503 2635
6504 3738
6505 3757
6506 674
6507 163
6508 2458
6509 1547
6510 3086
6511 2672
6512 3774
6513 2269
6514 3664
6515 1130
6517 3286
6518 1775
6520 3543
6521 3181
6522 2991
6524 1608
6527 191
6528 415
6529 3853
6530 1294
6531 1295
6533 1209
6534 3717
6535 1835
6536 538
6537 2557
6539 1173
6543 3772
6544 1984
6545 3765
6546 633
6548 3971
6549 3851
6550 797
6551 2514
6552 3623
6554 3091
6555 1691
6556 3118
6558 1897
6559 624
6560 2800
6561 1123
6562 107
6563 2468
6564 107
6565 301
6566 3609
6567 3566
6569 533
6570 3141
6571 889
6572 2853
6573 2597
6574 896
6575 2727
6577 2877
6579 3135
6581 1995
6582 3894
6583 3454
6586 2032
6587 2770
6588 3334
6589 3203
6590 248
6592 1575
6593 2809
6595 3469
6596 400
6597 3836
6599 3644
6600 1569
6601 2641
6602 3453
6603 3382
6604 3111
6605 3996
6606 3201
6607 1049
6608 1792
6609 3441
6612 72
6613 3572
6614 3159
6615 2848
6616 2812
6618 2356
6619 3697
6620 3471
6622 3404
6623 878
6624 2771
6626 3183
6628 3091
6629 3748
6630 2702
6631 1992
6632 649
6634 1300
6636 1432
6637 3316
6638 2153
6639 1772
6640 3316
6642 350
6643 3476
6644 3213
6645 3977
6646 1209
6648 3707
6649 2826
6650 3802
6652 3226
6653 3526
6654 981
6656 2235
6657 1343
6658 1647
6660 108
6661 826
6662 3316
6663 504
6664 2357
6665 1856
6666 3004
6668 35
6669 3947
6670 858
6671 2679
6672 2848
6673 3184
6674 1812
6675 2444
6676 3112
6677 509
6679 3037
6680 3504
6681 2605
6682 3083
6683 1001
6684 3613
6685 2842
6686 2306
6688 3521
6689 2607
6690 3142
6691 209
6692 759
6694 3768
6695 80
6696 3547
6697 3533
6698 3378
6700 1925
6701 3507
6703 3493
6704 534
6705 2104
6706 1892
6707 165
6708 2197
6709 3760
6710 3192
6712 2979
6714 3595
6715 646
6716 3331
6717 591
6718 2
6719 2642
6720 3277
6722 426
6723 2701
6724 1049
6726 3986
6727 3162
6728 3912
6729 373
6730 291
6731 3527
6732 3941
6733 3052
6734 3229
6735 3733
6736 3772
6737 3581
6738 2035
6739 1381
6740 3036
6741 2025
6742 2473
6743 129
6744 1276
6746 861
6747 1696
6748 3792
6749 96
6751 2918
6752 3797
6753 1819
6754 3495
6755 2514
6756 1333
6757 2107
6759 72
6760 3948
6761 612
6762 2829
6764 292
6765 985
6766 98
6767 1684
6768 3825
6769 640
6770 3180
6771 3779
6772 2762
6773 820
6774 3945
6775 3567
6776 3824
6777 3984
6778 3118
6779 2979
6780 1982
6781 280
6782 325
6783 3111
6784 349
6785 1434
6786 1531
6787 247
6788 2578
6789 405
6790 223
6791 477
6792 2430
6793 3169
6794 2078
6795 484
6796 739
6800 3545
6801 742
6802 3159
6804 1051
6805 280
6806 3565
6807 3311
6808 3420
6809 164
6811 695
6812 157
6813 3880
6814 328
6815 3166
6816 517
6817 651
6818 2795
6820 3277
6821 3286
6822 2646
6823 1152
6826 3045
6827 3650
6828 1827
6831 1117
6832 3920
6834 3404
6835 2336
6836 646
6838 3418
6839 2166
6840 1655
6841 802
6842 2934
6843 3666
6845 1537
6846 3260
6847 2966
6848 1994
6850 3726
6851 2657
6852 2624
6853 231
6854 897
6855 3463
6856 280
6858 497
6859 1778
6861 168
6862 472
6863 3144
6865 384
6866 3533
6867 2376
6869 2755
6870 3765
6871 3990
6873 2473
6874 3522
6876 1918
6879 3811
6881 601
6882 3371
6884 1183
6889 3096
6890 2887
6891 3009
6892 487
6893 1857
6894 3609
6895 2137
6901 3686
6902 782
6903 227
6905 3192
6906 3806
6907 3723
6909 3668
6910 1796
6911 44
6912 3499
6913 1591
6914 2054
6915 884
6916 742
6917 2978
6918 325
6919 2759
6920 1411
6922 349
6924 2239
6925 322
6926 3365
6927 3213
6928 1348
6929 2771
6930 1703
6932 2183
6934 3853
6935 1131
6936 1904
6938 3714
6941 3989
6942 1373
6944 3078
6945 773
6946 88
6947 1442
6949 160
6950 362
6951 2466
6953 1478
6954 2770
6956 3400
6958 68
6961 2801
6962 1718
6964 311
6965 2653
6966 448
6967 173
6968 2201
6969 3210
6970 3376
6972 2032
6973 3944
6974 323
6975 3044
6979 90
6981 73
6982 1647
6983 168
6984 3371
6985 2756
6987 1635
6988 3455
6990 3201
6991 3260
6995 40
6999 2857
7002 1981
7004 981
7005 3633
7006 1793
7008 3884
7009 3532
7010 3606
7012 3359
7013 1764
7014 1492
7015 1278
7016 755
7017 3228
7019 1857
7020 1242
7021 1263
7022 18
7023 3392
7025 836
7026 1994
7027 950
7028 3227
7029 3518
7030 1505
7032 425
7033 3677
7034 3591
7035 836
7036 536
7037 1435
7038 3105
7039 3031
7040 2728
7041 3298
7042 2079
7043 2624
7044 122
7047 1390
7048 781
7049 1038
7050 1990
7051 802
7052 3947
7055 1280
7056 309
7058 1467
7059 3403
7060 3393
7062 1284
7063 2996
7064 364
7066 1443
7067 1925
7068 2996
7069 1818
7070 3348
7071 2657
7072 3463
7073 1467
7074 101
7076 1183
7077 3804
7078 1224
7079 3468
7080 163
7081 2930
7083 21
7084 3084
7085 1885
7087 2651
7088 875
7089 1069
7090 1863
7091 3493
7092 2972
7093 1752
7094 1982
7095 3663
7097 1136
7098 179
7099 3247
7100 3720
7101 2961
7102 476
7104 198
7105 1881
7106 873
7107 3694
7109 2681
7110 2765
7111 3124
7112 318
7113 3947
7114 3880
7115 3982
7116 242
7117 216
7118 3180
7119 1179
7122 69
7125 2973
7126 2000
7127 1608
7128 2052
7129 3252
7130 5
7131 2599
7132 3400
7134 221
7135 3426
7137 2644
7138 2567
7140 2378
7142 2704
7143 33
7144 3163
7145 71
7146 3360
7148 1972
7149 3501
7150 1071
7152 498
7154 3472
7155 1314
7156 2115
7158 3125
7159 1308
7160 3359
7161 526
7162 2206
7164 3135
7166 581
7167 2931
7168 658
7169 3074
7172 3399
7173 3249
7174 3294
7175 341
7176 2215
7177 2076
7178 609
7180 2032
7181 829
7183 1792
7184 3239
7185 1299
7186 3420
7188 2458
7189 3026
7190 2896
7192 108
7195 1911
7196 174
7197 2231
7198 2216
7199 3458
7200 1189
7201 782
7202 2366
7203 2254
7205 3846
7206 3335
7207 2789
7208 1828
7209 3338
7210 2641
7211 3201
7212 182
7213 2894
7214 3723
7215 1902
7216 1116
7218 1540
7221 366
7222 3286
7223 3655
7224 3533
7226 16
7227 539
7228 1680
7230 648
7231 1019
7232 3343
7234 164
7235 3641
7239 3553
7240 167
7244 3177
7245 3285
7248 3307
7249 755
7250 1058
7251 1681
7254 3578
7256 3288
7258 2709
7259 206
7260 374
7261 3661
7262 3638
7264 68
7266 1306
7268 2488
7269 1971
7271 472
7273 2680
7276 2523
7277 3518
7278 2663
7279 3844
7280 2730
7281 2175
7283 964
7285 3042
7288 3255
7289 1178
7295 2647
7296 3069
7297 537
7298 1383
7300 795
7302 757
7304 950
7305 2375
7306 311
7308 530
7310 3204
7311 3237
7312 1568
7314 2234
7315 3308
7316 1775
7317 461
7318 286
7319 84
7320 518
7321 3329
7323 1997
7324 1822
7325 784
7326 3545
7327 531
7328 2998
7329 651
7330 717
7331 2745
7332 3743
7333 3424
7335 350
7336 3810
7337 3982
7339 2889
7341 3654
7342 378
7343 1259
7344 1591
7345 3913
7347 464
7348 3259
7349 3802
7350 3479
7351 3311
7355 3335
7356 3595
7357 3267
7358 2801
7359 2791
7360 2899
7361 907
7362 1316
7363 3768
7365 486
7367 782
7368 478
7369 3149
7370 3894
7371 1717
7372 2631
7373 3421
7375 3378
7377 799
7378 3499
7379 1803
7381 3108
7382 1491
7383 609
7384 2647
7387 3694
7389 3134
7390 47
7391 547
7392 287
7393 1212
7395 745
7396 78
7397 873
7399 3777
7400 3974
7403 2562
7404 2562
7405 3189
7407 815
7408 2771
7409 2252
7410 400
7411 286
7412 26
7415 2538
7416 2581
7418 1551
7420 2972
7421 1084
7422 2395
7425 212
7426 2771
7427 3039
7429 981
7430 1228
7431 6
7432 524
7433 1643
7434 1485
7436 365
7437 3577
7439 1436
7441 319
7442 3036
7443 418
7445 3640
7447 2705
7448 1711
7450 3737
7451 1369
7452 526
7453 3576
7454 2000
7456 3419
7457 3394
7458 2637
7460 775
7461 725
7462 820
7464 1301
7465 516
7466 1650
7470 165
7472 3893
7473 615
7474 897
7475 3102
7476 3622
7478 2657
7479 3606
7480 2687
7481 3999
7483 1777
7486 3752
7487 1359
7488 2650
7490 2263
7491 1268
7492 3689
7494 3311
7498 3662
7500 3046
7501 3456
7502 3046
7503 433
7504 441
7505 1678
7506 2884
7507 2567
7508 2761
7509 3390
7510 538
7511 2216
7512 842
7517 2971
7518 3070
7519 1185
7520 1058
7522 3144
7524 1635
7525 2089
7526 3976
7527 2802
7528 3834
7530 2763
7531 1650
7533 671
7534 3087
7535 10
7536 3780
7537 1013
7538 130
7539 1296
7540 1189
7541 325
7544 1443
7545 3722
7546 1299
7547 2700
7548 1752
7549 3847
7550 312
7556 472
7557 2655
7558 524
7559 3655
7560 374
7561 2743
7563 3952
7564 2613
7567 2562
7568 3049
7570 2814
7571 337
7573 2136
7574 21
7575 2467
7576 2634
7577 2480
7578 78
7579 2269
7581 3392
7583 245
7584 1851
7585 775
7586 2771
7587 617
7588 1785
7590 3418
7591 1754
7592 3255
7593 1296
7598 727
7599 719
7600 3736
7602 2835
7603 3470
7604 349
7605 3268
7606 310
7607 3210
7608 477
7609 3393
7610 271
7611 3757
7612 2710
7613 232
7615 3073
7616 3868
7618 3682
7619 2666
7620 2711
7621 3447
7622 3959
7623 2742
7624 919
7625 3567
7626 2488
7627 2647
7628 2294
7631 1140
7633 829
7634 2949
7635 1254
7636 3864
7637 1792
7638 224
7640 1614
7641 3180
7642 134
7643 3630
7644 2975
7645 733
7647 3804
7649 770
7650 526
7652 285
7653 727
7654 3656
7656 2885
7657 3776
7658 534
7659 1666
7660 1264
7661 2254
7662 3097
7663 474
7664 181
7665 3952
7666 3401
7667 3633
7668 739
7669 3119
7670 788
7671 2718
7672 3397
7675 2631
7676 714
7677 1619
7678 3380
7680 2648
7681 1511
7682 3853
7686 3245
7688 3054
7689 2162
7690 1436
7692 1568
7693 2469
7694 3594
7695 3320
7696 1417
7698 134
7700 3986
7701 3713
7702 2712
7704 957
7705 3885
7707 562
7709 1071
7710 2192
7712 1268
7713 2884
7714 2539
7715 1043
7716 3518
7717 3925
7718 1299
7721 1511
7722 2369
7723 3134
7724 3207
7725 3573
7727 237
7728 3790
7729 2947
7730 2647
7731 1042
7732 3492
7736 478
7737 3454
7738 3267
7740 1235
7741 2998
7742 2879
7743 2839
7744 231
7746 1101
7747 3333
7750 414
7752 2675
7753 2900
7756 1270
7757 2886
7759 2680
7761 1629
7764 2594
7766 2748
7767 2978
7768 3818
7769 2941
7771 387
7772 3013
7773 2887
7774 3337
7776 3213
7778 3861
7780 3736
7782 2653
7783 3761
7784 847
7786 3576
7788 2091
7789 2136
7790 157
7792 157
7793 3357
7795 3746
7796 3468
7798 1241
7799 2656
7800 3479
7806 879
7808 3202
7810 90
7811 2961
7813 1680
7814 1
7815 849
7816 1260
7817 3001
7818 3380
7819 2812
7821 1889
7822 635
7823 2763
7824 3633
7825 3532
7826 26
7827 3288
7828 3716
7829 1417
7830 45
7832 1619
7835 1835
7837 2765
7841 3421
7842 3797
7843 3857
7845 1324
7846 3776
7848 2361
7849 3834
7850 537
7851 2990
7852 2647
7853 2820
7854 2762
7855 2306
7856 3035
7859 3047
7861 3215
7862 2630
7863 881
7864 1251
7867 3702
7868 1227
7869 3515
7870 532
7872 2141
7873 1449
7874 1157
7876 3307
7878 3371
7879 1131
7880 3380
7881 1087
7882 3062
7884 3197
7886 750
7887 3957
7888 3324
7891 3929
7892 2796
7894 200
7895 989
7897 3938
7898 1933
7899 3358
7901 2369
7903 3253
7905 3099
7908 3716
7909 1114
7910 1335
7911 40
7913 3631
7914 3971
7915 3641
7916 1104
7917 3746
7918 2471
7919 365
7920 822
7921 3476
7922 3853
7923 2949
7924 1046
7925 3980
7926 1
7927 2761
7929 3184
7930 1881
7931 2889
7932 250
7933 1270
7934 405
7935 3006
7937 3647
7939 1114
7941 403
7942 2365
7943 2873
7944 50
7946 2524
7947 802
7950 1335
7953 3058
7954 2613
7955 208
7956 953
7957 2146
7958 2657
7959 3386
7961 975
7962 443
7963 525
7966 2728
7967 2923
7969 2186
7970 2857
7971 2473
7973 3954
7975 2859
7976 3571
7977 3165
7978 2612
7979 2038
7980 109
7983 530
7984 3575
7986 1467
7989 3219
7990 649
7991 3105
7993 3013
7994 270
7995 660
7996 968
7998 2388
7999 3123
8000 646
8001 246
8002 1350
8003 3757
8004 3097
8005 3189
8006 2736
8007 1678
8008 1829
8011 3500
8012 3910
8013 2355
8014 737
8016 98
8018 200
8020 1775
8022 3653
8023 3545
8024 3233
8025 1371
8026 2699
8027 3183
8028 456
8029 2764
8030 3503
8032 2192
8034 670
8035 3307
8036 3
8038 3384
8039 3542
8040 1718
8041 2192
8042 2687
8044 2750
8045 316
8047 2801
8048 2671
8049 3277
8050 3207
8051 36
8052 178
8053 1117
8055 770
8057 1906
8058 3418
8059 2432
8061 3240
8062 3605
8063 3545
8064 2684
8065 3927
8066 819
8067 23
8068 3310
8069 76
8070 1586
8071 3780
8074 1051
8075 2760
8076 3331
8077 603
8079 330
8080 2141
8081 3954
8082 1047
8083 1166
8084 969
8085 1694
8086 1976
8087 2136
8090 3571
8092 2528
8094 2235
8096 2643
8097 3218
8099 2918
8101 356
8102 2760
8103 2864
8104 1266
8105 896
8109 788
8111 379
8112 1283
8116 2937
8118 3617
8119 2636
8120 2183
8122 15
8123 3080
8127 920
8128 2910
8130 1468
8132 828
8133 2522
8135 1491
8136 3046
8137 3387
8140 3886
8142 3270
8143 3745
8144 2991
8145 2686
8146 2934
8147 1188
8148 1299
8149 182
8150 3946
8152 2799
8153 2960
8154 2544
8155 2205
8156 2973
8157 3270
8159 3726
8160 3717
8163 3495
8164 2563
8166 486
8167 2685
8168 1069
8170 3331
8171 2205
8172 157
8173 1998
8174 2842
8175 1617
8177 639
8178 1130
8179 3981
8182 2943
8184 1362
8186 3571
8187 534
8188 3070
8189 3533
8190 238
8191 3671
