4594 350
4582 283
4959 21
4257 828
4898 525
354 56
3313 762
4156 539
4008 114
4120 112
4379 112
4114 411
4149 33
4475 61
1274 127
4703 807
5251 179
4152 574
1798 134
4062 587
4497 601
4260 318
8192 2120
8193 4321
8194 4650
8196 2376
8197 2848
8198 4699
8199 354
8200 40
10 3442
11 4562
8202 3995
8203 3525
14 3313
8204 108
8205 2442
8206 870
8209 796
19 1862
20 3348
21 1981
8210 1005
23 2087
8211 4530
25 4369
26 3194
8212 4050
28 65
29 4236
8213 2342
8214 948
8215 4042
33 725
34 4222
8218 2
8219 8
37 3935
38 4114
8222 5142
8225 884
8226 303
42 3404
46 1355
50 3238
52 400
55 337
57 4052
62 1329
67 1367
74 4828
75 5070
77 3386
85 2944
89 5314
91 4620
92 934
94 364
97 4756
99 5279
100 1371
102 1596
103 1620
105 4245
106 461
111 1599
112 4153
120 2940
126 4403
128 5007
130 640
131 1173
133 893
135 3507
137 3641
138 63
139 268
141 114
143 1084
147 9
149 4423
152 4805
153 1288
154 403
155 5166
157 4955
158 4599
161 477
163 3694
166 2342
168 1276
170 1005
173 4218
180 5213
186 639
187 483
191 1874
192 1060
193 1679
200 595
201 2753
202 1467
203 5229
204 4812
211 4362
212 272
215 5147
217 1608
219 71
222 4764
228 4815
229 863
234 160
240 448
243 2321
245 4263
249 4440
251 3387
252 259
253 3613
254 4614
258 5023
260 4700
262 3525
263 374
265 964
266 430
269 4806
276 3716
278 237
279 1235
280 1274
281 4075
282 423
283 5204
288 188
290 4666
293 3159
294 482
295 3088
297 5057
299 4057
300 5271
301 1877
302 4955
306 5176
310 4421
313 4611
314 655
315 591
316 4515
317 4897
320 1342
324 4580
325 1375
326 2105
332 2110
334 1984
336 2396
338 239
341 4324
351 4447
352 1780
355 440
357 3082
358 2839
360 4605
368 1613
369 4186
372 2110
377 3159
8216 1280
380 2320
381 2557
8217 1682
383 4658
384 4206
385 2692
386 5159
390 4355
394 5194
395 2216
396 4460
8220 465
399 574
8221 2577
404 600
405 4585
406 414
408 2403
415 4956
416 167
419 4748
420 4480
424 1501
425 181
426 4005
427 4480
428 497
435 4281
438 5136
444 4671
446 527
451 489
453 5301
454 578
455 5025
456 1870
457 2040
458 4429
459 4467
463 4676
464 1185
466 5212
469 2220
470 5039
478 3238
479 4647
486 4734
490 4701
491 4610
495 5314
502 4145
505 3603
507 1779
511 2198
515 2668
516 4218
520 3921
522 4652
528 4003
529 1558
530 4538
533 2728
540 1284
542 3374
543 1958
544 1791
546 1087
548 4006
551 443
553 2499
554 2753
556 1217
558 5294
560 2076
561 2668
563 22
564 3694
566 4499
567 849
568 2855
569 1598
572 4602
576 4210
580 5145
582 4206
583 5166
584 1392
585 2049
586 4276
587 5199
589 1906
592 5204
597 4678
598 5167
599 337
603 4564
604 666
605 1793
606 2016
610 1316
614 4498
616 995
618 4820
619 3706
620 4460
621 3135
625 5176
626 1235
629 22
634 84
637 5272
638 4673
642 4321
647 1897
648 1411
650 1584
651 329
652 5016
653 5059
654 5063
657 3606
661 4070
663 3551
665 829
667 2154
668 1127
669 3148
672 5300
673 4281
677 771
679 22
680 5287
682 4452
685 4534
686 1827
688 1870
690 562
693 4678
694 188
698 4654
699 1590
700 517
701 4260
702 2807
707 5150
709 4616
710 4458
711 829
715 639
719 367
720 3650
722 768
723 5209
724 4195
726 237
728 4751
729 2037
733 2040
735 4959
739 15
743 4159
744 359
746 1394
747 1280
748 1819
751 3612
752 1013
753 3411
757 4205
758 4752
763 4228
765 3507
767 2
770 4321
776 27
777 1992
778 3351
780 150
781 3442
783 1857
784 4618
786 920
787 1711
789 3878
790 1221
792 5057
793 3893
794 4955
797 3716
798 2729
800 4084
801 3183
803 93
807 963
810 3598
812 4874
814 1971
816 4725
817 4310
818 859
821 1819
824 517
828 4477
830 1958
832 4246
833 5266
834 322
836 4083
838 4515
839 4178
840 4550
841 382
843 1235
847 4447
848 5211
851 3025
852 2889
854 437
855 879
856 4581
858 4417
860 822
866 2744
867 4770
868 90
873 5057
874 330
876 4984
881 4840
882 4015
885 4800
888 2040
891 4568
897 2403
900 213
902 2923
905 2131
906 4582
909 4623
910 4799
911 5149
913 705
915 4796
916 4959
922 3812
923 3963
924 4210
926 2069
927 311
928 3613
930 889
933 1030
936 2526
937 755
939 5245
940 3462
941 1096
942 4458
943 536
945 3462
947 3551
949 4538
953 2623
955 1258
956 1235
957 2448
958 5299
965 4552
968 5177
970 6
971 1724
972 5311
976 5219
978 499
979 5264
980 5002
982 4040
984 656
985 225
986 1427
988 271
989 645
991 4057
992 4428
999 4789
1000 4340
1002 4201
1003 2944
1007 4499
1009 462
1012 962
1015 3141
1016 4507
1017 3713
1018 4189
1020 4719
1021 3453
1022 402
1027 2557
1032 1287
1035 2668
1037 1624
1038 3865
1040 2978
1041 1981
1045 1906
1048 532
1049 1182
1050 362
1051 1975
1053 318
1054 901
1056 5083
1059 4578
1061 4018
1062 2848
1063 1402
1064 4313
1065 1291
1067 3919
1069 4035
1072 1670
1073 4045
1077 61
1079 3390
1080 209
1081 5287
1083 4084
1088 659
1090 662
1091 1400
1092 5179
1093 2825
1094 1799
1095 2107
1098 1870
1099 183
1102 499
1104 3915
1107 4935
1108 2133
1109 246
1110 4076
1112 2648
1113 3840
1115 4117
1116 3892
1118 4074
1120 1562
1121 1076
1122 4538
1123 4377
1124 1183
1125 71
1126 4009
1129 1348
1132 104
1133 3892
1134 4169
1135 4384
1138 375
1141 2988
1142 4297
1143 4597
1144 1791
1145 4929
1146 119
1147 912
1149 4577
1150 3462
1151 498
1152 5000
1153 1222
1154 983
1155 2881
1156 2956
1157 875
1158 2132
1159 3611
1160 4585
1161 349
1162 5039
1166 2672
1167 1314
1170 3559
1172 4281
1174 829
1175 1958
1177 56
1178 496
1180 5129
1186 2576
1187 1221
1190 402
1191 5059
1192 656
1193 552
1194 440
1195 1970
1197 146
1198 1394
1199 1562
1200 5288
1201 4853
1204 4809
1205 4897
1207 5071
1209 3577
1211 1218
1213 72
1216 5280
1223 4153
1225 4309
1226 683
1227 918
1228 235
1229 600
1230 2179
1232 417
1233 96
1234 107
1236 4521
1238 2132
1239 4676
1240 5263
1241 3598
1242 4416
1243 2884
1246 1686
1248 4467
1249 2495
1253 4738
1254 2353
1255 4699
1256 759
1260 4246
1262 389
1263 4941
1264 921
1265 4809
1266 1844
1267 4841
1268 1827
1270 4187
1272 5274
1273 4467
1275 4555
1278 4853
1281 4549
1282 2251
1289 2810
1290 3387
1295 4246
1298 822
1299 1182
1300 305
1302 4805
1303 2783
1304 414
1307 4864
1309 5273
1311 1513
1312 675
1313 271
1315 741
1319 2259
1320 1589
1322 5115
1323 2340
1325 3611
1331 3254
1332 4499
1335 2251
1336 5149
1337 443
1338 487
1340 5243
1344 4882
1347 474
1351 4234
1352 329
1353 5138
1354 4275
1357 2495
1358 3677
1359 3606
1360 4673
1362 214
1366 4496
1368 4255
1369 4024
1370 39
1372 4097
1374 990
1378 4774
1379 350
1380 4792
1383 4143
1384 5131
1387 878
1388 2127
1390 4302
1391 895
1393 5310
1395 4904
1401 759
1403 287
1404 4108
1405 4992
1406 442
1407 4297
1409 4828
1412 2818
1413 1729
1414 1078
1415 804
1416 617
1417 3484
1418 878
1420 1610
1424 1419
1425 5149
1426 2249
1428 4143
1429 261
1433 1068
1437 4747
1439 1105
1440 3442
1441 718
1445 4
1446 4109
1447 4632
1449 2153
1450 388
1452 1798
1453 4793
1455 1251
1456 3402
1457 969
1459 4487
1461 4214
1463 2172
1464 2576
1465 4083
1466 4758
1468 4145
1470 887
1472 5286
1473 2577
1474 3244
1475 2744
1477 4710
1479 674
1480 4665
1481 1329
1482 3426
1484 1139
1486 53
1487 5260
1488 4563
1489 5126
1491 1220
1494 2777
1496 4865
1497 4557
1498 4003
1499 1716
1500 223
1504 4297
1507 4170
1508 4972
1509 4967
1510 4765
1511 5166
1512 4726
1514 1179
1515 3210
1516 736
1518 417
1520 5039
1522 2469
1525 4
1526 3436
1528 4666
1529 4720
1530 1182
1533 2916
1534 967
1537 2588
1538 4859
1539 95
1540 4760
1544 4878
1545 1206
1546 960
1550 1019
1551 5140
1554 4668
1555 4215
1556 675
1559 2734
1560 303
1561 4407
1563 4474
1564 894
1565 3129
1566 4835
1567 4055
1570 3114
1571 15
1572 5213
1573 312
1574 2127
1575 3124
1576 27
1581 3977
1583 2
1585 3411
1587 959
1588 4376
1592 4363
1593 1251
1594 5106
1604 4765
1605 98
1606 6
1609 430
1612 2003
1614 3788
1615 2367
1617 8
1618 4605
1619 981
1622 2076
1623 4932
1625 5015
1628 3641
1630 4311
1631 2
1632 221
1633 4322
1634 1261
1636 4467
1637 3507
1640 5282
1641 292
1642 2917
1643 4401
1644 5271
1645 1635
1648 1856
1650 5280
1652 2157
1657 1785
1658 3948
1659 3426
1660 676
1661 4850
1664 387
1667 4215
1668 4055
1669 509
1675 1655
1678 342
1681 5314
1683 4911
1685 4205
1687 4648
1688 4641
1689 1434
1690 2871
1691 4040
1693 5230
1695 1036
1697 1753
1698 2674
1699 1014
1700 3861
1701 3497
1704 725
1706 4385
1713 795
1714 2076
1715 4461
1718 4719
1721 535
1723 5205
1727 2177
1728 4266
1730 1244
1732 4169
1735 2060
1736 1647
1737 3052
1738 4229
1739 4351
1741 309
1742 951
1743 4301
1744 4263
1745 2304
1746 247
1747 4290
1748 422
1749 2225
1750 321
1751 4738
1755 1030
1756 3612
1757 4853
1758 4345
1759 4706
1762 83
1765 1542
1766 4047
1767 2893
1769 375
1770 2710
1771 3266
1773 4787
1776 2825
1777 3503
1782 1682
1784 1591
1786 4429
1787 1026
1788 4278
1789 4123
1790 2917
1792 5247
1794 5309
1795 274
1796 124
1797 172
1801 1655
1805 4793
1807 4452
1808 3121
1809 4870
1811 2878
1812 1905
1814 966
1815 378
1817 4415
1822 1375
1824 1343
1825 4651
1830 3061
1832 1184
1833 87
1834 136
1835 1189
1836 5028
1837 806
1839 1008
1840 995
1842 1206
1843 1389
1845 664
1846 2650
1847 1373
1848 4452
1849 759
1851 591
1852 4576
1858 4908
1859 233
1864 4279
1865 3551
1866 4644
1867 3890
1868 227
1871 86
1875 4308
1879 3611
1880 40
1883 4577
1886 1557
1887 775
1888 2361
1890 2442
1894 2016
1895 71
1898 4096
1899 4742
1900 3072
1901 951
1902 4372
1904 2105
1907 4117
1908 4777
1910 831
1913 3507
1916 1682
1917 3756
1918 2917
1919 2157
1922 2908
1923 3782
1924 845
1926 5242
1928 312
1929 4809
1930 3121
1931 2196
1932 950
1933 4804
1934 1733
1936 188
1937 4673
1938 2731
1941 3915
1944 339
1945 257
1946 3992
1948 1703
1950 1935
1953 197
1954 5136
1955 4126
1956 4855
1960 5103
1962 4866
1963 4922
1964 1726
1966 948
1969 1854
1976 3966
1977 5239
1978 4825
1982 1905
1985 5063
1986 3148
1987 205
1989 148
1990 1060
1991 4084
1993 5252
1995 3194
1996 1220
1998 5020
1999 373
2001 4119
2002 250
2004 4621
2005 3845
2008 493
2011 2593
2014 4451
2015 4827
2017 4024
2018 1779
2019 2203
2021 2654
2022 487
2023 2729
2024 3892
2025 3911
2026 296
2029 5292
2030 350
2033 1709
2034 2535
2035 476
2036 4055
2038 742
2039 1101
2041 4951
2045 4176
2047 3462
2048 4002
2050 3209
2051 194
2052 43
2053 590
2055 579
2056 5092
2057 15
2058 644
2059 35
2061 506
2062 4602
2065 3194
2066 4439
2068 4706
2071 4926
2072 4992
2073 16
2075 146
2080 1711
2081 4477
2083 5050
2084 1495
2085 4809
2086 4213
2089 541
2090 4476
2091 775
2094 4335
2095 2606
2096 1621
2097 5239
2099 4507
2100 3697
2101 2248
2102 382
2104 4116
2106 2361
2109 6
2112 2334
2113 4225
2114 4720
2116 4225
2117 4820
2118 4672
2122 160
2123 144
2124 2576
2125 235
2126 484
2140 3540
2142 4326
2145 4997
2148 5046
2149 4054
2150 2803
2152 4326
2155 3613
2156 5129
2159 4882
2161 2566
2163 624
2165 1676
2166 3974
2167 4991
2168 2674
2169 1844
2171 4410
2175 1662
2176 5263
2178 4684
2180 450
2181 2446
2183 4895
2184 2397
2185 9
2186 5299
2187 382
2188 4503
2189 3650
2191 123
2193 2535
2194 639
2195 759
2197 3152
2200 4987
2201 471
2204 4900
2205 498
2206 4830
2208 272
2209 1903
2210 4939
2211 5229
2212 2884
2215 3930
2218 754
2219 2451
2221 4516
2222 630
2223 4015
2227 90
2228 534
2229 4732
2231 3981
2233 4982
2235 1184
2236 5278
2237 2249
2238 534
2239 2671
2241 2174
2242 2535
2243 3239
2244 4383
2246 5124
2247 378
2250 3577
2253 1350
2254 1478
2255 4222
2256 398
2257 2749
2260 5204
2261 80
2262 959
2263 4857
2266 912
2267 4285
2268 5237
2269 5248
2271 1775
2272 4205
2273 935
2274 2093
2278 2610
2280 4657
2283 4874
2284 846
2286 3134
2288 600
2291 2629
2292 3016
2293 4910
2295 4550
2296 489
2297 4378
2298 440
2299 340
2300 4451
2301 1519
2302 4315
2303 5247
2305 1052
2307 5057
2308 1089
2310 136
2311 4266
2313 3812
2314 5259
2315 3503
2316 1052
2317 4445
2318 2695
2319 5290
2323 261
2324 2749
2326 2177
2327 4707
2330 4257
2333 5262
2335 4467
2337 1469
2338 3367
2339 4665
2343 4575
2345 2923
2346 4593
2347 4586
2348 2659
2349 1136
2351 2320
2352 353
2357 3979
2358 477
2360 3591
2362 4293
2369 3091
2370 623
2377 3446
2378 4827
2379 889
2382 895
2384 2526
2386 4142
2388 4385
2389 1666
2390 2342
2391 2783
2392 4172
2393 4654
2395 3029
2398 3130
2400 5211
2401 4797
2404 4275
2405 4515
2407 1495
2411 226
2413 2079
2414 555
2415 4009
2416 826
2417 367
2418 72
2419 388
2421 1629
2423 1961
2424 4263
2425 5178
2427 1047
2430 4578
2431 3755
2432 2855
2433 4672
2435 4759
2438 1772
2439 2973
2440 5151
2449 5207
2450 4967
2453 398
2454 5094
2455 555
2456 4807
2457 4972
2458 1333
2459 659
2460 4644
2461 3121
2464 617
2466 1375
2467 741
2470 769
2471 12
2472 4157
2473 1829
2476 4576
2477 5129
2479 2120
2480 5159
2481 1291
2482 16
2483 750
2484 4344
2485 612
2486 4235
2487 4773
2489 4532
2490 5250
2492 4897
2494 115
2500 1218
2501 3135
2502 596
2507 4361
2508 1435
2509 4782
2510 3351
2513 51
2514 4776
2515 471
2516 1308
2518 4368
2519 5240
2521 2648
2522 4094
2523 5202
2524 2098
2527 5126
2528 5268
2529 3812
2530 3270
2532 1271
2533 4070
2537 912
2538 3393
2539 4997
2541 4897
2543 5043
2544 5248
2545 437
2546 2468
2547 1103
2548 4843
2550 3603
2551 4753
2552 179
2553 1973
2554 1624
2560 2783
2562 3679
2563 4706
2565 4962
2567 762
2568 3792
2569 2839
2570 2491
2572 2121
2573 327
2578 1527
2579 1023
2581 4460
2584 4796
2585 5293
2586 997
2589 1026
2594 3748
2596 588
2597 887
2598 2162
2600 4858
2603 4375
2605 4421
2607 303
2611 4672
2612 5217
2613 3587
2614 3085
2615 1712
2616 2917
2618 2590
2619 267
2621 4826
2622 1224
2624 4106
2625 4019
2626 5268
2628 4828
2630 4047
2631 3713
2632 4455
2634 500
2635 4046
2636 4929
2638 5019
2639 4451
2641 2446
2642 5005
2643 291
2644 4921
2645 1251
2646 4411
2647 762
2649 4673
2651 845
2652 218
2653 796
2655 61
2656 4067
2657 1055
2660 4793
2661 107
2662 4762
2663 2429
2664 3348
2665 718
2666 1013
2667 270
2670 4760
2675 86
2676 4390
2677 4391
2679 1082
2680 4339
2681 5205
2682 3641
2683 717
2684 1411
2685 177
2686 3472
2687 4350
2688 12
2689 4623
2693 5057
2696 1607
2698 4100
2699 3928
2700 2803
2701 951
2702 636
2704 4388
2705 1392
2706 5056
2707 3892
2709 4806
2712 4915
2713 1114
2715 4869
2718 526
2719 1666
2720 4868
2721 2162
2722 5270
2723 1780
2725 56
2726 4610
2727 3458
2730 80
2732 5227
2733 5062
2735 5061
2736 4385
2738 595
2741 4847
2742 4959
2743 4225
2745 4342
2748 4482
2750 1188
2751 4151
2752 5021
2755 3132
2756 998
2757 1878
2758 4662
2759 2833
2760 353
2761 4719
2762 656
2763 782
2764 3592
2765 4983
2768 3386
2769 5237
2770 4111
2772 2342
2773 3091
2774 2535
2778 231
2779 4334
2782 1164
2784 3362
2785 2695
2786 480
2787 101
2788 4803
2789 4227
2791 4510
2793 5150
2795 4396
2796 333
2797 3978
2799 639
2800 2916
2801 3148
2802 5283
2804 4281
2806 4767
2809 4901
2811 2944
2814 1005
2815 3442
2817 5010
2819 2840
2821 727
2822 268
2826 3210
2827 4448
2828 151
2830 53
2831 4515
2834 1803
2835 3890
2837 612
2838 4006
2842 4560
2844 3890
2845 761
2846 2270
2847 4875
2849 681
2851 3565
2853 2717
2854 1171
2857 3295
2859 4522
2861 367
2862 4807
2867 4820
2868 4726
2870 271
2873 3879
2875 1276
2876 1148
2877 5277
2880 5233
2886 4002
2887 5251
2888 892
2890 4514
2891 5078
2892 2917
2894 632
2895 4610
2896 232
2897 4651
2898 2138
2899 4962
2900 4326
2901 1709
2902 83
2903 2734
2904 4489
2907 188
2909 169
2910 628
2913 4504
2914 460
2915 224
2920 370
2924 58
2926 5116
2929 277
2931 4321
2932 804
2934 3365
2936 4271
2937 1042
2938 2816
2941 4499
2942 4336
2945 1394
2947 2531
2949 4260
2950 1324
2951 4386
2952 1492
2955 2444
2957 611
2958 3436
2959 3890
2960 1317
2961 912
2962 5134
2963 951
2965 2588
2966 1920
2968 3446
2969 4389
2970 4314
2971 4651
2972 4198
2974 376
2975 4470
2976 1025
2979 5056
2981 525
2982 4704
2984 4718
2985 214
2986 4196
2987 4355
2991 581
2993 2092
2994 4820
2995 4401
2996 497
2998 1258
2999 4597
3000 476
3001 4582
3002 4254
3005 737
3006 2258
3009 894
3010 4488
3013 4714
3015 2046
3018 4655
3019 5204
3020 4335
3023 4801
3024 2728
3026 1980
3027 692
3030 1799
3032 4348
3034 539
3035 3461
3036 388
3037 1831
3038 903
3040 4084
3041 4544
3042 2944
3044 2731
3045 704
3047 3141
3049 4017
3050 3436
3051 1427
3053 1666
3054 4676
3055 2367
3058 844
3059 4503
3062 5047
3065 754
3067 3928
3069 2863
3071 2511
3073 912
3074 4549
3075 4608
3077 3717
3078 1717
3079 4517
3083 912
3086 1333
3087 3841
3089 1
3090 4755
3092 2776
3096 1189
3097 400
3098 267
3099 4097
3100 759
3101 4644
3102 79
3104 49
3105 4030
3107 1724
3109 4295
3110 4755
3111 2451
3112 5056
3113 4870
3115 122
3116 4012
3117 389
3118 5034
3120 370
3123 1219
3125 737
3126 1478
3127 4126
3131 4364
3133 1087
3137 3871
3138 3749
3142 3606
3144 5043
3145 2930
3149 1089
3150 2595
3151 2110
3153 1222
3156 195
3160 4336
3163 3905
3165 5116
3166 5046
3167 1819
3168 4922
3169 2803
3170 4286
3171 3281
3174 4538
3176 4500
3177 4675
3178 4562
3179 4104
3181 3879
3182 242
3184 4313
3185 2810
3187 1921
3188 951
3190 1076
3191 1130
3192 2566
3195 3591
3196 367
3197 3551
3200 2129
3201 4196
3202 3981
3204 2749
3205 4348
3206 5265
3207 4660
3211 3121
3212 4365
3214 2593
3215 271
3216 2146
3218 3563
3219 1001
3220 24
3221 3393
3225 2512
3226 2277
3228 3757
3232 713
3233 4043
3234 4572
3235 4424
3236 3227
3240 1831
3241 1501
3242 284
3243 1961
3245 3919
3246 4652
3247 4157
3248 4083
3249 5148
3250 3880
3251 4516
3253 633
3255 4238
3258 2177
3259 4752
3260 1621
3261 242
3262 3995
3267 4060
3268 4314
3271 4471
3272 4410
3273 2203
3274 4342
3275 1033
3277 2610
3278 4965
3279 400
3282 4534
3283 5070
3284 5217
3286 3057
3287 1662
3288 3964
3292 1613
3293 497
3294 4506
3297 2325
3298 374
3299 4880
3301 4585
3303 5046
3304 221
3305 4900
3307 4345
3308 1220
3310 3851
3312 2668
3315 4576
3316 5123
3317 4055
3318 4449
3320 3613
3322 3792
3323 5037
3325 5106
3327 532
3328 624
3330 921
3331 2396
3333 1185
3334 2429
3335 4575
3336 1071
3337 966
3338 4400
3340 181
3341 4700
3342 2234
3343 3612
3345 64
3346 2678
3347 4005
3350 1672
3352 2946
3354 66
3355 2214
3356 2777
3357 1070
3359 45
3361 2374
3364 4452
3366 4389
3369 1148
3370 1008
3371 4801
3372 1912
3373 4964
3375 2232
3376 4861
3377 2
3378 963
3380 749
3381 2571
3382 1078
3383 4016
3388 4475
3391 3154
3392 5029
3394 4292
3395 4263
3396 1476
3397 4007
3399 4024
3400 172
3401 2232
3403 2710
3405 1663
3406 3507
3407 4483
3408 799
3410 9
3414 398
3416 2557
3418 330
3419 471
3420 1708
3421 1754
3422 2469
3423 1039
3424 890
3425 371
3427 779
3428 1036
3431 3697
3432 1467
3438 3426
3439 271
3440 4405
3441 2325
3443 4926
3447 1731
3449 875
3452 5268
3454 3866
3455 4905
3456 4446
3459 1333
3460 4940
3463 754
3464 189
3465 346
3466 4636
3468 4067
3469 5157
3470 1925
3471 1903
3473 40
3476 1005
3477 4871
3478 374
3479 4002
3481 1460
3482 5045
3483 4655
3486 475
3487 889
3488 3031
3489 342
3490 3057
3492 5144
3493 1696
3494 5196
3496 4780
3499 1082
3500 410
3501 1921
3505 4968
3506 1912
3508 512
3509 3393
3511 322
3512 4400
3514 3979
3515 145
3516 4681
3518 3757
3520 4440
3521 4639
3522 5151
3523 512
3526 2881
3527 4292
3529 4750
3530 754
3531 732
3533 4525
3534 1611
3535 4526
3536 3231
3537 1519
3538 4877
3539 799
3542 675
3543 2444
3544 1343
3545 3603
3546 4983
3547 2290
3553 4543
3555 3788
3557 4206
3560 2304
3561 1549
3562 570
3566 4706
3567 2265
3568 4708
3570 3442
3571 2731
3572 3173
3573 2069
3574 3485
3575 4252
3576 3966
3578 2049
3579 371
3583 3559
3584 1044
3585 4960
3589 4972
3590 4496
3593 4083
3594 3402
3596 4678
3597 1274
3599 736
3601 3281
3602 4305
3605 2252
3607 3146
3608 237
3609 2451
3610 596
3614 4051
3617 2079
3618 47
3621 2944
3622 895
3623 1810
3624 2599
3625 4447
3630 333
3631 488
3632 4116
3633 4755
3634 4545
3636 3004
3637 371
3638 1857
3639 403
3640 2591
3642 54
3643 2988
3644 4347
3645 1872
3647 5186
3649 1906
3651 489
3652 2252
3653 319
3654 1014
3655 4856
3656 4544
3658 4286
3659 3812
3661 2692
3662 4704
3664 3603
3665 4090
3666 335
3667 736
3668 4979
3669 2692
3670 5000
3671 2013
3674 2908
3678 159
3680 835
3682 4994
3684 635
3686 4458
3689 460
3690 4872
3695 768
3696 5282
3698 4632
3699 5205
3701 3239
3702 4692
3703 4871
3704 1680
3707 4118
3708 4722
3709 2007
3714 1436
3715 4967
3718 2729
3719 3861
3720 447
3721 2536
3722 5070
3723 4764
3729 4796
3731 4974
3732 703
3733 4071
3734 1490
3736 1082
3737 4554
3738 1600
3739 532
3740 5265
3741 5219
3742 1427
3743 4863
3745 539
3746 4721
3750 5242
3751 4697
3752 2591
3753 4522
3758 4639
3760 2447
3762 4116
3763 4534
3765 4593
3766 5309
3767 4170
3768 1997
3769 4411
3771 3329
3774 4400
3775 4661
3776 2105
3778 779
3779 4716
3780 1217
3781 5037
3783 4723
3784 1975
3785 1179
3787 2107
3789 4362
3790 595
3796 2020
3797 5266
3798 3472
3800 4681
3801 330
3802 2132
3803 4196
3804 93
3805 1876
3806 2157
3807 5014
3808 4848
3809 2848
3810 146
3811 375
3814 4279
3815 1131
3818 2408
3819 2623
3820 4959
3821 5021
3824 2287
3825 181
3826 1259
3831 4405
3832 3130
3834 4720
3836 4691
3837 339
3844 1212
3846 918
3847 5289
3848 925
3854 1906
3859 2623
3862 853
3863 4814
3864 4834
3867 683
3868 713
3869 5275
3872 1656
3873 1189
3875 636
3877 1036
3884 2020
3885 2668
3888 1673
3889 2576
3891 796
3894 1970
3895 4801
3900 4643
3901 5275
3903 535
3907 4692
3909 1084
3910 3994
3913 4297
3917 4614
3918 4694
3920 579
3924 966
3925 4935
3927 3853
3929 1772
3931 1752
3932 5151
3933 4726
3937 1696
3938 623
3939 2517
3941 1288
3942 4016
3944 5041
3945 1043
3946 4498
3947 1775
3950 3324
3951 2162
3952 1785
3953 5215
3954 1382
3957 4612
3959 4587
3960 5159
3961 2695
3962 93
3968 4783
3969 123
3970 681
3971 2889
3972 5181
3973 2375
3976 4826
3980 5134
3982 4232
3983 2054
3984 4718
3985 4926
3986 1490
3987 1244
3989 1025
3990 226
3991 1301
3996 983
3997 17
3999 5123
4000 1448
4037 402
4058 4446
4063 5014
4093 4376
4194 4729
4226 4300
4251 3046
4258 4329
4259 4202
4269 732
4272 4384
4288 1114
4299 3812
4333 5032
4353 4756
4395 2387
4408 5221
4412 4204
4426 268
4427 3014
4436 1649
4443 5102
4450 1019
4473 5274
4481 823
4490 4478
4494 197
4531 5292
4541 1493
4567 1493
4604 994
4607 3966
4625 1202
4727 5286
4763 2087
4775 4859
4786 4385
4821 2110
4822 3893
4913 5133
4924 5156
4928 12
4936 829
4958 76
4998 5279
5044 4446
5105 4147
5107 3462
5118 1646
5132 2252
5137 4449
5146 2511
5155 1173
5160 967
5231 4183
5255 4970
5312 887
5315 285
5317 4348
5318 43
5319 4602
5320 3238
5321 4039
5323 4621
5324 4189
5327 4629
5328 918
5330 4545
5331 2202
5332 412
5333 705
5335 5297
5336 4339
5337 5003
5338 3124
5341 1434
5342 3713
5343 4938
5345 441
5346 4087
5347 5005
5348 4275
5350 1892
5352 1244
5353 1733
5354 4881
5355 4716
5356 5020
5357 2442
5358 2158
5359 4499
5360 110
5361 462
5362 5016
5363 5112
5366 387
5367 41
5368 3635
5369 81
5370 4868
5371 400
5372 2131
5373 3141
5374 1271
5375 2697
5376 442
5379 2214
5381 678
5382 148
5383 1247
5384 4857
5385 4384
5386 4405
5388 3713
5389 670
5391 227
5392 83
5393 5076
5394 5129
5395 4160
5396 3517
5397 1060
5398 4850
5399 1004
5400 4758
5401 4609
5402 1676
5403 674
5404 5120
5406 762
5408 59
5409 5116
5410 4814
5412 624
5413 1382
5414 5193
5415 1676
5416 799
5417 3905
5418 1854
5419 4980
5420 4742
5421 1258
5422 4024
5424 3
5425 1844
5427 286
5428 697
5429 5045
5431 296
5432 3148
5433 4040
5435 1179
5436 371
5437 4210
5438 3446
5439 2606
5440 5026
5441 3390
5442 4785
5443 3694
5445 4419
5446 4312
5447 1620
5449 1296
5450 2270
5452 4012
5453 2264
5454 4425
5456 2079
5457 2866
5458 3528
5459 4678
5460 5267
5461 4261
5462 4457
5463 2007
5464 4315
5465 4965
5466 547
5467 4306
5468 81
5470 4875
5472 549
5473 3114
5474 555
5475 1182
5476 1813
5477 4572
5478 2127
5479 69
5480 5292
5481 4643
5482 1432
5483 660
5484 1476
5486 210
5487 2365
5489 3445
5490 3641
5491 3285
5496 4328
5497 1531
5498 467
5499 2198
5500 4160
5503 1586
5504 4868
5505 808
5507 172
5508 4746
5509 5145
5510 2692
5512 4621
5513 5079
5514 4545
5515 3761
5516 5293
5517 2816
5518 5193
5519 4480
5520 4462
5521 3480
5522 4209
5523 1443
5525 5296
5526 4022
5527 4147
5529 181
5530 4029
5532 411
5534 4050
5536 1764
5537 4307
5538 759
5539 4705
5540 823
5541 5176
5543 1287
5544 3879
5546 2794
5547 4458
5548 3692
5549 4433
5550 1202
5551 1394
5552 2087
5553 532
5554 36
5555 4479
5556 1760
5557 2399
5559 400
5560 5264
5561 5227
5562 2810
5563 3031
5564 3039
5565 24
5566 2214
5568 3497
5569 43
5570 4871
5571 432
5572 4652
5576 2275
5577 3061
5578 2749
5579 4455
5580 2623
5582 815
5583 3162
5586 4960
5588 3772
5590 1316
5591 5142
5592 4752
5593 1277
5594 4715
5595 1261
5596 5007
5597 4556
5599 527
5600 323
5601 4139
5603 41
5604 2734
5605 4337
5606 3237
5607 1754
5608 5015
5610 430
5611 1288
5612 1684
5613 3436
5614 2943
5615 4581
5616 3081
5618 12
5619 247
5620 2447
5621 2648
5622 3788
5624 1218
5625 4576
5626 3712
5627 1679
5628 1971
5629 4385
5630 309
5631 3978
5632 3384
5633 697
5634 658
5636 1173
5641 4875
5642 1217
5643 5205
5644 4476
5645 609
5646 1620
5648 2290
5649 4895
5650 1066
5651 993
5652 5221
5653 4984
5654 4978
5655 4287
5656 4106
5657 3147
5658 3302
5659 4714
5660 636
5661 5000
5662 190
5664 670
5665 4568
5666 995
5667 3981
5668 4645
5669 4312
5671 2203
5672 4682
5673 4993
5674 4596
5675 3871
5676 185
5677 1046
5679 4964
5680 772
5681 4599
5682 485
5683 3748
5684 1975
5685 4755
5686 1057
5687 4112
5689 4662
5690 964
5691 2105
5692 4759
5693 3180
5694 4977
5695 5251
5696 1731
5697 1130
5698 3777
5699 460
5700 4448
5702 4719
5703 4956
5704 4612
5705 3402
5707 5304
5709 5272
5711 660
5712 5077
5713 4789
5715 4790
5716 12
5717 3213
5718 59
5720 3398
5721 1599
5722 4361
5723 1280
5724 5198
5725 1649
5726 4421
5728 3788
5729 4652
5731 4263
5733 1363
5734 3882
5735 1920
5736 4144
5737 4425
5738 3161
5739 2526
5740 2321
5741 4789
5742 4718
5743 2230
5744 2555
5746 5078
5747 5268
5749 190
5750 1367
5752 1381
5753 4666
5757 4852
5758 450
5759 4705
5760 1310
5761 3025
5762 5115
5763 1818
5764 4994
5765 1802
5766 4
5767 1179
5769 4767
5770 4108
5771 1970
5772 5059
5773 5003
5774 895
5775 4715
5777 4721
5778 562
5779 4065
5780 4877
5781 3491
5782 2277
5783 4138
5784 205
5785 5239
5786 3930
5788 3198
5789 167
5791 2341
5793 675
5795 4915
5796 3879
5797 3363
5798 1682
5799 2264
5800 4124
5802 159
5803 506
5804 197
5805 3677
5806 4138
5808 36
5809 5211
5810 218
5812 1386
5813 2304
5814 1891
5815 4409
5816 4852
5817 4787
5818 4064
5819 359
5822 3896
5823 4351
5826 5277
5827 3348
5829 4785
5830 1800
5831 2107
5832 5111
5833 4216
5834 2399
5836 4322
5837 3507
5838 4451
5839 118
5840 407
5841 2093
5842 938
5843 4874
5846 1717
5847 4174
5848 2143
5849 4229
5850 601
5851 3691
5853 2174
5854 318
5855 4098
5856 628
5857 5176
5858 1513
5863 760
5864 4646
5865 5177
5866 5056
5869 4633
5870 2878
5871 920
5872 2829
5873 3943
5874 3462
5875 3828
5876 5139
5878 5050
5879 2878
5880 195
5881 5195
5882 4151
5883 1806
5884 4987
5885 1994
5886 2179
5887 2076
5888 467
5889 4389
5891 5139
5892 1973
5894 1629
5895 4154
5896 4135
5897 2525
5898 1785
5899 2820
5900 5283
5901 872
5902 345
5903 2275
5904 4384
5905 1127
5906 3152
5908 5078
5909 3878
5911 1316
5912 3393
5914 4035
5915 2350
5916 3916
5917 2916
5918 1402
5919 1168
5920 1355
5921 4994
5923 737
5924 5138
5925 5243
5926 134
5927 2216
5928 1176
5930 2408
5931 4042
5932 2408
5933 3663
5934 4606
5935 1471
5936 4197
5937 359
5938 5213
5939 3823
5940 1140
5941 1844
5943 4725
5944 4520
5945 448
5946 1819
5947 2833
5948 214
5950 1086
5951 5077
5952 3845
5953 5167
5954 413
5955 4707
5956 4777
5958 5091
5959 4498
5960 3581
5961 2590
5962 4275
5963 5310
5965 996
5966 1860
5967 2376
5968 675
5969 4464
5970 5007
5972 1210
5975 401
5976 2534
5977 1951
5978 4562
5979 2520
5980 4055
5981 3874
5982 547
5983 2558
5984 4390
5985 1635
5987 2648
5988 1663
5989 681
5990 627
5991 4383
5992 5193
5993 3290
5995 983
5996 1519
5997 2336
5998 5144
6000 2923
6002 4277
6003 1183
6004 5169
6005 391
6006 664
6007 2627
6008 2356
6009 4774
6010 4375
6011 4388
6012 4228
6013 5267
6014 1806
6015 3905
6016 4235
6017 4368
6018 2610
6019 66
6020 4010
6021 4525
6022 4112
6023 3362
6025 901
6026 655
6027 2885
6030 17
6032 3761
6033 1951
6034 4261
6036 4379
6037 2133
6041 403
6042 871
6044 3446
6046 4858
6047 487
6048 1586
6049 4659
6051 581
6053 4782
6054 4911
6056 3134
6057 4650
6058 4238
6059 4657
6060 1708
6061 2334
6062 5018
6063 3591
6064 951
6065 4780
6068 2285
6069 5172
6070 2174
6072 4826
6073 2841
6075 2781
6076 3874
6078 5139
6079 4836
6080 1131
6081 1702
6082 678
6083 5201
6084 1343
6085 5140
6086 271
6087 4978
6088 4992
6089 4832
6090 1014
6091 4640
6092 2526
6093 1471
6094 4315
6095 2151
6096 5221
6097 4914
6098 4318
6100 537
6101 1557
6102 3706
6103 536
6104 1127
6105 4556
6106 292
6107 2426
6108 471
6109 4613
6110 2566
6111 1870
6112 4005
6113 4455
6114 183
6116 3014
6117 4090
6118 2807
6121 4159
6122 4402
6123 3559
6124 4776
6126 3677
6127 239
6128 1881
6129 250
6130 1829
6131 5228
6132 5006
6133 48
6134 1043
6135 2434
6136 3559
6137 2264
6138 3379
6139 1490
6140 90
6141 184
6142 4769
6143 4710
6144 2040
6145 113
6147 422
6150 4804
6151 1679
6152 4472
6153 2374
6156 35
6159 1245
6160 4714
6162 890
6163 5267
6164 5265
6165 2988
6167 595
6168 182
6170 4281
6171 5201
6173 4708
6174 5261
6175 148
6176 536
6178 5281
6179 410
6180 5215
6181 4590
6182 22
6184 541
6185 1862
6186 4407
6187 1860
6189 3788
6190 3756
6191 1972
6192 2441
6193 3208
6195 4573
6200 578
6201 1074
6203 4013
6204 5186
6205 995
6206 1043
6209 3857
6210 631
6212 45
6213 717
6214 4799
6215 4765
6216 5021
6217 4174
6218 1872
6221 666
6222 1105
6223 4172
6225 1682
6227 5299
6228 101
6229 365
6230 5081
6233 525
6234 4956
6235 5296
6236 4461
6237 41
6239 1506
6241 2434
6242 4960
6243 5274
6245 1912
6247 4836
6248 1501
6249 4310
6250 5004
6251 63
6252 3587
6253 3915
6256 188
6258 2448
6260 3237
6261 3039
6262 4033
6264 5135
6265 1136
6266 3474
6267 3004
6268 3679
6269 3134
6270 5260
6271 1214
6272 4614
6274 5149
6275 181
6276 5209
6277 4304
6278 178
6279 2285
6280 4755
6281 255
6283 2695
6284 1173
6285 1646
6288 3930
6290 1355
6291 3813
6292 365
6293 4631
6298 3840
6302 5287
6303 4387
6304 4980
6305 367
6306 3269
6307 2744
6308 1711
6309 4339
6310 2525
6311 3794
6313 4378
6314 87
6315 1014
6316 3379
6317 2361
6320 3281
6321 799
6323 4838
6325 4707
6326 5237
6327 3404
6328 5199
6330 5209
6331 4819
6332 3046
6335 2146
6336 4396
6337 4186
6338 331
6341 562
6343 1724
6344 1188
6345 4972
6346 3108
6347 197
6348 4365
6349 4355
6350 527
6351 4306
6352 3748
6353 5309
6354 3857
6355 4052
6356 4079
6358 2711
6359 4726
6360 5244
6361 4668
6362 4014
6363 5230
6364 5198
6365 4106
6366 5070
6367 3485
6368 335
6369 1676
6370 3189
6371 2708
6374 4787
6375 5310
6376 4098
6377 3840
6378 4248
6379 391
6380 4216
6381 4437
6382 4841
6383 588
6384 4480
6385 5045
6386 3782
6389 287
6390 3210
6391 5270
6392 575
6395 361
6396 4369
6398 3935
6401 2220
6403 2000
6404 727
6405 4756
6407 3367
6408 538
6411 2992
6412 4117
6414 4150
6415 4650
6417 4382
6418 5293
6419 303
6421 5292
6422 4445
6423 1137
6424 3892
6428 216
6429 4106
6430 1339
6431 4340
6432 345
6434 2216
6435 403
6436 461
6437 4389
6438 2448
6440 109
6441 1829
6443 1949
6444 4885
6445 5037
6447 122
6448 4834
6449 4970
6450 4705
6452 1803
6453 4196
6454 2304
6455 2925
6456 2121
6457 1662
6458 2840
6459 2290
6460 239
6463 1513
6464 5192
6465 268
6466 4623
6469 4039
6470 208
6472 3912
6473 433
6475 5081
6476 1676
6477 656
6478 5286
6479 3434
6480 537
6481 53
6482 4207
6483 1103
6484 3995
6485 2840
6486 1881
6487 3565
6488 2133
6489 678
6490 2595
6491 4855
6492 181
6495 2794
6496 107
6497 1492
6499 4012
6500 1096
6503 3992
6504 1686
6505 4437
6506 3517
6507 4836
6508 1117
6509 4206
6510 4836
6511 3879
6512 45
6513 539
6514 4049
6515 2158
6517 4216
6518 4002
6520 4536
6521 339
6522 4241
6524 480
6527 4015
6528 1979
6529 5148
6530 5061
6531 1521
6533 577
6534 1231
6535 487
6536 4210
6537 5070
6539 308
6543 1078
6544 47
6545 3726
6546 305
6548 760
6549 2558
6550 4725
6551 4766
6552 3928
6554 4302
6555 4580
6556 4273
6558 2259
6559 4999
6560 3948
6561 2049
6562 4111
6563 175
6564 3448
6565 5288
6566 5230
6567 319
6569 4462
6570 3935
6571 4054
6572 1682
6573 3998
6574 5081
6575 4850
6577 3764
6579 1878
6581 4557
6582 3857
6583 209
6586 734
6587 4452
6588 1222
6589 3928
6590 90
6592 1476
6593 4376
6595 4209
6596 3845
6597 2054
6599 1448
6600 241
6601 206
6602 2839
6603 5211
6604 5193
6605 3845
6606 246
6607 362
6608 1542
6609 1034
6612 4910
6613 5265
6614 1076
6615 5176
6616 1973
6618 5050
6619 2916
6620 4126
6622 4977
6623 4178
6624 1397
6626 4441
6628 391
6629 4792
6630 4805
6631 2863
6632 140
6634 645
6636 3367
6637 3964
6638 609
6639 3886
6640 552
6642 1935
6643 2710
6644 1343
6645 4972
6646 1244
6648 5
6649 5122
6650 2866
6652 3853
6653 962
6654 562
6656 4758
6657 4540
6658 5103
6660 119
6661 242
6662 4980
6663 344
6664 5064
6665 4599
6666 3963
6668 641
6669 4780
6670 2794
6671 3979
6672 4563
6673 549
6674 4323
6675 607
6676 4385
6677 4050
6679 2251
6680 1076
6681 4375
6682 482
6683 443
6684 118
6685 329
6686 4889
6688 3011
6689 2132
6690 1665
6691 5240
6692 3697
6694 4955
6695 1629
6696 4210
6697 871
6698 1542
6700 430
6701 4328
6703 4952
6704 216
6705 4319
6706 4517
6707 1111
6708 4040
6709 169
6710 414
6712 4995
6714 1952
6715 4865
6716 4261
6717 98
6718 1521
6719 2925
6720 4066
6722 600
6723 1803
6724 4575
6726 4378
6727 4637
6728 4560
6729 1084
6730 2599
6731 4967
6732 4643
6733 22
6734 5184
6735 2512
6736 5271
6737 1349
6738 1111
6739 1217
6740 5221
6741 2848
6742 1385
6743 287
6744 5091
6746 2350
6747 2234
6748 796
6749 2571
6751 178
6752 4198
6753 119
6754 2820
6755 1798
6756 93
6757 4487
6759 4445
6760 3988
6761 1432
6762 5041
6764 4114
6765 749
6766 908
6767 4715
6768 3641
6769 5169
6770 1376
6771 5031
6772 4043
6773 4756
6774 4425
6775 4205
6776 2820
6777 4517
6778 3612
6779 4432
6780 2881
6781 3194
6782 5257
6783 1602
6784 4925
6785 432
6786 3777
6787 1070
6788 1316
6789 4598
6790 4612
6791 392
6792 4359
6793 2285
6794 4550
6795 4612
6796 4350
6800 4151
6801 1527
6802 4576
6804 4732
6805 5274
6806 5172
6807 5010
6808 4674
6809 4596
6811 5028
6812 4878
6813 3979
6814 1980
6815 96
6816 5145
6817 872
6818 795
6820 4845
6821 2279
6822 64
6823 4583
6826 5102
6827 4667
6828 5168
6831 1212
6832 1920
6834 1245
6835 3756
6836 1647
6838 846
6839 113
6840 4647
6841 4263
6842 782
6843 1036
6845 703
6846 1621
6847 5262
6848 907
6850 3213
6851 4
6852 2285
6853 4410
6854 4183
6855 4549
6856 4632
6858 734
6859 4871
6861 1047
6862 3290
6863 2344
6865 716
6866 118
6867 3663
6869 231
6870 853
6871 2571
6873 5043
6874 3222
6876 3964
6879 4041
6881 237
6882 3504
6884 4900
6889 41
6890 421
6891 1257
6892 4691
6893 4647
6894 1096
6895 362
6901 1813
6902 4585
6903 3290
6905 639
6906 5052
6907 2115
6909 907
6910 2526
6911 1381
6912 974
6913 1031
6914 1376
6915 2734
6916 785
6917 861
6918 3691
6919 4474
6920 1874
6922 3577
6924 2526
6925 4613
6926 3812
6927 5003
6928 1968
6929 4444
6930 676
6932 4017
6934 3313
6935 5012
6936 87
6938 4855
6941 4644
6942 4647
6944 4029
6945 4361
6946 3507
6947 2046
6949 1288
6950 4537
6951 708
6953 331
6954 4817
6956 4
6958 2000
6961 3014
6962 1943
6964 1057
6965 1828
6966 2127
6967 969
6968 4477
6969 264
6970 1327
6972 966
6973 4514
6974 4812
6975 1740
6979 2402
6981 4770
6982 4579
6983 4847
6984 1684
6985 3663
6987 4782
6988 331
6990 4348
6991 2153
6995 4886
6999 4780
7002 2488
7004 4881
7005 1552
7006 526
7008 4598
7009 3072
7010 5134
7012 4690
7013 1733
7014 4241
7015 4355
7016 63
7017 1495
7019 607
7020 4055
7021 890
7022 362
7023 3880
7025 4470
7026 4205
7027 4329
7028 3266
7029 4073
7030 2202
7032 5300
7033 4206
7034 5131
7035 1206
7036 484
7037 3870
7038 4716
7039 1034
7040 2576
7041 1881
7042 1493
7043 264
7044 4041
7047 2032
7048 3295
7049 1779
7050 859
7051 5301
7052 4540
7055 4334
7056 5278
7058 1992
7059 875
7060 4205
7062 3224
7063 1042
7064 4686
7066 4124
7067 3028
7068 4373
7069 4819
7070 4104
7071 4164
7072 2130
7073 4804
7074 2040
7076 4022
7077 1780
7078 3697
7079 4707
7080 3497
7081 509
7083 4377
7084 5106
7085 4708
7087 994
7088 17
7089 4028
7090 774
7091 56
7092 108
7093 66
7094 440
7095 4439
7097 4800
7098 1131
7099 4590
7100 4964
7101 4409
7102 1231
7104 5075
7105 5297
7106 5021
7107 1705
7109 5031
7110 5293
7111 2037
7112 4595
7113 4293
7114 4750
7115 1342
7116 5049
7117 2531
7118 4246
7119 4708
7122 2855
7125 5196
7126 1586
7127 3890
7128 5209
7129 2469
7130 5193
7131 775
7132 4150
7134 4538
7135 4234
7137 1055
7138 1291
7140 4351
7142 1068
7143 4476
7144 5244
7145 96
7146 5018
7148 2451
7149 950
7150 4066
7152 4133
7154 2512
7155 3281
7156 4278
7158 4452
7159 255
7160 1137
7161 4788
7162 4129
7164 1635
7166 4361
7167 4594
7168 5178
7169 5083
7172 2443
7173 4690
7174 4244
7175 2717
7176 4369
7177 4311
7178 221
7180 4148
7181 3874
7183 440
7184 2864
7185 736
7186 5028
7188 2128
7189 3091
7190 901
7192 1355
7195 4857
7196 1008
7197 4447
7198 4459
7199 4610
7200 1519
7201 2674
7202 5100
7203 4513
7205 2049
7206 4830
7207 4540
7208 346
7209 2923
7210 1023
7211 5092
7212 247
7213 1527
7214 573
7215 1324
7216 4552
7218 1008
7221 1527
7222 4522
7223 5
7224 4460
7226 2249
7227 5212
7228 5041
7230 3014
7231 1220
7232 2248
7234 615
7235 3497
7239 2230
7240 445
7244 5193
7245 2000
7248 611
7249 1884
7250 1316
7251 4912
7254 4832
7256 2134
7258 632
7259 4766
7260 335
7261 1892
7262 4231
7264 4497
7266 4109
7268 2588
7269 4293
7271 79
7273 5110
7276 5156
7277 1874
7278 286
7279 2629
7280 3963
7281 2249
7283 5246
7285 4921
7288 4397
7289 136
7295 3681
7296 2627
7297 907
7298 2491
7300 1019
7302 322
7304 2153
7305 205
7306 872
7308 4692
7310 1663
7311 4516
7312 2590
7314 4674
7315 448
7316 4911
7317 1105
7318 5292
7319 4347
7320 4764
7321 2989
7323 4751
7324 2866
7325 1686
7326 475
7327 4254
7328 3217
7329 1897
7330 4801
7331 4056
7332 4174
7333 107
7335 3911
7336 2138
7337 509
7339 4788
7341 2275
7342 5156
7343 4859
7344 4512
7345 196
7347 4423
7348 1878
7349 4371
7350 4641
7351 964
7355 562
7356 4613
7357 5100
7358 4057
7359 3513
7360 1101
7361 1892
7362 4536
7363 4855
7365 4532
7367 4548
7368 3504
7369 602
7370 1257
7371 375
7372 3052
7373 1042
7375 84
7377 964
7378 169
7379 5286
7381 775
7382 235
7383 1584
7384 4609
7387 393
7389 3114
7390 534
7391 2131
7392 104
7393 2441
7395 1219
7396 1349
7397 5249
7399 4276
7400 1806
7403 5225
7404 2031
7405 4285
7407 695
7408 2989
7409 4323
7410 3313
7411 1682
7412 4028
7415 4840
7416 5210
7418 4947
7420 806
7421 2225
7422 4942
7425 93
7426 1493
7427 4384
7429 342
7430 4145
7431 5136
7432 3995
7433 4407
7434 4522
7436 4755
7437 1220
7439 4309
7441 1471
7442 1188
7443 5100
7445 4608
7447 2350
7448 1608
7450 376
7451 2275
7452 116
7453 1310
7454 3162
7456 4104
7457 376
7458 4532
7460 721
7461 3813
7462 2836
7464 4661
7465 5274
7466 2344
7470 5050
7472 1402
7473 450
7474 3014
7475 4082
7476 4337
7478 4932
7479 4015
7480 248
7481 959
7483 2956
7486 5021
7487 5149
7488 4336
7490 1375
7491 1692
7492 3782
7494 1324
7498 4985
7500 4385
7501 2790
7502 3081
7503 4297
7504 392
7505 4164
7506 1310
7507 2668
7508 4672
7509 4515
7510 4815
7511 861
7512 703
7517 1734
7518 1071
7519 3365
7520 1952
7522 4403
7524 24
7525 1259
7526 4014
7527 4764
7528 4550
7530 3175
7531 2007
7533 174
7534 5038
7535 871
7536 3467
7537 2848
7538 695
7539 602
7540 4284
7541 5188
7544 474
7545 4067
7546 772
7547 1460
7548 5012
7549 5037
7550 5235
7556 4260
7557 4544
7558 4249
7559 1119
7560 49
7561 448
7563 2270
7564 4929
7567 788
7568 4977
7570 4164
7571 820
7573 4342
7574 4682
7575 256
7576 481
7577 861
7578 4254
7579 1411
7581 1521
7583 4314
7584 230
7585 896
7586 2599
7587 4053
7588 2531
7590 2230
7591 2781
7592 2731
7593 4545
7598 655
7599 1610
7600 445
7602 2277
7603 3132
7604 496
7605 2146
7606 4265
7607 4365
7608 5291
7609 4435
7610 4071
7611 3717
7612 370
7613 440
7615 3861
7616 2807
7618 4526
7619 3203
7620 1823
7621 2203
7622 5188
7623 4715
7624 5174
7625 1171
7626 3402
7627 4449
7628 3231
7631 3677
7633 4515
7634 627
7635 4865
7636 4844
7637 4148
7638 80
7640 4642
7641 182
7642 4160
7643 2342
7644 3208
7645 1671
7647 3507
7649 1818
7650 4544
7652 125
7653 1355
7654 4618
7656 4217
7657 3227
7658 4468
7659 305
7660 3840
7661 1058
7662 4394
7663 1694
7664 3446
7665 9
7666 772
7667 1647
7668 4845
7669 2000
7670 4671
7671 5287
7672 820
7675 259
7676 3348
7677 4513
7678 361
7680 4160
7681 4758
7682 1301
7686 708
7688 2729
7689 61
7690 4889
7692 5006
7693 4979
7694 1001
7695 3208
7696 5259
7698 329
7700 517
7701 4793
7702 4832
7704 4817
7705 1665
7707 4107
7709 4662
7710 1884
7712 4403
7713 1803
7714 4950
7715 4514
7716 2277
7717 2964
7718 5248
7721 1874
7722 4261
7723 1438
7724 5308
7725 388
7727 3794
7728 4178
7729 3491
7730 5010
7731 4622
7732 305
7736 1076
7737 4662
7738 3504
7740 4156
7741 5183
7742 2753
7743 3858
7744 95
7746 4587
7747 98
7750 4477
7752 2356
7753 969
7756 4759
7757 2275
7759 169
7761 4100
7764 4326
7766 645
7767 5094
7768 2111
7769 4470
7771 4281
7772 3795
7773 883
7774 4984
7776 414
7778 1164
7780 880
7782 4148
7783 349
7784 3713
7786 4873
7788 482
7789 636
7790 3717
7792 43
7793 4861
7795 4586
7796 232
7798 4566
7799 670
7800 4549
7806 1826
7808 4098
7810 373
7811 4523
7813 4692
7814 500
7815 4605
7816 4019
7817 248
7818 107
7819 819
7821 1981
7822 4580
7823 2225
7824 3082
7825 4655
7826 898
7827 2839
7828 4639
7829 5108
7830 274
7832 649
7835 671
7837 2671
7841 1663
7842 2729
7843 678
7845 2576
7846 4050
7848 764
7849 1305
7850 441
7851 5191
7852 1210
7853 1342
7854 4402
7855 1793
7856 5094
7859 2697
7861 5304
7862 4615
7863 1074
7864 4836
7867 4240
7868 952
7869 5014
7870 4935
7872 4853
7873 745
7874 1599
7876 61
7878 4725
7879 538
7880 4472
7881 4467
7882 145
7884 1373
7886 4674
7887 2248
7888 708
7891 3679
7892 4279
7894 4016
7895 1885
7897 4725
7898 3229
7899 1861
7901 4798
7903 93
7905 3823
7908 482
7909 165
7910 437
7911 309
7913 247
7914 1033
7915 1857
7916 5039
7917 4716
7918 5017
7919 3295
7920 633
7921 330
7922 1
7923 475
7924 4173
7925 4326
7926 3398
7927 4391
7929 2110
7930 375
7931 4587
7932 4605
7933 321
7934 1620
7935 819
7937 736
7939 382
7941 1348
7942 5222
7943 646
7944 5056
7946 3880
7947 378
7950 750
7953 4407
7954 465
7955 4043
7956 1305
7957 5219
7958 344
7959 612
7961 2558
7962 683
7963 1389
7966 5259
7967 3866
7969 3497
7970 183
7971 1649
7973 2531
7975 4880
7976 5290
7977 16
7978 2098
7979 1164
7980 4843
7983 3458
7984 5156
7986 2157
7989 4636
7990 4222
7991 3713
7993 4070
7994 5264
7995 4687
7996 410
7998 248
7999 3893
8000 196
8001 559
8002 1733
8003 2444
8004 5039
8005 4999
8006 4268
8007 4581
8008 4651
8011 2608
8012 819
8013 4667
8014 2144
8016 3691
8018 2182
8020 4163
8022 4085
8023 4836
8024 5059
8025 4513
8026 4729
8027 2049
8028 4336
8029 3004
8030 5135
8032 3528
8034 4163
8035 1818
8036 3892
8038 5173
8039 4621
8040 1666
8041 1826
8042 1181
8044 2728
8045 4694
8047 514
8048 875
8049 842
8050 708
8051 1764
8052 1505
8053 145
8055 3772
8057 3853
8058 71
8059 2674
8061 1891
8062 4747
8063 806
8064 4123
8065 1872
8066 4053
8067 1169
8068 4662
8069 5070
8070 4434
8071 4238
8074 2356
8075 4905
8076 4209
8077 961
8079 4652
8080 3517
8081 4560
8082 167
8083 4691
8084 1258
8085 4702
8086 4455
8087 555
8090 3525
8092 2753
8094 9
8096 3977
8097 4133
8099 5225
8101 4952
8102 3135
8103 1004
8104 1920
8105 4478
8109 1973
8111 3794
8112 401
8116 5038
8118 13
8119 400
8120 4697
8122 174
8123 1355
8127 1349
8128 4480
8130 113
8132 600
8133 4753
8135 3525
8136 3565
8137 2525
8140 2356
8142 3458
8143 4756
8144 5270
8145 2366
8146 2285
8147 2285
8148 4142
8149 5207
8150 413
8152 5247
8153 2443
8154 1754
8155 4066
8156 4887
8157 541
8159 1019
8160 4699
8163 4067
8164 4451
8166 764
8167 379
8168 1708
8170 4748
8171 4628
8172 2120
8173 5309
8174 2923
8175 760
8177 3081
8178 1411
8179 4328
8182 1513
8184 5076
8186 179
8187 2153
8188 4098
8189 4856
8190 1008
8191 4047
