5642 391
5588 317
1209 121
6034 350
6266 313
3281 601
5621 736
6023 348
5548 163
5514 862
4176 336
5781 472
1353 528
216 161
5982 153
5682 456
5685 58
5662 56
4660 628
5472 38
5967 507
5375 33
8192 333
8193 3351
8194 4868
8196 1321
8197 2179
8198 6281
8199 294
8200 5880
8202 5167
11 5718
8203 1729
8204 1376
14 4443
15 142
8205 5388
8206 1047
8209 5478
19 5304
8210 5401
21 2573
8211 2921
23 160
8212 5019
8213 5947
26 2225
8214 6126
28 481
29 5461
8215 1087
31 1063
8216 1183
8217 6233
34 5115
35 6089
8219 142
37 5919
38 1721
8222 3114
8225 783
41 1124
8226 6019
55 5608
57 232
58 2797
59 5425
64 5350
69 5952
73 205
74 1810
77 645
81 5006
83 659
85 2921
90 1140
91 3483
92 606
96 5103
97 1891
99 1722
100 18
102 6247
103 925
105 2826
106 5391
110 5496
111 227
112 5858
113 3551
115 5579
120 5773
126 1381
128 1670
129 675
133 611
135 5934
136 6128
137 5849
138 3252
139 1261
140 537
141 185
145 5950
149 388
152 3180
153 5205
154 365
155 2825
165 608
166 6009
170 5889
173 5923
175 5914
177 3360
180 5593
183 1590
186 5989
188 305
189 506
191 1729
192 4806
194 1158
200 6145
201 1366
202 506
203 5475
204 5265
206 5401
207 6216
213 2394
217 3612
219 5601
222 5543
223 184
228 5726
229 751
234 2128
238 658
240 471
241 5402
243 752
244 3083
246 5654
247 5555
251 6261
253 1860
254 5644
256 5896
257 5856
258 5399
260 5757
263 6072
265 248
266 2528
272 3088
273 5919
276 1531
279 6311
280 2610
282 4304
283 4325
287 5651
288 948
290 5336
293 2878
295 6309
296 5620
297 1543
299 4590
300 307
301 6064
309 1591
313 5404
314 2921
315 6269
320 1068
322 2580
323 2369
324 4532
325 5818
326 2962
329 5788
330 6314
332 1042
336 3650
338 1216
341 5918
345 1392
350 220
351 6302
352 3487
354 5641
355 6210
357 3359
358 6020
359 6192
360 892
361 5604
368 1060
369 4482
370 6123
372 6123
376 6186
377 3464
378 646
380 5898
381 1863
383 6026
385 5680
386 997
8218 4027
389 6180
390 1856
392 1334
394 1910
395 4955
396 1188
8220 2369
399 1754
8221 231
405 71
406 2468
407 5582
408 2648
412 1014
415 5767
416 68
419 1114
424 2731
426 1392
427 1787
432 4027
434 242
438 2734
444 17
446 3712
448 4879
450 704
453 6009
454 3734
455 294
458 1703
459 6249
460 3053
461 5764
463 1058
464 5789
467 1959
469 5509
470 4052
478 5690
479 6221
486 1219
489 5570
490 6304
491 1306
495 3189
496 3442
500 4804
505 65
507 5571
511 4252
515 403
520 6033
521 581
527 1366
528 5713
529 6277
530 5449
531 5863
536 6009
540 2788
541 482
542 731
543 124
544 5484
545 5379
546 1892
548 5286
549 907
551 1821
553 5662
554 1101
556 5644
560 1780
562 570
563 2443
564 195
566 1270
567 3450
568 5941
569 963
572 4753
575 6245
576 1499
580 6121
582 3965
583 2206
585 6203
586 5742
587 3168
588 5367
589 393
590 1870
592 558
597 6106
598 4251
599 1209
602 6170
603 3426
605 5895
607 2836
610 5020
614 4769
617 1570
618 5515
619 5955
620 819
621 5646
626 72
628 1299
629 5676
633 184
634 3005
637 2923
638 6075
642 5402
647 163
648 3849
650 524
652 6270
653 6022
654 5983
657 2316
661 5576
662 6084
663 675
665 5863
667 184
668 600
669 1594
672 5564
673 5505
676 1950
677 6291
679 5464
680 6162
683 1359
685 5431
686 5872
688 1294
690 2376
692 5725
693 1290
694 342
695 1252
698 5988
700 5590
701 54
702 522
705 1806
707 6145
709 5654
710 1557
711 430
712 1552
714 6022
715 5660
720 485
722 2111
723 3026
724 2443
726 6153
727 5855
729 896
732 1052
733 158
734 498
735 6061
742 6116
743 1381
744 1058
746 1352
747 1046
748 3928
749 413
753 5612
754 687
755 476
757 2175
758 2353
759 5904
760 6122
763 1802
767 1287
770 1892
771 5595
773 574
775 5342
776 6139
781 5775
785 5752
786 328
787 5424
788 4030
789 5918
790 5680
792 5770
793 5497
794 5765
795 45
796 2271
797 5338
798 3537
800 5530
801 570
803 5875
806 4534
807 5928
808 2559
810 4024
811 1994
812 1400
814 4567
816 5874
817 4112
818 5813
820 472
821 4515
822 101
824 6269
830 5392
831 4957
833 5527
834 5410
835 281
836 3785
837 6175
838 252
840 270
841 5317
843 1284
844 5923
845 4648
846 1611
848 1870
851 1881
852 250
854 3385
855 163
856 3751
858 1103
860 3652
868 1733
873 17
876 5728
878 4065
881 1692
882 366
883 5883
888 6283
891 641
893 353
897 4018
898 2534
901 5353
902 5440
903 3442
905 306
906 6053
908 6110
909 158
910 6114
911 5522
913 5597
915 401
916 5666
922 1321
923 5563
924 751
926 5652
927 1916
928 802
930 6210
933 2580
936 6100
937 164
939 5541
940 44
941 6191
942 774
943 5879
944 5179
945 2946
947 5728
949 5549
952 2466
953 2899
955 3474
957 230
958 6270
960 774
961 5083
962 6002
965 3237
968 245
971 555
972 1723
976 89
978 2841
980 5436
982 305
984 900
986 3723
988 6048
989 2285
991 6235
992 5690
993 75
995 5671
999 384
1000 2650
1002 691
1003 658
1004 5843
1008 162
1013 6000
1015 4343
1016 3691
1017 5595
1018 54
1020 2640
1021 5851
1025 5963
1026 3393
1027 2960
1032 5475
1035 316
1037 2834
1038 5559
1039 5474
1041 5333
1043 3749
1045 1322
1048 318
1050 5592
1051 242
1053 4991
1054 4343
1055 5934
1056 5734
1057 5989
1061 5476
1062 5264
1064 43
1065 5389
1067 3208
1070 3663
1072 5519
1073 2012
1077 5179
1080 815
1081 3311
1083 3275
1084 591
1088 6025
1090 5376
1091 4098
1092 5593
1093 4116
1094 866
1095 624
1096 6185
1098 799
1099 595
1102 1189
1104 2559
1107 5039
1108 3691
1110 3857
1111 5775
1113 5858
1115 5744
1116 480
1118 2271
1120 6304
1121 5690
1122 398
1123 499
1125 1950
1126 5983
1129 5490
1132 1316
1133 5919
1134 187
1135 5738
1136 1299
1137 1925
1138 1058
1141 5903
1142 5061
1143 5832
1144 3731
1145 3613
1146 6285
1147 5886
1149 4433
1150 5866
1151 3418
1153 6136
1154 6126
1155 1492
1156 591
1157 6302
1159 1284
1161 5318
1162 5694
1166 1290
1167 5932
1168 6105
1170 5810
1171 10
1172 1740
1173 5522
1174 5167
1175 2375
1176 5070
1177 1760
1180 1827
1181 539
1184 477
1186 2648
1190 6100
1192 938
1193 900
1194 4446
1195 5619
1198 3567
1199 601
1200 5632
1201 5796
1204 5607
1207 681
1210 6134
1213 6268
1214 5770
1215 2836
1220 3723
1222 6082
1223 393
1225 5391
1226 5865
1227 66
1228 666
1229 1754
1230 5330
1232 2555
1234 5786
1235 5151
1236 123
1238 4908
1239 1211
1240 5664
1241 6009
1243 2239
1246 5324
1247 3613
1248 4507
1249 4590
1253 1211
1255 1729
1256 6234
1260 5963
1262 5315
1263 5952
1264 5330
1265 970
1266 5
1267 182
1271 5990
1272 5934
1273 3512
1274 1826
1275 2572
1277 5193
1278 312
1280 2110
1281 435
1282 2128
1289 4024
1291 2515
1298 6279
1301 3504
1302 1290
1304 966
1307 5905
1308 5966
1309 5895
1310 4213
1311 6290
1312 2515
1315 687
1320 3324
1323 5851
1327 514
1331 1114
1332 1036
1335 4178
1336 239
1337 570
1340 3029
1342 2515
1347 429
1348 6153
1351 484
1354 5947
1356 5576
1357 5237
1358 4382
1360 5978
1368 1881
1370 5518
1372 1629
1374 84
1375 5482
1378 6106
1379 198
1380 2000
1382 5559
1383 6243
1384 156
1385 772
1387 5952
1388 5713
1391 239
1393 3515
1394 5740
1395 6122
1399 739
1401 2659
1403 1994
1406 3504
1407 1819
1409 5314
1413 5449
1414 3204
1415 1992
1416 6195
1417 660
1418 5417
1419 333
1420 5683
1423 2185
1424 5433
1425 1245
1426 52
1427 5634
1428 762
1433 5565
1437 866
1438 404
1439 765
1440 1259
1441 5517
1445 5619
1446 675
1447 5465
1450 6217
1453 2821
1455 951
1456 5700
1457 221
1458 190
1459 6023
1460 819
1461 24
1463 481
1464 2344
1465 5741
1466 95
1467 4769
1468 3418
1470 2179
1472 1678
1473 457
1474 5919
1475 214
1477 1968
1479 5966
1480 437
1481 571
1484 5619
1485 3587
1486 5903
1487 307
1489 670
1490 5857
1491 4786
1494 5608
1495 5406
1496 5810
1497 5696
1498 157
1500 5479
1504 1436
1505 5826
1507 1800
1508 2466
1509 2456
1510 255
1512 1402
1513 6075
1514 5204
1515 2590
1516 1139
1518 5947
1519 1723
1520 5666
1522 1321
1527 2528
1528 5191
1530 725
1533 3659
1535 5753
1538 3238
1539 1723
1540 5632
1542 5739
1544 5873
1545 2361
1546 3748
1549 4772
1550 5686
1551 639
1555 3324
1559 907
1560 6087
1561 6159
1563 5568
1564 871
1565 5391
1566 3707
1567 1390
1571 5323
1572 1244
1573 5610
1574 502
1576 2654
1577 284
1581 5487
1583 5442
1584 220
1585 5621
1587 5904
1588 5673
1589 762
1592 5460
1593 5191
1595 6210
1598 2240
1602 3879
1604 3436
1605 3273
1606 3650
1609 4530
1612 190
1614 1114
1615 6217
1617 5462
1618 1950
1619 2647
1620 557
1622 1183
1623 226
1624 3393
1625 784
1628 502
1630 5694
1631 5813
1632 994
1633 6291
1634 6239
1636 216
1637 6107
1640 5360
1641 6057
1643 4769
1644 4402
1645 5724
1646 4879
1648 5682
1649 3046
1650 5682
1656 364
1658 1521
1659 2031
1660 512
1661 3845
1662 5632
1664 6095
1667 745
1669 5442
1672 1469
1673 3169
1675 5475
1676 2650
1679 5904
1681 5551
1682 3450
1683 6204
1685 3613
1687 3726
1689 4052
1690 242
1691 421
1693 1671
1695 6153
1698 144
1699 9
1700 6216
1701 5330
1704 5338
1706 1740
1708 5985
1711 3129
1712 1058
1714 4030
1715 6110
1716 4738
1718 2146
1720 5311
1727 1152
1728 2515
1730 5809
1731 306
1732 5410
1734 1350
1735 2608
1736 1903
1737 5673
1738 5879
1739 334
1741 1874
1742 509
1744 6280
1745 1596
1746 6205
1747 717
1748 5805
1749 6100
1750 6063
1751 343
1752 6017
1753 3511
1755 5780
1756 5538
1757 5928
1758 5103
1759 5484
1761 181
1762 6290
1764 5592
1765 4840
1767 1219
1769 4952
1770 5933
1771 768
1773 2608
1776 1562
1777 2948
1782 627
1784 721
1786 80
1788 1202
1789 6230
1790 6266
1792 5556
1793 1030
1794 231
1797 6051
1798 5658
1799 871
1801 6195
1805 847
1807 340
1808 5664
1809 5739
1812 3650
1815 1754
1817 6054
1822 670
1823 1287
1824 5176
1825 5539
1829 5987
1830 5854
1832 5357
1833 1905
1834 125
1836 6241
1837 713
1839 3995
1840 5675
1842 1482
1843 5347
1844 1910
1845 1819
1846 6248
1847 1861
1848 3726
1849 184
1851 3011
1852 5643
1858 1185
1859 1599
1862 2599
1864 5854
1865 2573
1867 5916
1868 4226
1869 2610
1871 4027
1872 3587
1875 5967
1876 2110
1880 3404
1884 782
1886 1178
1887 4813
1888 6137
1889 2544
1890 5958
1894 547
1895 3004
1897 4468
1899 5906
1900 6065
1901 435
1902 5882
1904 1821
1907 1705
1908 6140
1911 4329
1913 3124
1917 5880
1919 6236
1921 1729
1922 3249
1923 4065
1924 5462
1926 5375
1928 5667
1929 50
1930 5946
1931 879
1932 4214
1933 5452
1934 5472
1935 6041
1936 3785
1937 2946
1938 5977
1941 6170
1944 2713
1945 6271
1946 6233
1948 328
1953 1369
1954 3189
1955 635
1956 5480
1958 437
1960 5838
1961 3387
1962 481
1963 931
1964 5799
1966 6047
1969 717
1974 784
1976 1878
1977 6142
1978 6014
1979 5373
1981 4550
1982 4885
1983 5591
1984 89
1986 2713
1987 45
1988 6013
1989 1259
1990 3479
1991 449
1993 3833
1995 284
1996 5237
1998 5696
2001 98
2002 6288
2004 2647
2005 5559
2007 465
2008 5362
2013 5738
2014 1435
2015 1906
2016 1333
2017 498
2018 6076
2019 5886
2021 196
2023 185
2024 1816
2025 1950
2026 3360
2028 5817
2029 13
2030 5063
2033 538
2034 3359
2035 879
2036 2557
2037 782
2038 5391
2039 6210
2040 5105
2045 6059
2046 2848
2047 1258
2048 5959
2049 5586
2050 4534
2051 5741
2052 3204
2053 4651
2054 6260
2056 3472
2057 5725
2058 4098
2059 6170
2060 5401
2061 6242
2062 2128
2066 6034
2068 2580
2071 6245
2072 4739
2073 5707
2075 3526
2080 2873
2081 5094
2082 5245
2084 3005
2085 1105
2086 1891
2089 6195
2090 2346
2091 5503
2093 5179
2094 802
2095 2576
2096 5179
2097 983
2098 1202
2099 1994
2100 561
2101 2803
2102 5526
2103 5463
2104 5723
2105 1087
2106 3646
2107 4752
2109 6003
2112 284
2113 5369
2116 4443
2117 4633
2118 3723
2119 5061
2120 5245
2122 5432
2123 277
2124 623
2125 2654
2126 3418
2127 5699
2129 691
2130 2365
2132 3108
2133 2807
2137 1729
2140 3851
2142 5795
2145 6277
2148 5628
2149 5375
2150 5464
2152 1590
2155 6185
2156 5729
2157 356
2158 635
2159 4065
2161 6087
2163 3450
2165 2196
2166 5628
2167 220
2168 5551
2169 5981
2174 5386
2176 4433
2178 5512
2180 1537
2181 393
2183 1179
2184 6014
2186 5685
2187 1071
2188 1980
2189 3450
2191 2020
2193 2396
2195 1211
2197 3649
2199 6132
2200 5262
2201 5477
2202 2175
2203 4924
2204 894
2205 4116
2208 4218
2209 6203
2210 1005
2211 3189
2212 3741
2213 2535
2214 5681
2215 5291
2217 475
2218 1881
2219 4739
2220 517
2221 3479
2222 5576
2223 721
2226 5472
2227 1319
2228 5679
2229 5366
2233 5367
2234 5529
2235 1191
2236 658
2237 1877
2238 5674
2241 1743
2243 3706
2244 5436
2249 3238
2250 3049
2253 466
2254 1554
2255 1183
2256 5718
2257 5564
2258 5258
2259 802
2260 413
2261 1558
2262 2534
2263 4280
2265 4019
2266 5895
2267 1722
2268 480
2269 4955
2270 2252
2272 210
2273 6078
2275 6135
2277 1404
2278 5934
2280 5702
2281 4648
2283 184
2284 1009
2286 2548
2287 731
2288 5662
2290 1952
2291 5746
2292 5698
2293 167
2295 5903
2296 48
2297 3169
2298 2032
2299 65
2300 1703
2301 1352
2302 5441
2303 3512
2304 5403
2307 3461
2308 977
2310 1212
2311 1499
2312 6003
2313 4055
2314 6275
2315 1040
2317 533
2318 719
2320 6004
2321 2863
2323 483
2324 278
2325 5759
2326 5899
2327 3359
2330 2848
2333 935
2334 1178
2335 6030
2336 6283
2337 5439
2338 10
2339 625
2340 2731
2341 5338
2342 5963
2343 5583
2345 366
2347 4483
2348 4531
2349 1349
2350 3706
2351 1478
2352 6269
2357 36
2358 5432
2360 1261
2362 6136
2367 2172
2370 5231
2373 5231
2374 232
2377 6261
2379 1994
2382 570
2384 1270
2386 134
2388 5563
2389 2456
2391 736
2392 1261
2393 6313
2395 5478
2398 5681
2400 5092
2401 4769
2402 799
2404 601
2405 1506
2407 5704
2408 12
2411 71
2413 1217
2414 3587
2415 1030
2416 1322
2417 6168
2418 2387
2419 6164
2421 3461
2423 970
2424 3055
2425 5530
2427 4813
2429 5061
2430 5734
2431 2726
2432 6236
2433 2590
2435 6218
2438 5037
2439 573
2440 403
2442 5892
2446 48
2447 5775
2449 5672
2450 5416
2451 5692
2453 5742
2454 1306
2455 5486
2458 5675
2459 2177
2460 867
2461 2151
2464 5634
2467 1531
2469 5504
2470 5920
2471 998
2472 6306
2473 306
2476 1997
2477 6102
2478 6193
2479 46
2480 1069
2481 3511
2482 5948
2484 430
2485 1568
2486 5788
2487 1952
2489 3359
2490 5478
2491 5554
2492 5514
2493 5889
2494 1305
2499 990
2500 557
2501 3479
2502 476
2505 449
2507 5179
2508 2989
2509 5915
2510 5938
2511 3147
2513 2441
2514 1068
2516 197
2519 199
2520 5427
2521 5512
2523 2741
2524 5462
2525 466
2527 4116
2529 1590
2530 2640
2531 728
2532 5843
2533 1119
2536 6127
2537 5747
2538 2602
2539 5902
2541 267
2543 5357
2545 5946
2546 4590
2547 5489
2550 6234
2551 3811
2552 3204
2554 5490
2560 5795
2562 268
2563 164
2565 109
2567 2143
2568 6110
2569 2065
2579 4056
2581 239
2584 1476
2585 660
2586 5651
2587 5691
2588 2839
2589 2361
2594 5988
2596 1209
2597 5722
2598 5883
2600 5473
2603 5654
2605 5722
2607 815
2611 1127
2612 5796
2613 158
2614 1325
2615 631
2616 483
2618 3677
2619 87
2621 5445
2622 5424
2624 5503
2627 417
2629 5389
2630 524
2631 1022
2632 2976
2634 5582
2635 1778
2636 417
2637 6159
2638 337
2641 109
2642 5972
2643 1526
2644 5441
2645 5814
2646 815
2649 981
2651 5255
2652 367
2653 3249
2655 1591
2656 2639
2657 5427
2658 2143
2661 5944
2662 5544
2663 501
2664 4603
2665 5299
2666 2041
2667 5692
2668 49
2670 159
2672 27
2674 447
2675 3464
2676 1949
2677 5601
2679 870
2680 1866
2681 3046
2682 5817
2683 559
2684 2055
2685 5636
2686 5092
2687 778
2688 3920
2689 5849
2692 5520
2693 210
2695 570
2696 6123
2698 3591
2699 2898
2700 3726
2701 5570
2702 1279
2704 5988
2705 2065
2707 5317
2709 5779
2710 5515
2712 4325
2715 6288
2717 3819
2718 5780
2719 1400
2720 374
2721 108
2722 4721
2723 1140
2727 2989
2728 3718
2729 4530
2732 5782
2733 2232
2735 5569
2736 6217
2738 1363
2742 6290
2743 391
2744 5553
2745 1076
2748 4753
2749 5487
2750 3479
2751 1968
2752 6075
2753 5132
2755 5628
2756 5577
2757 6058
2758 2572
2759 2576
2760 5443
2761 437
2762 1033
2763 570
2764 2807
2765 1590
2768 6162
2770 2797
2771 5500
2772 506
2773 1594
2774 998
2776 5619
2778 93
2779 5871
2782 5514
2783 5788
2784 4030
2785 624
2786 2114
2787 5928
2789 534
2791 1647
2793 3497
2794 2055
2795 3189
2796 147
2799 1754
2800 5343
2801 2946
2802 5445
2804 285
2806 1381
2809 6
2811 3504
2814 1835
2815 919
2816 948
2817 1663
2818 1655
2819 5541
2820 5594
2822 5632
2827 75
2828 142
2829 5607
2830 6123
2831 5586
2833 5976
2835 6317
2838 5255
2840 307
2842 6069
2843 12
2844 5550
2845 4446
2847 5938
2849 5335
2851 5649
2853 5577
2854 1362
2855 5791
2857 6214
2859 5473
2861 5151
2862 6098
2866 1127
2868 5457
2870 33
2875 6003
2876 3281
2877 5188
2879 2000
2880 907
2884 5669
2885 5652
2886 5752
2887 472
2888 349
2889 1575
2890 504
2891 4202
2893 5527
2894 5500
2895 1879
2896 6089
2897 5664
2900 6141
2901 671
2902 3497
2903 5659
2904 3210
2908 6085
2909 5570
2910 1412
2913 1101
2914 615
2915 509
2916 5988
2917 6298
2918 3965
2920 5813
2924 5702
2926 4479
2929 966
2930 6248
2931 5885
2932 716
2934 718
2937 1861
2938 1666
2940 3426
2941 5819
2942 5977
2943 581
2945 474
2947 400
2949 539
2950 1005
2951 3495
2952 6126
2953 6170
2955 6141
2956 5182
2957 4814
2958 6150
2959 6013
2961 421
2963 196
2964 5353
2965 3374
2966 730
2968 890
2969 666
2970 768
2971 2606
2972 142
2973 681
2974 3208
2975 591
2979 1696
2981 2557
2982 5777
2984 449
2985 890
2986 5110
2987 2
2990 84
2991 5608
2992 4531
2993 1677
2994 5231
2995 5879
2996 1951
2998 1594
2999 2610
3000 1860
3001 499
3002 6292
3006 6117
3009 970
3010 1743
3013 979
3014 80
3015 6174
3016 3663
3018 4936
3019 5646
3020 6251
3023 6139
3024 730
3030 5362
3032 1251
3034 4998
3035 874
3036 919
3037 225
3038 847
3040 879
3041 5970
3042 3501
3043 3691
3044 5517
3045 5634
3047 502
3050 6104
3051 2946
3054 5523
3057 4333
3058 497
3059 3390
3061 3080
3062 5832
3065 5355
3069 5386
3070 404
3071 871
3072 410
3073 6083
3074 2571
3075 3581
3077 828
3078 1827
3079 6174
3081 2231
3082 480
3084 5388
3086 319
3087 1350
3089 956
3090 1305
3092 5458
3096 5809
3097 6041
3098 5453
3099 5733
3100 5410
3101 5614
3102 6131
3104 2535
3107 2726
3109 2172
3110 3833
3111 3741
3112 6264
3113 2305
3115 1103
3116 4885
3117 644
3118 1694
3119 2997
3120 3544
3121 684
3123 2365
3125 823
3126 6298
3127 4534
3130 1317
3131 5621
3132 2294
3133 1772
3135 5665
3137 10
3139 2230
3142 2306
3144 5265
3145 4507
3146 1279
3149 5333
3150 6082
3151 4468
3152 494
3153 2526
3154 6017
3156 4218
3160 375
3161 5596
3162 6106
3163 675
3165 67
3166 5848
3167 10
3170 151
3171 5777
3174 2355
3175 5651
3176 5856
3177 5437
3178 6110
3179 3701
3181 6195
3182 107
3183 6058
3184 627
3185 780
3187 1943
3188 1657
3190 5914
3191 4845
3192 5416
3195 371
3196 1471
3197 2936
3198 5514
3201 4292
3202 5664
3205 5692
3206 1702
3207 769
3209 5848
3211 6234
3212 1079
3213 5445
3214 242
3215 1666
3216 5833
3217 3385
3219 289
3220 1033
3221 5796
3222 6121
3224 832
3225 4215
3226 3385
3227 51
3228 349
3229 3514
3231 600
3232 1811
3233 1325
3234 5362
3235 4299
3236 5517
3239 895
3240 3387
3241 3383
3243 225
3244 6057
3245 4124
3246 2730
3247 291
3248 2055
3250 1903
3251 1068
3253 4096
3254 5932
3255 1818
3258 209
3259 210
3260 3108
3261 5684
3262 969
3264 42
3266 5778
3267 5521
3268 558
3269 156
3271 1608
3272 271
3274 5631
3277 5762
3278 2239
3279 6094
3282 5484
3283 4852
3284 5987
3285 1078
3286 1652
3287 1558
3288 5369
3290 625
3292 5991
3293 1671
3294 2240
3295 2512
3297 832
3298 485
3301 2706
3303 4651
3304 5884
3305 3565
3307 1131
3308 5838
3310 6011
3313 5346
3315 6167
3316 1060
3317 2042
3320 6059
3322 2960
3323 799
3325 5572
3328 1033
3330 721
3331 5722
3333 640
3334 3763
3335 3567
3336 2512
3337 1023
3338 6085
3340 3344
3341 2976
3342 950
3343 6266
3345 2143
3346 4012
3347 6200
3348 5414
3350 969
3352 2177
3355 2734
3356 1950
3357 4887
3358 3467
3361 5834
3362 2846
3363 3159
3364 6261
3365 79
3366 5789
3367 640
3369 1647
3370 1950
3371 4479
3372 2628
3373 9
3375 5827
3376 3180
3377 1029
3378 5940
3379 5375
3380 3385
3381 89
3382 5889
3384 6276
3386 1959
3388 2989
3391 4433
3392 3677
3395 890
3396 4148
3397 4633
3398 5368
3399 5356
3400 1290
3401 1599
3402 1722
3403 367
3405 5997
3406 5570
3407 2032
3408 3479
3410 6270
3411 197
3414 1001
3416 3882
3419 1324
3420 1412
3421 963
3422 3083
3423 5456
3424 3677
3425 237
3427 2366
3428 2448
3431 1665
3432 4487
3434 2978
3437 2397
3438 5549
3439 1030
3441 398
3443 615
3446 1719
3447 1547
3448 1971
3449 4710
3452 1760
3454 5438
3455 5857
3456 1339
3459 5620
3460 5962
3462 4209
3463 5437
3465 5314
3466 1861
3468 6111
3469 212
3470 1994
3471 6107
3473 3487
3476 6321
3477 4534
3478 3173
3482 1813
3484 5928
3486 1007
3488 1891
3489 5291
3490 2426
3492 5431
3493 1554
3494 5841
3496 872
3499 1448
3500 3312
3503 6022
3505 5643
3508 346
3509 5854
3513 6308
3516 5834
3517 5299
3518 1029
3520 2279
3521 5654
3522 1543
3523 2087
3525 4885
3527 5515
3528 5404
3529 224
3530 492
3531 5939
3533 5746
3534 393
3535 1806
3536 5070
3538 5083
3539 2923
3540 6249
3542 5977
3543 449
3545 890
3546 6313
3547 3871
3553 3526
3555 1148
3556 5891
3557 1012
3559 6185
3560 442
3561 5582
3562 3359
3563 2121
3566 5409
3568 356
3570 2907
3571 5761
3572 4947
3573 1499
3574 6291
3575 5736
3576 5644
3577 5680
3578 5987
3583 72
3584 471
3585 6307
3589 6267
3590 518
3593 4218
3594 2978
3595 2387
3596 2713
3597 627
3598 277
3599 3544
3601 5474
3602 117
3603 5491
3605 5692
3606 2810
3607 1854
3608 67
3610 2640
3611 6090
3614 36
3618 5924
3621 2144
3622 4586
3623 6110
3624 174
3625 5431
3630 305
3631 319
3632 1300
3633 1772
3634 178
3635 5915
3636 6314
3638 6173
3639 6245
3640 447
3641 307
3642 179
3643 2572
3644 1300
3647 5182
3651 2846
3653 5548
3654 2671
3655 4998
3656 6210
3658 6122
3661 608
3664 374
3665 134
3666 5709
3667 5980
3668 1525
3669 1205
3670 1857
3671 5886
3674 134
3676 1042
3679 1478
3680 198
3681 1857
3684 5118
3685 5458
3686 5978
3689 5439
3690 5919
3692 4015
3695 1245
3696 2240
3697 1575
3698 6275
3699 6165
3702 304
3703 630
3704 5814
3709 819
3713 6151
3714 884
3715 5724
3716 1334
3717 5980
3719 239
3720 1316
3721 4534
3722 5948
3728 4647
3732 4947
3733 1259
3736 2807
3737 5182
3738 5416
3739 666
3742 4331
3743 101
3745 1300
3746 5237
3750 552
3753 1217
3757 2864
3758 1710
3760 5401
3764 462
3765 2628
3766 6051
3767 799
3768 5593
3769 1547
3771 1975
3772 5299
3775 5338
3776 1130
3777 5403
3779 2138
3780 2553
3781 2553
3782 1980
3783 1779
3784 5415
3787 5205
3788 1709
3789 2608
3790 5467
3792 169
3794 2821
3795 5720
3796 6267
3797 1019
3798 6210
3800 3613
3801 5555
3802 2316
3803 5019
3804 1778
3805 5283
3806 3483
3807 5849
3808 6051
3809 1290
3810 5967
3813 3491
3814 1722
3815 3383
3818 6163
3820 5953
3821 4106
3823 5998
3824 6127
3825 625
3826 1760
3828 1160
3831 1306
3832 1543
3834 6307
3836 6054
3837 1779
3840 6130
3841 3039
3844 5554
3846 1079
3847 1501
3850 1283
3853 2216
3854 3612
3855 445
3858 4329
3859 4707
3862 6037
3863 6139
3864 1324
3866 4112
3867 1596
3868 1857
3869 4982
3870 6168
3872 895
3873 6104
3874 4549
3875 1569
3877 6130
3878 5952
3884 493
3885 874
3886 4879
3888 2573
3889 2535
3891 2441
3892 6195
3893 5822
3894 5443
3895 5489
3896 5689
3899 4447
3900 1816
3901 2769
3903 5516
3905 268
3907 462
3909 119
3910 1891
3912 1060
3913 3344
3915 5317
3916 1804
3917 433
3918 581
3919 5375
3924 703
3925 6144
3927 5940
3929 5603
3930 3756
3932 5773
3933 2003
3935 1818
3937 4504
3938 5796
3939 6168
3941 6117
3943 5596
3944 1795
3945 5849
3946 969
3947 117
3948 255
3950 422
3951 6249
3952 6064
3953 5188
3954 2182
3957 682
3959 509
3960 6201
3961 1703
3962 934
3963 1105
3964 5980
3966 2248
3968 349
3970 6280
3971 2456
3972 3511
3973 5568
3974 1211
3976 245
3977 6283
3978 5769
3980 12
3981 5895
3982 5454
3983 5930
3984 5734
3985 2544
3986 3694
3987 1810
3988 1400
3989 1127
3990 2741
3991 3652
3994 6106
3996 2020
3997 5454
3998 5883
3999 1611
4000 875
4001 6023
4002 5560
4003 1007
4005 5070
4006 6131
4007 249
4008 2242
4009 839
4010 2591
4011 3049
4013 5981
4014 5703
4016 10
4017 5649
4020 1828
4022 3318
4025 506
4028 2731
4029 2399
4033 6016
4035 1543
4036 2873
4037 362
4039 1158
4040 6245
4042 2365
4043 5969
4045 6008
4046 5681
4047 6076
4049 5320
4050 6276
4051 1078
4053 935
4054 5680
4057 6307
4058 2807
4062 3512
4063 2933
4064 5773
4066 6018
4067 5934
4069 429
4070 6089
4071 5951
4073 3740
4074 5402
4076 5813
4079 2841
4082 6048
4083 591
4084 6307
4087 772
4090 5314
4091 1857
4092 6222
4093 5404
4094 5151
4097 2361
4104 5896
4105 4331
4107 2279
4108 615
4109 17
4111 5366
4114 5682
4117 5849
4118 2387
4119 5911
4120 5321
4123 3511
4126 863
4129 5664
4130 1818
4133 1719
4135 4515
4137 5508
4138 5968
4142 1554
4143 391
4144 966
4145 5906
4146 349
4147 232
4149 6230
4150 1019
4151 918
4152 5686
4153 2154
4154 5276
4156 1089
4157 6167
4158 3663
4159 5880
4160 190
4162 5982
4163 5772
4168 4251
4169 4248
4170 1139
4172 1205
4173 39
4174 5693
4183 5356
4185 5608
4186 1531
4187 853
4189 387
4191 1857
4194 6117
4195 5761
4196 703
4197 5206
4198 681
4201 3712
4203 2252
4204 6141
4205 875
4206 5503
4207 400
4210 5723
4216 1997
4220 221
4222 912
4223 1903
4227 6262
4228 3646
4229 5791
4230 5094
4231 3450
4232 5414
4234 494
4235 1997
4236 5388
4238 3354
4239 1443
4241 5601
4242 6117
4244 1601
4245 5695
4249 5930
4253 5597
4254 6063
4255 6044
4257 1795
4258 2194
4260 2031
4261 4280
4263 5604
4265 4936
4268 3105
4269 2836
4271 5932
4273 4532
4275 5361
4276 63
4277 5883
4278 181
4279 4299
4281 5864
4282 6069
4284 4645
4285 1245
4286 199
4287 2898
4288 5590
4290 6165
4293 1363
4295 5855
4297 5812
4300 5438
4301 2079
4302 5632
4305 3785
4306 2146
4307 658
4308 6307
4309 954
4310 87
4311 6096
4312 1866
4313 3749
4315 6193
4318 318
4319 3741
4321 337
4322 366
4323 316
4324 5951
4326 997
4328 178
4334 552
4335 889
4336 5006
4337 2457
4338 6290
4339 5782
4340 443
4342 2279
4344 6124
4345 5990
4346 214
4347 1803
4348 1816
4350 3682
4351 6258
4353 1322
4355 1338
4357 5702
4359 4314
4362 3318
4363 5331
4364 5586
4365 4176
4369 1877
4371 1244
4372 2946
4373 5676
4375 118
4376 5110
4377 420
4378 6308
4379 4096
4383 400
4384 6320
4385 2355
4386 4098
4387 609
4388 1997
4389 342
4391 1355
4394 4697
4395 5962
4396 1333
4397 5491
4400 1287
4403 1952
4405 4645
4406 5607
4407 151
4408 1703
4409 4738
4410 1305
4412 3418
4413 533
4414 5363
4415 1835
4416 485
4417 1959
4418 6176
4419 5805
4420 2572
4421 5265
4423 1178
4424 5649
4425 894
4426 255
4427 5436
4429 4325
4432 443
4434 3148
4435 964
4436 1
4437 410
4439 5653
4440 938
4441 3067
4444 5124
4445 18
4448 414
4449 1702
4451 1557
4452 2274
4455 5855
4456 2242
4457 6106
4458 1980
4460 5478
4461 6178
4462 5798
4464 5412
4466 5675
4467 5354
4470 4534
4471 379
4472 5460
4473 5203
4474 3312
4475 5686
4476 1877
4477 5386
4478 5762
4480 761
4481 5979
4488 4124
4489 50
4494 249
4495 12
4496 4504
4497 1216
4498 2548
4499 1314
4500 365
4506 6307
4508 1985
4510 3472
4511 480
4512 4202
4513 4024
4514 6128
4516 89
4520 2247
4521 6091
4522 6089
4523 5855
4525 1775
4526 829
4529 5507
4535 5330
4536 6080
4539 1325
4540 417
4543 261
4544 1635
4545 6112
4546 442
4548 5588
4551 5118
4552 4446
4553 639
4554 5687
4555 125
4556 5399
4557 6127
4559 6182
4560 1359
4561 963
4562 5667
4563 5653
4564 5740
4566 5872
4568 5
4572 5884
4573 2240
4575 1
4576 5985
4577 5837
4578 6127
4579 2153
4580 772
4581 2907
4582 271
4583 5442
4585 6081
4587 2055
4588 1344
4591 1158
4593 4518
4594 3359
4595 3385
4596 1772
4597 6144
4598 1217
4599 5881
4602 308
4604 2356
4605 5930
4606 1531
4607 235
4608 4530
4609 4085
4610 1943
4611 718
4612 494
4613 2907
4614 4530
4615 596
4616 2522
4617 4998
4618 5685
4620 1861
4621 612
4622 5507
4623 118
4624 3189
4625 1319
4626 5955
4627 998
4628 912
4629 6000
4631 2177
4632 3511
4634 2946
4635 5805
4636 2713
4637 6116
4638 5191
4639 5954
4640 6122
4641 3995
4642 3208
4643 1591
4644 174
4646 101
4650 3707
4652 4215
4654 5813
4655 1290
4657 17
4658 3811
4659 5758
4661 4531
4662 6268
4663 5959
4665 2960
4666 2247
4667 5909
4668 6213
4671 764
4672 5827
4673 1879
4674 752
4675 2595
4677 5204
4678 6222
4680 87
4681 5151
4682 5871
4683 1562
4684 1343
4686 1680
4687 5884
4688 1047
4690 769
4691 5406
4692 1657
4693 6000
4694 5939
4698 5735
4699 3706
4700 1290
4701 5354
4702 1030
4703 6054
4704 4955
4705 3453
4706 1920
4708 1288
4709 6079
4714 6248
4715 3857
4716 6053
4718 2654
4719 4752
4720 4503
4722 3275
4723 5954
4725 6107
4726 6096
4727 1912
4728 117
4729 2434
4732 482
4734 1033
4735 4354
4736 195
4743 959
4746 5532
4747 1723
4748 3359
4750 3360
4751 5781
4755 872
4756 5669
4758 46
4759 5712
4760 3785
4762 4924
4763 879
4765 5517
4766 1506
4767 1364
4770 6182
4771 5304
4773 5783
4774 5721
4776 5886
4777 3483
4779 5642
4780 1036
4782 5897
4783 5765
4784 1036
4785 2834
4787 6112
4788 5653
4789 430
4790 1925
4792 400
4793 5391
4794 5459
4796 6284
4797 5911
4798 1610
4799 892
4801 2239
4803 501
4805 5897
4807 25
4809 2264
4812 5864
4815 5664
4816 449
4817 2576
4819 1818
4820 2591
4821 5345
4822 804
4824 5908
4825 666
4826 4647
4827 294
4828 571
4829 1338
4830 5703
4832 1534
4833 2078
4835 847
4836 4515
4837 4738
4838 5916
4839 721
4843 5516
4847 4586
4848 1140
4849 6026
4850 1114
4851 1362
4853 5600
4855 2522
4856 3861
4857 366
4858 5963
4859 6075
4860 255
4861 660
4862 5591
4863 5797
4864 6288
4865 185
4866 5704
4869 5855
4870 5791
4871 5304
4872 5772
4873 5998
4874 6229
4875 5311
4877 5805
4878 2185
4880 539
4881 611
4882 3645
4886 6131
4889 5685
4891 5911
4892 327
4894 4982
4897 2590
4898 5347
4900 5382
4901 5276
4904 3544
4905 5323
4907 6269
4910 6276
4911 1722
4912 1478
4913 5566
4914 6307
4915 5346
4917 828
4921 636
4922 4176
4925 5605
4928 2881
4929 4868
4931 5478
4932 5315
4935 1089
4938 302
4939 1139
4940 5690
4942 5672
4945 6279
4946 5832
4950 3194
4951 474
4953 271
4956 1152
4958 2548
4959 1031
4960 5802
4961 5713
4962 2591
4963 3617
4964 687
4965 1724
4966 5550
4967 1665
4968 5668
4970 649
4972 5541
4974 2289
4977 5681
4978 4052
4979 2232
4980 5927
4981 6036
4983 1800
4984 3385
4985 1216
4992 5668
4993 134
4994 1436
4995 164
4996 5884
4997 5356
4999 5262
5000 5988
5002 4027
5003 334
5004 5517
5005 5990
5007 4955
5008 3662
5010 5276
5011 5600
5012 5633
5014 3751
5015 1400
5016 1903
5017 3741
5018 1666
5021 5812
5023 1049
5025 2939
5026 5368
5031 88
5032 1042
5034 5419
5035 151
5038 50
5041 5757
5043 4739
5044 907
5045 319
5046 6063
5047 5700
5049 524
5050 1671
5052 625
5056 346
5057 5330
5059 4329
5062 1023
5064 3242
5069 5806
5071 337
5072 3238
5073 1826
5075 373
5076 3880
5077 1452
5078 1709
5079 4024
5080 5370
5081 3729
5091 3497
5100 1373
5102 1294
5104 524
5106 3483
5107 6201
5108 1856
5109 1287
5111 5764
5112 3511
5116 6256
5117 1182
5119 3741
5120 53
5122 956
5123 6241
5126 5750
5129 1005
5130 6088
5131 5360
5133 963
5134 1678
5135 71
5136 443
5137 239
5138 1007
5139 3504
5140 62
5142 1607
5144 53
5145 1152
5146 577
5147 5594
5148 278
5149 331
5150 1791
5154 1912
5155 6098
5156 319
5157 3474
5159 3706
5160 1856
5161 5473
5163 3053
5164 5368
5166 1076
5168 5063
5169 3383
5172 425
5173 5906
5174 2251
5175 2769
5177 4517
5178 4800
5181 5833
5183 281
5184 2194
5186 674
5192 4450
5194 53
5195 2242
5196 1665
5198 3060
5199 1696
5201 2821
5202 3659
5207 951
5208 4804
5209 6054
5211 278
5212 1242
5213 6159
5214 3481
5216 1680
5217 6265
5219 5831
5221 5425
5222 5276
5225 3203
5228 6084
5230 356
5233 1985
5235 501
5236 5883
5238 5215
5239 889
5240 5652
5242 435
5243 3662
5244 362
5246 2378
5247 5864
5249 5970
5250 1344
5251 774
5252 393
5256 6044
5257 1874
5259 4446
5260 3857
5261 1367
5266 6163
5267 1306
5268 2590
5270 343
5271 179
5272 5675
5273 1316
5274 5931
5277 3726
5278 5789
5279 1411
5280 5734
5281 1568
5282 2788
5287 119
5288 1389
5290 2375
5292 1268
5293 5644
5294 2242
5296 5736
5297 2837
5298 1221
5300 938
5301 1688
5308 997
5309 5779
5310 5901
5327 6086
5348 1810
5394 5721
5397 4742
5413 3729
5481 5883
5629 4504
5677 1552
5705 624
5711 920
5766 365
5793 666
5830 4515
5840 6241
5869 2864
5917 5342
5935 304
5943 5409
5975 2375
5993 150
5995 750
6007 1333
6010 5866
6015 6174
6093 731
6108 5989
6113 5853
6118 3706
6171 1554
6181 205
6189 1710
6209 3461
6223 2939
6227 4433
6250 5588
6252 6014
6253 1694
6272 861
6278 5503
6293 89
6305 730
6316 5400
6323 6303
6325 5341
6326 5468
6327 595
6328 316
6330 4314
6331 1968
6332 5360
6335 2436
6336 600
6337 5369
6338 5958
6341 1316
6343 3612
6344 1903
6345 3581
6346 2962
6347 3159
6348 5700
6349 2365
6350 6191
6351 5658
6352 2769
6353 4772
6354 885
6355 5425
6356 778
6358 3114
6359 5914
6360 6126
6361 5892
6362 1529
6363 5188
6364 3344
6365 559
6366 114
6367 2923
6368 5883
6369 1059
6370 5926
6371 5383
6374 1804
6375 387
6376 6095
6377 3762
6378 5414
6379 1552
6380 3848
6381 4738
6382 1713
6383 1160
6384 6101
6385 5788
6386 918
6389 1980
6390 5204
6391 5536
6392 4106
6395 5715
6396 2810
6398 2640
6401 6005
6403 40
6404 5896
6405 5882
6407 3712
6408 2730
6411 5379
6412 6210
6414 4251
6415 847
6417 3311
6418 1635
6419 6019
6421 5652
6422 6102
6423 6094
6424 5805
6428 5720
6429 5115
6430 5981
6431 6167
6432 5600
6434 1854
6435 5779
6436 5330
6437 4998
6438 50
6440 3544
6441 6019
6443 5990
6444 4052
6445 5276
6447 5978
6448 5289
6449 1820
6450 632
6452 3592
6453 5483
6454 950
6455 8
6456 2182
6457 5888
6458 4314
6459 3965
6460 5516
6463 6184
6464 5321
6465 6041
6466 4055
6469 5457
6470 442
6472 5833
6473 5945
6475 50
6476 1294
6477 2725
6478 1874
6479 1189
6480 5410
6481 109
6482 3046
6483 5519
6484 3637
6485 5841
6486 6022
6487 5885
6488 5118
6489 5774
6490 3169
6491 5341
6492 3650
6495 2593
6496 1861
6497 6311
6499 1316
6500 874
6503 6213
6504 5875
6505 5435
6506 144
6507 516
6508 4459
6509 730
6510 3969
6511 6144
6512 5963
6513 1940
6514 5741
6515 190
6517 5359
6518 894
6520 6304
6521 144
6522 5703
6524 5372
6527 1105
6528 2599
6529 6101
6530 5857
6531 6032
6533 839
6534 5902
6535 5311
6536 6242
6537 5797
6539 1493
6543 146
6544 1980
6545 5572
6546 5006
6548 2625
6549 6218
6550 5717
6551 18
6552 1033
6554 3748
6555 2495
6556 3479
6558 6046
6559 5546
6560 6006
6561 400
6562 5514
6563 33
6564 1925
6565 938
6566 3865
6567 307
6569 5356
6570 2933
6571 2396
6572 558
6573 1488
6574 3613
6575 4507
6577 1114
6579 5982
6581 2403
6582 6049
6583 6204
6586 3360
6587 5799
6588 1665
6589 1242
6590 3138
6592 1816
6593 1369
6595 5470
6596 2294
6597 5871
6599 5389
6600 3592
6601 6047
6602 5291
6603 6167
6604 393
6605 4844
6606 5352
6607 4697
6608 3252
6609 4065
6612 651
6613 61
6614 289
6615 227
6616 5627
6618 3387
6619 3481
6620 4879
6622 847
6623 1188
6624 2115
6626 3147
6628 5798
6629 1178
6630 484
6631 5427
6632 5361
6634 1060
6636 422
6637 6185
6638 509
6639 5459
6640 3833
6642 5374
6643 1719
6644 331
6645 931
6646 5264
6648 5815
6649 2639
6650 6003
6652 3504
6653 2396
6654 5715
6656 48
6657 5884
6658 4769
6660 5566
6661 1059
6662 1432
6663 3210
6664 2397
6665 5624
6666 5369
6668 499
6669 498
6670 2925
6671 2734
6672 4030
6673 6321
6674 5443
6675 570
6676 2797
6677 2274
6679 5742
6680 4343
6681 344
6682 98
6683 387
6684 3180
6685 5516
6686 3458
6688 6104
6689 5498
6690 3928
6691 2399
6692 5962
6694 2812
6695 5662
6696 1713
6697 130
6698 3200
6700 6280
6701 93
6703 56
6704 2182
6705 6126
6706 1139
6707 1448
6708 5447
6709 5124
6710 983
6712 4739
6714 1910
6715 1940
6716 6320
6717 1009
6718 1819
6719 6078
6720 6106
6722 4361
6723 5631
6724 5425
6726 122
6727 157
6728 5499
6729 1723
6730 1353
6731 1212
6732 1007
6733 5851
6734 2871
6735 3890
6736 3085
6737 769
6738 5930
6739 561
6740 4887
6741 5606
6742 691
6743 6248
6744 5661
6746 5372
6747 4676
6748 1940
6749 221
6751 591
6752 1820
6753 1218
6754 4503
6755 1435
6756 2387
6757 616
6759 5911
6760 402
6761 5543
6762 2361
6764 604
6765 1160
6766 5642
6767 2713
6768 270
6769 3694
6770 5205
6771 1791
6772 3060
6773 6204
6774 1621
6775 1857
6776 5963
6777 1717
6778 5621
6779 4806
6780 2128
6781 6268
6782 5276
6783 5698
6784 457
6785 4676
6786 6079
6787 2839
6788 997
6789 1710
6790 1296
6791 6321
6792 5658
6793 1392
6794 6137
6795 3312
6796 321
6800 2251
6801 4586
6802 849
6804 1063
6805 919
6806 5991
6807 1677
6808 5215
6809 5665
6811 1724
6812 768
6813 1148
6814 5385
6815 3871
6816 1501
6817 5474
6818 5376
6820 6258
6821 934
6822 5441
6823 5648
6826 5417
6827 1655
6828 5726
6831 3218
6832 1800
6834 3731
6835 5337
6836 5392
6838 1007
6839 2648
6840 2577
6841 6173
6842 871
6843 3168
6845 731
6846 5037
6847 2032
6848 1373
6850 5687
6851 435
6852 761
6853 4697
6854 6216
6855 639
6856 2136
6858 2110
6859 4361
6861 751
6862 5561
6863 5404
6865 6236
6866 4
6867 487
6869 5063
6870 865
6871 2230
6873 889
6874 4361
6876 262
6879 249
6881 5722
6882 1554
6884 3237
6889 2522
6890 5541
6891 526
6892 5773
6893 3694
6894 1806
6895 5691
6901 305
6902 5588
6903 1071
6905 6088
6906 78
6907 5586
6909 6139
6910 783
6911 879
6912 5919
6913 5736
6914 122
6915 25
6916 445
6917 4775
6918 615
6919 2659
6920 5941
6922 8
6924 1558
6925 62
6926 1613
6927 48
6928 198
6929 6175
6930 3734
6932 3141
6934 2517
6935 1594
6936 3567
6938 3497
6941 1130
6942 441
6944 6281
6945 4411
6946 829
6947 1883
6949 5723
6950 5441
6951 1250
6953 704
6954 205
6956 865
6958 1130
6961 5925
6962 900
6964 3464
6965 6292
6966 387
6967 5432
6968 5767
6969 5721
6970 5963
6972 6310
6973 262
6974 6060
6975 4402
6979 3194
6981 5636
6982 1488
6983 79
6984 5989
6985 5818
6987 1951
6988 167
6990 5182
6991 4246
6995 3694
6999 4446
7002 411
7004 5997
7005 1397
7006 1892
7008 1811
7009 4764
7010 2775
7012 6047
7013 4124
7014 428
7015 5433
7016 934
7017 5562
7019 6088
7020 6317
7021 6265
7022 6129
7023 4721
7025 6160
7026 850
7027 2769
7028 5395
7029 1971
7030 2138
7032 6235
7033 6140
7034 104
7035 4549
7036 1613
7037 277
7038 5753
7039 574
7040 235
7041 4648
7042 5229
7043 5482
7044 4738
7047 783
7048 4272
7049 5980
7050 1063
7051 72
7052 5982
7055 4246
7056 5652
7058 1906
7059 1898
7060 509
7062 641
7063 5976
7064 25
7066 2232
7067 6079
7068 6283
7069 3812
7070 935
7071 5441
7072 1878
7073 5642
7074 5457
7076 5709
7077 3080
7078 1139
7079 2599
7080 5530
7081 1722
7083 5299
7084 1803
7085 5412
7087 349
7088 178
7089 6152
7090 4534
7091 5548
7092 885
7093 3652
7094 5403
7095 3851
7097 1179
7098 2171
7099 751
7100 4
7101 2602
7102 2606
7104 5762
7105 867
7106 5355
7107 5885
7109 6184
7110 6
7111 4368
7112 5798
7113 1665
7114 2834
7115 6126
7116 2032
7117 994
7118 645
7119 5276
7122 3706
7125 5888
7126 5580
7127 1586
7128 4215
7129 6003
7130 2069
7131 6276
7132 1019
7134 3848
7135 270
7137 5490
7138 5578
7140 5615
7142 5921
7143 86
7144 1677
7145 2346
7146 5945
7148 5977
7149 5603
7150 5286
7152 1259
7154 6268
7155 2708
7156 335
7158 1733
7159 5520
7160 6150
7161 13
7162 187
7164 5258
7166 1743
7167 1288
7168 5103
7169 1531
7172 5458
7173 1251
7174 6315
7175 118
7176 193
7177 4947
7178 2162
7180 4266
7181 10
7183 1381
7184 5689
7185 3921
7186 1322
7188 2518
7189 5646
7190 4840
7192 5952
7195 1231
7196 6222
7197 5896
7198 3609
7199 5597
7200 5
7201 6292
7202 6243
7203 4786
7205 1371
7206 3028
7207 6176
7208 5541
7209 4603
7210 5978
7211 5931
7212 3169
7213 5961
7214 1635
7215 4176
7216 364
7218 6013
7221 1665
7222 2578
7223 3845
7224 1827
7226 3544
7227 5094
7228 382
7230 4537
7231 195
7232 2989
7234 5487
7235 4538
7239 2172
7240 4390
7244 5958
7245 774
7248 534
7249 168
7250 3579
7251 4936
7254 2989
7256 2522
7258 5963
7259 4590
7260 4331
7261 5734
7262 2252
7264 1800
7266 1005
7268 63
7269 779
7271 3708
7273 6107
7276 534
7277 4018
7278 537
7279 969
7280 5897
7281 5775
7283 1191
7285 5850
7288 3662
7289 871
7295 6203
7296 5359
7297 998
7298 3159
7300 5151
7302 5691
7304 509
7305 5980
7306 5978
7308 1158
7310 2443
7311 1178
7312 532
7314 3969
7315 5800
7316 5475
7317 5489
7318 5966
7319 963
7320 5613
7321 1036
7323 1040
7324 3387
7325 6000
7326 5289
7327 1224
7328 2136
7329 3027
7330 6112
7331 1205
7332 1258
7333 1827
7335 5744
7336 5740
7337 6141
7339 5806
7341 4834
7342 1684
7343 2928
7344 4530
7345 5622
7347 6023
7348 4102
7349 5773
7350 625
7351 931
7355 1811
7356 339
7357 5771
7358 303
7359 5832
7360 6117
7361 2294
7362 5725
7363 1980
7365 2921
7367 2242
7368 4541
7369 1476
7370 1209
7371 6036
7372 1740
7373 1449
7375 4603
7377 79
7378 6222
7379 558
7381 3458
7382 4314
7383 5916
7384 4895
7387 2239
7389 43
7390 104
7391 931
7392 736
7393 6037
7395 6016
7396 1537
7397 1800
7399 6320
7400 5843
7403 5568
7404 6203
7405 5433
7407 3778
7408 5848
7409 2921
7410 3544
7411 5983
7412 494
7415 5347
7416 2353
7418 6264
7420 2566
7421 2803
7422 393
7425 5507
7426 3159
7427 1400
7429 4676
7430 2356
7431 5443
7432 5817
7433 625
7434 3751
7436 6139
7437 5604
7439 5353
7441 2252
7442 5258
7443 2128
7445 3354
7447 6141
7448 5765
7450 5604
7451 2846
7452 1268
7453 5810
7454 2678
7456 2457
7457 5669
7458 6270
7460 252
7461 1119
7462 4515
7464 5764
7465 5372
7466 5904
7470 1586
7472 1242
7473 865
7474 6280
7475 6150
7476 5775
7478 5685
7479 1642
7480 164
7481 375
7483 333
7486 47
7487 465
7488 3091
7490 5735
7491 506
7492 6217
7494 641
7498 13
7500 62
7501 4075
7502 5350
7503 6152
7504 6314
7505 4507
7506 5366
7507 5450
7508 5682
7509 5562
7510 591
7511 2055
7512 4098
7517 6091
7518 2591
7519 2115
7520 514
7522 6191
7524 3515
7525 2988
7526 4085
7527 242
7528 318
7530 22
7531 2678
7533 2448
7534 2141
7535 4214
7536 393
7537 1212
7538 3173
7539 5772
7540 53
7541 4924
7544 4124
7545 3845
7546 5029
7547 2775
7548 5740
7549 1325
7550 1795
7556 1663
7557 393
7558 3857
7559 5332
7560 2231
7561 731
7563 779
7564 4248
7567 5323
7568 1680
7570 5904
7571 1404
7573 4329
7574 561
7575 2790
7576 6042
7577 221
7578 485
7579 218
7581 1033
7583 3942
7584 658
7585 3612
7586 678
7587 5897
7588 5422
7590 1835
7591 2577
7592 561
7593 5408
7598 6307
7599 1534
7600 2826
7602 5896
7603 4483
7604 1985
7605 5312
7606 5625
7607 1189
7608 1355
7609 5897
7610 1290
7611 2247
7612 466
7613 1891
7615 5738
7616 5903
7618 148
7619 539
7620 3752
7621 3845
7622 5479
7623 6320
7624 5
7625 43
7626 168
7627 5773
7628 5264
7631 5450
7633 5780
7634 5855
7635 6304
7636 387
7637 3659
7638 118
7640 4056
7641 5520
7642 6047
7643 2946
7644 2734
7645 2788
7647 2225
7649 5591
7650 2526
7652 5806
7653 5510
7654 3351
7656 2242
7657 76
7658 1353
7659 1670
7660 1221
7661 1898
7662 1242
7663 6014
7664 1392
7665 5321
7666 1411
7667 1202
7668 88
7669 1367
7670 5969
7671 1218
7672 1803
7675 2923
7676 1435
7677 3374
7678 5757
7680 1296
7681 5813
7682 2264
7686 4487
7688 3026
7689 5958
7690 2483
7692 3812
7693 5450
7694 5926
7695 2495
7696 6206
7698 3778
7700 655
7701 2933
7702 340
7704 6274
7705 1005
7707 1049
7709 5903
7710 6269
7712 6009
7713 366
7714 5731
7715 5875
7716 6135
7717 1386
7718 3053
7721 3312
7722 1329
7723 5538
7724 518
7725 5188
7727 2162
7728 5583
7729 5613
7730 4908
7731 4752
7732 1148
7736 6017
7737 1499
7738 1883
7740 1898
7741 1525
7742 4987
7743 5809
7744 5746
7746 5361
7747 5460
7750 3969
7752 457
7753 5687
7756 5797
7757 5806
7759 5509
7761 658
7764 147
7766 3501
7767 5515
7768 719
7769 6020
7771 5428
7772 5856
7773 5703
7774 5603
7776 6203
7778 5386
7780 2573
7782 2000
7783 344
7784 632
7786 1877
7788 750
7789 5312
7790 731
7792 2898
7793 5833
7795 9
7796 4721
7798 719
7799 2141
7800 4443
7806 1861
7808 25
7810 6136
7811 681
7813 574
7814 3467
7815 124
7816 3551
7817 1688
7818 880
7819 1268
7821 3740
7822 5723
7823 2356
7824 5752
7825 1635
7826 649
7827 3147
7828 5718
7829 2194
7830 5517
7832 1680
7835 4024
7837 674
7841 517
7842 46
7843 373
7845 1448
7846 284
7848 5028
7849 921
7850 196
7851 25
7852 6130
7853 53
7854 994
7855 5615
7856 3504
7859 5392
7861 3613
7862 5355
7863 5954
7864 4651
7867 1288
7868 413
7869 5205
7870 2648
7872 3080
7873 5549
7874 5283
7876 5789
7878 5654
7879 2576
7880 84
7881 5932
7882 1569
7884 1231
7886 3857
7887 5245
7888 5611
7891 119
7892 5646
7894 6260
7895 5505
7897 4952
7898 687
7899 3349
7901 1877
7903 6087
7905 430
7908 3114
7909 3173
7910 6105
7911 2708
7913 741
7914 4368
7915 42
7916 5857
7917 6083
7918 6248
7919 4987
7920 371
7921 224
7922 5809
7923 3180
7924 3359
7925 5836
7926 2172
7927 2055
7929 5395
7930 382
7931 5839
7932 340
7933 195
7934 5810
7935 5722
7937 401
7939 6225
7941 5703
7942 391
7943 5517
7944 1179
7946 5749
7947 1818
7950 5534
7953 2864
7954 2936
7955 5440
7956 4304
7957 4041
7958 704
7959 5649
7961 1031
7962 2640
7963 157
7966 5399
7967 2436
7969 6102
7970 5508
7971 457
7973 5978
7975 5805
7976 6102
7977 142
7978 1449
7979 6087
7980 6185
7983 5006
7984 3701
7986 6089
7989 5435
7990 6127
7991 422
7993 2242
7994 1197
7995 480
7996 2289
7998 2933
7999 2610
8000 900
8001 3080
8002 226
8003 6092
8004 649
8005 5778
8006 6173
8007 1525
8008 1221
8011 819
8012 1854
8013 655
8014 3083
8016 418
8018 5972
8020 488
8022 624
8023 6245
8024 6095
8025 5809
8026 162
8027 3445
8028 474
8029 5564
8030 5838
8032 5248
8034 4538
8035 5650
8036 2387
8038 1854
8039 1629
8040 1779
8041 53
8042 5521
8044 2466
8045 5885
8047 2232
8048 3581
8049 859
8050 3404
8051 5357
8052 2143
8053 2346
8055 5691
8057 2892
8058 5746
8059 1556
8061 5796
8062 6210
8063 4252
8064 525
8065 6213
8066 5742
8067 6239
8068 2848
8069 54
8070 76
8071 2457
8074 4647
8075 2731
8076 2396
8077 5578
8079 5630
8080 5118
8081 3848
8082 5396
8083 6262
8084 4246
8085 1049
8086 3148
8087 1814
8090 5972
8092 5436
8094 2713
8096 1305
8097 1339
8099 2230
8101 3691
8102 402
8103 3591
8104 484
8105 5676
8109 5489
8111 752
8112 311
8116 4924
8118 6215
8119 4218
8120 1316
8122 2346
8123 2171
8127 3865
8128 2572
8130 5934
8132 3210
8133 4868
8135 649
8136 664
8137 636
8140 2708
8142 3851
8143 5203
8144 5888
8145 879
8146 2837
8147 1556
8148 3591
8149 484
8150 5694
8152 2836
8153 52
8154 4957
8155 6141
8156 5176
8157 6072
8159 3479
8160 849
8163 3785
8164 1087
8166 5588
8167 373
8168 983
8170 6123
8171 5487
8172 5337
8173 1197
8174 537
8175 4052
8177 5897
8178 164
8179 2925
8182 2571
8184 6176
8186 6163
8187 294
8188 6175
8189 3088
8190 45
8191 2136
