6717 762
6586 106
6383 936
6511 38
6435 247
6793 13
1236 161
6657 371
305 141
4587 183
6757 240
6221 528
14 13
6380 33
2495 706
8192 3049
1 1971
8193 1911
8194 400
8196 415
8197 6785
6 815
8198 5120
8199 3
8200 6423
10 1984
11 6256
8202 440
8203 7130
8204 7212
15 6622
8205 977
8206 1013
8209 1543
19 5465
20 6649
21 285
8210 4436
23 367
8211 1493
8212 6593
26 41
27 3467
28 1906
29 752
8213 2403
8214 286
8215 31
8216 6449
34 249
35 5356
8219 200
37 6320
38 7068
8222 14
8225 289
8226 6832
42 5767
49 3544
57 345
60 6369
64 476
69 6479
72 7036
74 6496
75 1069
77 1820
85 7168
89 178
90 339
91 811
97 6832
99 1296
100 3764
102 846
105 6488
106 6863
111 601
112 4058
113 1331
115 6443
120 43
122 3932
126 3825
128 5774
129 205
133 3593
135 451
136 2287
137 3649
138 6354
140 1136
141 7206
149 993
150 1819
151 178
152 1823
153 5561
158 6916
161 4603
165 2169
166 3481
170 2443
173 7071
177 3322
183 6369
186 3694
187 3920
189 498
191 4091
192 3690
193 683
201 1316
203 5092
206 5105
207 2361
208 6605
209 1494
210 6608
211 6946
213 7050
215 1339
216 6731
219 2713
222 1044
226 3512
229 5442
234 1739
240 5775
241 6552
243 6465
245 7181
247 6982
250 2272
251 2252
252 93
253 1839
254 5255
255 6437
256 1364
257 6369
258 5298
259 5355
260 7164
262 4293
263 1017
264 1981
265 146
266 6692
269 2144
273 4707
276 704
278 1479
279 1042
282 383
283 6806
287 6691
288 4699
290 62
293 5412
294 3070
295 6103
296 835
297 6186
299 3523
300 1814
301 7081
302 7166
304 3865
307 1610
314 2181
317 538
318 7078
320 584
322 3715
323 1250
324 6778
325 609
326 1188
330 4941
332 6261
334 3046
338 2944
341 6845
347 3685
352 5338
354 6801
355 7116
357 6703
358 3215
361 6822
362 6935
368 7056
369 7106
370 687
372 2797
373 4751
376 616
377 7110
380 6364
381 6697
8217 1543
386 4604
8218 1928
392 7076
393 3756
394 4822
395 7041
396 2316
8220 3320
398 920
399 7068
401 7027
8221 2893
405 3404
407 1925
408 4941
412 7107
413 6637
416 6685
419 2291
420 4441
423 6503
424 6912
425 6435
426 6626
427 3466
428 6709
432 5465
434 80
435 7044
438 3882
441 6771
444 2177
446 3436
453 1240
454 2527
455 1766
457 6355
459 6481
460 6694
463 2557
464 6485
469 471
470 7043
472 1862
474 598
478 1049
479 3749
480 5629
486 3205
489 1952
491 340
501 7092
502 1271
504 6808
505 749
507 1794
514 1485
515 6485
516 1671
520 383
521 1450
522 5764
525 1562
527 588
528 6424
529 1076
530 1278
531 1737
534 267
542 6785
543 2777
544 4650
545 2579
546 6401
548 2528
551 671
553 6173
554 6350
556 4957
558 2584
560 7216
563 6606
564 4635
567 1069
568 1981
569 6518
573 3237
574 5935
576 1665
580 1334
582 6739
583 7008
585 2110
587 6448
589 5373
590 1343
592 22
595 866
597 2403
599 6486
602 6698
603 5037
604 4194
605 6583
606 6424
607 286
610 7134
612 6344
614 1490
617 2627
618 6862
620 2837
621 6414
626 92
629 1007
633 5654
635 291
637 5176
638 778
642 782
647 3060
648 6563
649 1884
650 687
652 52
653 6086
654 1009
656 4325
661 389
662 212
663 7068
664 2659
665 6586
667 6487
668 2171
669 4148
670 311
672 2128
673 7167
674 8
676 6890
677 7012
679 6539
680 4645
681 3664
682 52
685 65
686 695
688 4771
690 7014
692 954
693 598
694 772
698 1005
700 5930
701 3142
702 4579
707 5338
709 5538
711 5846
712 710
713 6113
714 678
715 7076
719 6093
720 6563
721 164
722 7175
723 5137
724 67
726 5869
727 6100
729 3049
733 4545
743 7039
745 3495
746 7017
747 6419
748 225
750 5728
751 6209
753 6167
754 1811
755 4107
757 7189
758 684
763 84
765 1981
767 2252
769 5396
770 6577
771 7160
776 6383
777 5263
779 1802
780 1951
783 6328
784 1314
785 7203
786 4065
787 6328
788 6366
789 2955
793 2708
794 6510
795 7021
796 1303
797 6928
798 3779
800 1025
801 6469
803 6383
804 5677
806 1371
807 2031
810 7224
812 1136
814 6749
816 4112
817 1233
818 5779
820 98
821 666
822 25
824 6802
830 1490
831 6634
833 7206
836 4635
837 7174
838 2908
840 5767
841 7161
843 6512
844 327
845 1464
847 477
848 2011
849 3194
851 3467
852 2111
854 1051
855 1435
856 6448
859 5294
860 3963
865 6697
868 6368
873 7107
874 4665
875 1471
876 2921
878 6408
881 578
882 7145
883 6972
885 6495
887 6730
888 5486
889 6405
891 214
892 3756
893 2761
897 5775
900 3637
901 1461
902 1301
903 6774
905 6512
906 981
908 7109
909 3396
910 5105
911 123
915 2115
916 4590
922 33
923 3748
926 139
927 1878
928 6853
930 6842
931 7200
933 1878
936 571
937 7113
939 7008
940 5836
941 305
942 6624
943 6818
944 340
945 3461
947 6920
949 7074
950 339
952 6755
953 5439
955 6343
958 4845
961 6575
962 7008
965 6902
968 1148
969 4650
970 3461
972 6863
975 421
976 2846
978 3499
980 6504
982 925
983 1034
984 5263
986 488
988 5592
989 6522
990 350
991 1752
992 6893
995 6093
999 6552
1000 3241
1002 562
1003 7047
1004 3141
1008 4941
1012 6080
1015 4343
1016 6605
1018 1655
1020 4665
1021 6503
1026 977
1027 7066
1032 6221
1033 6685
1035 3809
1037 5648
1039 6527
1040 7021
1041 3981
1045 5538
1048 5632
1050 6152
1053 46
1054 5522
1055 2356
1056 6599
1057 2955
1061 1720
1062 6895
1063 2206
1064 335
1070 2429
1071 6946
1072 145
1073 691
1077 55
1079 1254
1080 4800
1081 6489
1084 109
1086 6325
1088 2606
1090 1820
1091 4650
1092 6097
1093 7059
1094 182
1095 6019
1096 6396
1098 6901
1099 925
1102 5836
1103 3613
1105 6936
1107 552
1108 4194
1110 6642
1111 4194
1112 7154
1113 2231
1115 5262
1116 1984
1118 7025
1120 4066
1121 68
1122 623
1123 2955
1125 6889
1126 6404
1129 6466
1132 3916
1133 3317
1134 7168
1135 2373
1137 6932
1138 157
1141 6972
1142 3769
1143 6083
1144 6735
1145 6987
1146 3664
1147 6364
1150 6862
1151 6521
1152 174
1155 303
1156 3379
1157 6768
1159 59
1161 6381
1162 3633
1164 3124
1166 1352
1167 4085
1168 18
1169 846
1170 6327
1171 5632
1172 199
1174 7060
1175 7072
1177 6421
1178 443
1180 2928
1186 6646
1190 6968
1191 1049
1192 536
1193 303
1194 2415
1195 1981
1198 5006
1200 6389
1201 1692
1204 442
1207 217
1209 1382
1210 4665
1211 6771
1212 1724
1213 4771
1214 6370
1215 5412
1216 5952
1218 4248
1219 1920
1222 2840
1223 4763
1224 760
1225 223
1226 496
1227 7207
1228 4408
1229 6662
1230 623
1231 1607
1232 6658
1234 5091
1235 2339
1238 6808
1239 58
1242 2936
1243 6227
1245 5091
1246 5215
1248 3645
1249 951
1253 6343
1260 2548
1261 6677
1262 7083
1263 3215
1264 237
1265 6566
1266 1009
1267 169
1268 3932
1272 6341
1273 1119
1274 6918
1275 2693
1276 974
1280 1906
1281 54
1282 6871
1283 1712
1289 130
1290 6852
1291 2361
1298 6616
1302 5354
1304 6727
1306 344
1307 5070
1309 4033
1310 4202
1311 1920
1313 2837
1315 433
1319 5789
1322 261
1323 7047
1324 6539
1332 6375
1335 1598
1336 6382
1338 3142
1340 6975
1342 7062
1344 6347
1347 4946
1349 6478
1351 1258
1353 1254
1354 1547
1355 40
1356 591
1357 4603
1358 3238
1360 485
1362 5629
1366 5474
1367 4822
1368 6800
1369 351
1370 1652
1372 3963
1374 475
1379 1719
1380 1739
1383 6752
1384 156
1385 6755
1387 1059
1391 630
1393 1975
1394 1485
1395 1314
1399 6380
1400 6225
1401 1686
1405 1490
1406 429
1407 345
1409 1929
1412 1299
1413 6669
1414 2923
1415 6759
1416 2151
1417 1124
1418 7025
1419 6422
1420 6543
1423 671
1425 2434
1426 1881
1427 6776
1428 1717
1432 4946
1433 1772
1434 5680
1436 3351
1437 7160
1438 3484
1439 5679
1440 7056
1442 7058
1445 3351
1446 1624
1447 5503
1452 956
1453 1737
1455 6843
1456 3748
1457 6841
1458 217
1459 4609
1463 7189
1465 2742
1466 7055
1468 7069
1470 277
1472 1928
1473 1255
1475 7201
1476 2777
1480 6563
1481 839
1482 185
1484 5702
1486 3004
1487 640
1489 6604
1491 6369
1495 7192
1496 7209
1497 2011
1498 1937
1500 1402
1504 4707
1505 7027
1507 5248
1508 7078
1509 1117
1510 2953
1511 4692
1512 6486
1513 185
1514 6606
1515 4579
1516 1343
1518 5779
1519 3222
1520 4603
1522 6741
1525 375
1526 6962
1527 1386
1528 3400
1529 2216
1530 345
1531 974
1533 475
1534 778
1535 3715
1537 1501
1539 1023
1540 6475
1542 4822
1544 1920
1545 7027
1546 242
1551 6213
1552 1766
1554 2606
1556 5561
1558 1343
1559 7215
1560 6368
1561 5538
1563 2734
1564 43
1565 286
1566 6489
1571 6237
1572 6365
1573 781
1574 1860
1575 3617
1576 4030
1577 2408
1581 6430
1583 6513
1584 1206
1585 2240
1587 160
1589 625
1591 5977
1592 2365
1593 6712
1595 1448
1596 242
1601 6646
1604 6814
1605 6100
1606 217
1609 7148
1612 7150
1614 7002
1615 5124
1616 1666
1617 1547
1618 6632
1619 2272
1620 6866
1622 1206
1623 6527
1625 3317
1628 7020
1630 6351
1631 6447
1632 5869
1633 1985
1636 5952
1637 4928
1640 6548
1641 639
1642 6669
1643 1663
1644 5977
1645 6749
1646 2936
1648 6496
1650 83
1656 6379
1657 6602
1658 5355
1659 6920
1660 2797
1661 221
1664 400
1667 4018
1668 7212
1669 1474
1673 3114
1675 422
1676 5311
1678 6866
1679 2528
1682 616
1683 5716
1685 6807
1687 6381
1688 4941
1689 4240
1690 3605
1691 6836
1693 7177
1694 2344
1695 4436
1697 6438
1698 1562
1699 974
1700 5263
1701 1047
1703 2991
1704 1985
1706 1521
1708 6165
1711 119
1713 41
1714 6488
1715 7135
1721 6327
1723 3749
1727 1598
1728 6673
1730 328
1731 388
1732 3187
1734 4067
1735 584
1736 2375
1741 1247
1742 811
1744 484
1745 5450
1746 1876
1747 7095
1748 2921
1749 640
1750 895
1753 4827
1754 483
1755 180
1756 1820
1757 2319
1758 4763
1759 6586
1760 3512
1761 5836
1762 6365
1764 6891
1765 4861
1767 123
1769 3238
1770 2092
1771 938
1773 781
1776 7016
1777 3205
1780 329
1782 6508
1784 6097
1787 1568
1789 1712
1790 1305
1793 6369
1795 5383
1797 5758
1798 1600
1799 6973
1801 1279
1805 6728
1807 737
1808 47
1809 1724
1810 1277
1812 6485
1815 3715
1816 5355
1817 697
1818 1621
1821 2116
1822 2928
1824 2488
1825 5526
1827 415
1829 1696
1830 842
1831 2554
1832 2713
1833 1557
1834 4416
1836 1600
1837 2110
1842 1670
1843 3690
1844 1547
1845 2473
1846 1019
1847 6432
1848 3481
1849 971
1851 3920
1852 3685
1853 2476
1854 7056
1857 45
1858 2518
1859 1188
1861 4148
1864 404
1865 4550
1866 935
1867 458
1868 7079
1869 1555
1871 2608
1872 5393
1874 6566
1875 498
1879 1402
1880 268
1883 5491
1886 7207
1887 6343
1888 421
1890 2481
1891 2518
1894 3633
1895 6966
1897 1570
1898 3879
1899 4545
1900 759
1901 2558
1902 3748
1903 1499
1904 212
1905 5037
1908 2741
1910 4112
1917 4329
1918 2120
1919 1397
1921 2196
1923 2659
1924 6773
1926 1663
1930 6831
1931 3262
1932 4503
1935 6225
1936 6330
1938 6460
1941 1740
1943 1594
1944 2055
1945 6561
1946 6723
1948 829
1949 1114
1950 7203
1953 1148
1954 6549
1955 6407
1956 1044
1958 6718
1959 6326
1960 1299
1961 6338
1962 6531
1963 1179
1964 1911
1966 2110
1968 872
1969 1173
1970 66
1972 2144
1974 5041
1976 7180
1977 6551
1978 782
1982 485
1983 6463
1986 465
1987 7094
1988 2442
1989 6975
1990 1148
1993 3344
1994 1791
1995 7227
1996 5268
1998 6604
1999 6331
2004 6607
2005 154
2007 417
2012 6656
2013 6351
2014 6827
2015 6866
2016 6354
2017 414
2018 7039
2019 6567
2021 4868
2022 110
2023 6473
2024 490
2025 2443
2026 5905
2028 3670
2029 104
2030 508
2032 1404
2033 6437
2034 315
2035 1381
2036 951
2037 1240
2038 7076
2039 1739
2040 2444
2041 6276
2042 3450
2045 6679
2046 2020
2047 6418
2048 4763
2050 1471
2051 1316
2052 7056
2053 655
2054 5413
2057 1751
2058 971
2059 78
2060 6213
2061 2991
2065 1485
2066 828
2071 312
2072 1985
2073 3004
2075 6847
2076 1828
2078 1233
2079 267
2080 500
2081 6929
2082 1078
2084 1775
2086 6925
2087 1684
2090 6828
2094 6616
2095 6889
2096 3241
2097 1570
2098 6925
2099 3880
2100 2132
2101 6225
2102 5629
2103 1981
2104 6509
2105 2403
2106 5952
2107 383
2109 488
2112 4868
2113 3325
2114 4472
2117 1005
2118 143
2119 6237
2122 6549
2123 181
2124 7189
2125 7162
2126 268
2127 154
2130 4928
2133 2349
2137 13
2138 430
2140 6408
2141 872
2142 5006
2143 53
2145 6730
2146 5626
2148 2566
2150 3187
2152 1279
2153 96
2155 7216
2156 2495
2157 2068
2158 1906
2159 7085
2161 14
2162 1860
2163 2000
2165 146
2166 6718
2167 1863
2172 7209
2174 462
2176 5070
2178 6537
2180 5968
2182 600
2183 1376
2184 7076
2187 4941
2188 2232
2189 3779
2191 1813
2193 445
2194 6616
2195 5614
2197 2526
2199 6665
2200 205
2201 402
2202 5622
2203 6531
2204 6477
2205 6801
2208 6820
2210 6784
2211 1916
2212 512
2213 640
2214 1493
2215 6569
2217 2171
2218 6934
2221 4621
2222 2274
2223 6325
2226 956
2227 3049
2228 2120
2229 447
2233 6714
2234 2198
2235 3275
2236 285
2238 1303
2239 2531
2241 1005
2243 1493
2244 2231
2247 6459
2248 5311
2249 6661
2250 81
2251 671
2253 7013
2254 1826
2255 5248
2256 5779
2258 998
2259 6811
2260 378
2262 6742
2263 6343
2265 6221
2266 974
2267 6631
2269 3049
2270 2695
2271 92
2273 7030
2275 6870
2277 4248
2278 705
2279 53
2280 7168
2281 6552
2283 3205
2284 608
2285 6761
2286 44
2288 4534
2290 6850
2292 7032
2293 1256
2295 3605
2296 2528
2297 6062
2298 1469
2299 994
2300 4837
2301 1104
2302 3795
2303 2306
2305 7226
2307 6914
2308 7215
2310 6612
2311 1101
2313 148
2314 704
2315 6706
2317 3410
2318 506
2320 6495
2323 1635
2324 7176
2325 7161
2326 2349
2327 6607
2330 1786
2333 53
2334 1800
2335 6574
2336 2316
2337 5636
2338 6113
2340 6640
2341 388
2342 7059
2343 557
2345 378
2346 7196
2347 6679
2350 7138
2351 7112
2352 1250
2357 2168
2358 6108
2360 6639
2362 6577
2366 2316
2370 6450
2374 143
2377 6811
2378 1343
2379 130
2382 6970
2384 6359
2386 538
2387 828
2389 6364
2390 7063
2391 337
2392 6178
2393 6466
2395 7216
2396 5561
2397 6564
2398 311
2400 9
2401 6616
2402 964
2405 1058
2407 81
2411 2876
2413 782
2414 356
2416 6415
2417 3514
2418 7222
2419 1911
2421 7190
2423 6414
2424 3161
2425 3525
2426 6842
2430 1550
2431 25
2432 3969
2433 2528
2435 2769
2436 6483
2438 389
2439 13
2440 628
2441 7042
2446 147
2447 4625
2448 4426
2449 55
2451 1069
2453 5758
2455 6396
2457 1881
2458 142
2459 24
2460 4692
2461 1252
2464 7072
2467 1288
2469 2230
2470 6350
2471 1594
2472 6786
2479 7208
2480 2826
2482 6504
2483 6820
2484 7020
2486 6463
2487 5758
2489 1256
2490 6171
2492 195
2493 7063
2494 1506
2499 2741
2500 224
2501 7083
2502 532
2505 600
2507 4194
2508 267
2509 1038
2510 1705
2511 3320
2512 1521
2513 1251
2514 497
2516 1800
2519 4974
2520 1663
2521 1443
2522 6932
2523 6415
2524 303
2529 4587
2530 782
2532 5552
2533 429
2537 53
2538 7173
2539 2092
2541 2534
2543 371
2545 2476
2546 660
2547 5298
2550 1337
2551 2777
2555 6682
2560 3349
2562 6314
2563 659
2567 5803
2569 404
2570 5383
2571 948
2572 5383
2573 4037
2576 3039
2577 535
2581 6895
2585 6822
2586 4946
2587 774
2588 6768
2589 6587
2590 1814
2591 3930
2594 6428
2596 6708
2597 1992
2598 6788
2600 539
2602 6805
2603 6351
2605 101
2607 7189
2610 1042
2611 630
2612 6227
2613 4992
2614 509
2616 7030
2618 6867
2619 2001
2621 760
2622 5446
2623 1375
2624 6946
2625 6272
2626 6950
2628 3537
2629 6509
2630 3070
2631 7090
2632 2491
2634 1677
2635 421
2636 6513
2638 5289
2639 384
2640 3567
2641 2726
2642 4096
2643 5853
2644 6700
2645 6456
2646 2870
2647 7197
2649 2062
2650 762
2651 4837
2652 5092
2653 340
2655 5442
2656 6601
2657 6436
2658 3450
2660 6368
2661 6389
2662 200
2663 6603
2664 971
2665 6924
2666 6615
2667 532
2670 6774
2672 1613
2674 646
2675 367
2676 6597
2677 4827
2678 579
2679 6967
2680 2
2681 6362
2682 5629
2683 3849
2684 6509
2685 4962
2686 7104
2688 482
2689 6811
2692 6487
2696 1862
2698 80
2699 555
2700 1300
2701 194
2704 1828
2705 6213
2706 627
2707 6841
2709 571
2711 2936
2712 6985
2715 6754
2717 321
2718 7166
2719 4178
2720 6640
2721 3691
2722 1751
2723 4194
2727 6341
2728 6484
2729 1352
2730 4958
2731 1124
2732 974
2733 6912
2735 6881
2736 147
2743 835
2744 7112
2745 981
2746 6644
2748 938
2749 5167
2750 6527
2751 6276
2752 1752
2756 1613
2757 496
2758 2020
2759 3049
2760 6628
2762 7134
2763 4997
2764 172
2765 1076
2768 2134
2770 144
2771 6463
2772 6562
2773 6367
2774 2481
2775 6276
2776 7056
2778 2528
2779 2128
2782 6481
2783 1778
2784 2444
2785 7185
2786 7190
2787 1610
2789 6785
2791 3518
2793 6592
2794 2289
2795 1718
2796 2365
2799 6459
2800 1176
2801 6513
2802 1278
2804 2488
2806 581
2807 3756
2809 5962
2810 6408
2811 1067
2812 6975
2814 1929
2815 557
2816 6683
2817 285
2818 3611
2819 6895
2820 3863
2822 5320
2827 1940
2828 1649
2829 539
2830 6272
2831 139
2833 6672
2834 6335
2835 535
2836 5474
2838 7126
2842 3837
2843 6515
2844 3831
2845 6663
2847 671
2849 2788
2851 7044
2853 2144
2854 1979
2855 6007
2857 6765
2859 6987
2861 6351
2862 6962
2863 7177
2867 641
2868 7095
2871 6401
2873 7126
2875 367
2877 5629
2879 1635
2880 1288
2884 1543
2885 547
2886 1435
2887 1183
2888 6662
2889 2552
2890 6325
2891 644
2892 1182
2894 1251
2895 699
2896 6530
2897 3719
2898 2349
2899 744
2900 1740
2901 1819
2902 5833
2903 3180
2904 4974
2909 1441
2910 6739
2913 6737
2914 5442
2915 1538
2916 7216
2917 3344
2918 6533
2920 415
2924 2495
2926 7143
2929 4353
2931 6670
2932 55
2934 3404
2937 6645
2938 92
2939 6879
2940 4395
2941 7144
2942 6984
2945 5935
2947 1364
2948 7148
2949 1652
2950 5446
2951 1397
2952 2788
2956 705
2957 54
2958 167
2961 3404
2962 5775
2963 5215
2964 1680
2965 6852
2966 7192
2968 24
2969 6717
2970 6916
2972 3070
2973 6428
2974 6628
2975 5853
2976 6675
2978 7069
2979 6171
2981 379
2982 2316
2984 5412
2986 4365
2987 655
2988 389
2990 7100
2992 7184
2993 6110
2994 728
2995 1494
2996 5764
2997 493
2998 1067
2999 4587
3000 6674
3001 6801
3005 4091
3006 6716
3009 5767
3010 890
3013 7162
3014 4091
3015 6477
3016 1521
3018 2175
3019 1279
3020 2878
3023 6390
3024 6751
3025 3596
3026 1743
3027 4215
3028 3060
3030 2131
3032 6097
3034 600
3035 7080
3037 5138
3038 3173
3040 6408
3041 7025
3042 5774
3043 5636
3044 5209
3045 2553
3047 6712
3050 451
3051 555
3052 6919
3053 2115
3054 705
3055 6370
3057 6805
3058 552
3059 1312
3061 1087
3062 5553
3065 271
3067 3204
3069 327
3071 3474
3072 1791
3073 1839
3074 705
3075 6349
3077 4727
3078 316
3079 3070
3082 6767
3083 6906
3084 5888
3085 6775
3086 6505
3087 7028
3088 1411
3089 5160
3090 5946
3091 1364
3092 6391
3096 2566
3097 4579
3098 4063
3100 1411
3101 433
3102 6760
3104 4209
3107 6332
3108 562
3109 5928
3110 400
3111 2946
3112 4676
3113 737
3115 691
3116 2192
3117 884
3118 1547
3120 6325
3121 271
3123 4436
3125 6368
3126 171
3127 144
3130 6999
3131 3484
3133 1934
3135 274
3137 156
3138 194
3139 3517
3144 6396
3145 411
3146 1666
3147 6441
3149 3708
3150 7099
3151 3499
3152 249
3153 6698
3154 611
3156 4825
3159 716
3160 699
3163 6369
3165 601
3166 2687
3167 6866
3168 1403
3169 8
3170 1775
3171 6731
3174 6838
3176 3633
3177 2111
3178 6951
3179 2518
3181 575
3182 6485
3183 2866
3184 6480
3185 3685
3188 3596
3189 7035
3190 2128
3191 2468
3192 6673
3195 1806
3196 7143
3197 2369
3198 6431
3201 7129
3202 1424
3203 5321
3206 280
3207 6588
3208 2495
3209 1885
3210 3225
3211 3325
3212 440
3213 1912
3214 1635
3216 5338
3217 6592
3219 6934
3220 6640
3221 6380
3224 6944
3226 4018
3227 5970
3228 5636
3232 2848
3233 3567
3234 1259
3235 7209
3239 7051
3240 6531
3242 303
3243 494
3245 3812
3246 6529
3247 7038
3248 4472
3249 5947
3250 1059
3251 7125
3253 6550
3254 6417
3255 385
3258 2252
3259 6371
3260 103
3261 6293
3264 2777
3266 6565
3267 811
3268 7143
3269 2011
3271 632
3272 675
3273 639
3274 3617
3277 1402
3278 92
3279 6508
3281 538
3282 2693
3283 157
3284 2826
3285 6403
3286 2339
3287 639
3288 2515
3290 2344
3292 4822
3293 345
3294 6573
3295 6658
3297 6469
3298 7023
3299 4067
3301 4962
3303 327
3304 651
3307 46
3308 2593
3310 4345
3311 6670
3312 1460
3313 6571
3315 2559
3316 1718
3318 1785
3323 6189
3327 1803
3330 194
3331 6697
3333 6608
3334 3762
3335 6573
3336 331
3337 7195
3338 6752
3340 1702
3341 1877
3342 2710
3343 3173
3345 4058
3346 6738
3348 6395
3350 329
3352 5491
3355 1806
3356 1424
3357 6881
3358 449
3361 2671
3362 6395
3363 1058
3364 5347
3365 1666
3366 6917
3369 1588
3370 68
3371 6408
3372 199
3373 1922
3374 6740
3375 1629
3376 3049
3377 2429
3378 6518
3380 1154
3381 6632
3382 6811
3383 4058
3384 2821
3385 1629
3386 1221
3388 2083
3390 349
3391 4490
3392 768
3393 3436
3394 6213
3395 5355
3397 570
3398 4800
3399 981
3401 160
3402 1363
3403 5799
3405 1739
3406 778
3408 4091
3411 6487
3414 919
3416 5980
3418 6083
3419 4266
3420 1149
3421 117
3422 6086
3423 3752
3424 2848
3425 7078
3427 773
3428 3778
3431 312
3432 448
3434 2111
3437 22
3438 490
3439 7080
3441 879
3442 4112
3443 6546
3445 1499
3446 691
3447 1913
3448 6679
3449 3080
3452 3322
3453 3528
3454 7209
3455 6728
3456 2008
3459 7089
3460 518
3462 6569
3463 238
3464 1567
3465 180
3468 6984
3469 5620
3470 1740
3471 5526
3473 7126
3477 371
3478 2294
3479 842
3480 1506
3482 6550
3483 3
3485 4251
3486 1252
3487 4
3488 6709
3489 4148
3490 197
3492 7155
3493 6422
3494 4489
3496 4962
3497 6741
3500 3525
3501 7110
3503 6618
3504 3981
3505 5840
3506 951
3508 4609
3509 2000
3511 1104
3513 3046
3515 6684
3516 6769
3520 537
3521 1997
3522 146
3526 3916
3527 1188
3529 6947
3530 3930
3531 741
3533 6480
3534 657
3535 7177
3536 1997
3538 488
3539 2777
3540 442
3542 6736
3543 1009
3545 6812
3546 3593
3547 1884
3551 6679
3553 6685
3555 190
3556 6237
3557 2725
3559 2671
3560 2131
3561 5298
3562 6967
3563 7068
3566 1411
3568 3359
3570 2580
3571 160
3572 675
3573 309
3574 907
3575 7138
3576 6524
3577 2584
3578 5518
3579 7055
3581 2
3583 1308
3584 5905
3585 4523
3587 1250
3589 156
3590 7037
3594 6353
3595 6674
3597 996
3598 4041
3599 6775
3601 6853
3602 630
3603 974
3606 6715
3607 658
3608 6823
3609 2274
3610 866
3614 1663
3618 559
3621 443
3622 7184
3623 6916
3624 997
3625 535
3630 40
3631 6531
3632 6720
3634 7213
3635 5169
3636 39
3638 3317
3639 6658
3640 6384
3641 591
3642 3400
3643 2216
3644 5679
3647 6528
3651 6669
3652 2415
3653 4822
3654 68
3655 907
3656 7020
3658 3804
3659 7013
3661 5888
3662 411
3663 3129
3665 699
3666 687
3667 7015
3668 839
3669 7093
3671 1726
3674 861
3676 147
3678 960
3679 5299
3680 1839
3684 4837
3686 5947
3689 537
3692 6793
3695 246
3696 6539
3697 3495
3698 1047
3699 5952
3702 2864
3703 6776
3704 6380
3706 646
3707 768
3709 6612
3712 1501
3713 6689
3714 1792
3716 7089
3717 5680
3718 687
3721 6325
3722 7072
3726 4822
3728 442
3729 6796
3731 1181
3732 1049
3733 1300
3736 6636
3737 2517
3738 375
3739 1031
3740 1474
3741 6906
3742 6701
3743 5467
3745 6769
3746 6891
3750 918
3751 184
3753 2427
3755 1779
3757 6995
3758 4085
3760 143
3761 118
3763 6511
3765 5354
3766 6845
3767 6569
3768 7156
3771 7180
3772 71
3774 6156
3775 691
3776 3682
3777 6454
3780 1046
3781 6852
3782 7215
3783 1906
3784 6945
3785 2020
3787 1019
3788 2171
3789 139
3790 1348
3792 1557
3794 1766
3796 6776
3797 1030
3798 6364
3800 7012
3801 429
3802 59
3803 6482
3805 7039
3806 6351
3807 3837
3808 7142
3810 3
3811 710
3814 5946
3815 6378
3818 7028
3820 1279
3821 124
3823 6730
3824 6278
3826 6483
3828 6595
3832 6549
3833 1800
3834 6552
3836 3229
3840 4018
3841 1488
3844 802
3846 2181
3847 3694
3848 1681
3850 6360
3851 5298
3853 3080
3854 1271
3855 6792
3858 4001
3859 462
3861 3039
3862 1740
3864 1333
3866 6609
3867 5669
3868 1820
3869 6805
3870 4800
3871 7216
3872 1521
3873 6915
3874 2349
3875 6488
3877 7223
3878 2134
3884 3124
3885 6842
3886 306
3888 749
3889 1479
3891 2198
3892 5526
3893 6343
3894 1709
3899 6331
3900 6382
3901 6631
3903 3105
3905 3180
3907 5853
3909 2192
3910 1702
3911 6559
3912 2697
3913 6167
3915 360
3917 7125
3918 6165
3919 5626
3921 3756
3924 482
3925 870
3927 1173
3928 6095
3929 2008
3931 6698
3933 5620
3935 2515
3937 1270
3938 2595
3939 163
3941 518
3943 7093
3944 6919
3945 7032
3946 7008
3947 6332
3948 3611
3950 684
3951 2129
3952 871
3953 6408
3954 246
3957 1878
3959 6762
3960 2468
3961 7009
3962 6789
3964 3764
3966 2186
3968 169
3970 7221
3971 4579
3972 3880
3973 749
3974 741
3976 3525
3977 741
3978 6225
3979 3681
3980 7015
3982 1602
3983 1206
3984 6581
3985 1022
3986 2068
3987 6834
3988 858
3989 3512
3990 919
3991 2252
3992 6497
3994 6332
3995 695
3996 414
3997 3778
3998 1892
3999 736
4000 2593
4002 1181
4003 3099
4005 1547
4006 2369
4007 6469
4008 3491
4009 184
4010 6771
4011 6374
4012 6002
4013 6873
4014 6774
4015 832
4016 7114
4017 6631
4020 337
4022 6871
4024 5255
4025 7164
4027 6449
4028 566
4029 4974
4035 5373
4036 7026
4040 5677
4042 3
4043 1863
4045 7159
4046 4085
4047 447
4049 61
4050 1716
4051 6440
4053 2216
4054 1044
4055 7111
4057 1206
4060 1478
4062 6486
4064 1778
4069 764
4070 7088
4071 2659
4073 559
4074 6698
4075 6609
4076 92
4079 6947
4082 6562
4083 1828
4084 1599
4087 6178
4090 853
4092 6403
4093 1051
4094 7199
4097 365
4098 7169
4102 6929
4104 6350
4105 3302
4106 7049
4108 6767
4109 1089
4111 1049
4114 1608
4116 3664
4117 6814
4118 695
4119 1724
4120 4645
4123 4665
4124 6652
4126 6995
4129 6911
4130 6019
4133 346
4135 1042
4137 56
4138 6776
4142 1493
4145 1334
4146 224
4147 2272
4149 1811
4150 1450
4151 351
4152 5412
4153 730
4154 1299
4156 6834
4158 5876
4159 3132
4160 6466
4162 6855
4163 1294
4164 3148
4168 506
4169 2056
4170 4018
4172 1185
4173 5833
4174 4240
4176 7002
4183 6620
4185 119
4187 1329
4189 6517
4191 4534
4195 415
4196 3004
4197 6381
4198 1131
4201 6520
4203 3879
4204 1724
4205 557
4206 4599
4207 2654
4210 4946
4213 447
4216 6418
4217 6936
4218 1382
4220 1160
4222 1030
4223 5654
4226 1775
4227 7069
4228 3916
4229 6905
4231 7143
4232 971
4234 4672
4235 6546
4236 1256
4238 997
4239 535
4241 645
4242 6546
4244 3036
4245 3544
4246 1300
4249 6628
4250 6379
4252 1567
4253 6680
4254 2566
4255 4148
4257 4941
4258 6469
4259 496
4260 6464
4261 4428
4263 248
4265 7174
4268 7177
4271 385
4272 6186
4273 6828
4275 2790
4276 5450
4277 6363
4278 6422
4279 1828
4280 5626
4281 3070
4282 497
4284 5795
4285 6901
4286 321
4287 6537
4290 1792
4292 7181
4295 7122
4297 6629
4299 1233
4300 4590
4301 6479
4302 1176
4304 2003
4305 5677
4306 2485
4307 3351
4308 5396
4309 6726
4310 6325
4311 1980
4312 3060
4313 1461
4314 6737
4315 5534
4318 291
4319 5137
4321 6569
4322 7068
4323 2515
4324 3734
4326 716
4328 6558
4331 601
4333 6631
4334 1256
4335 1058
4336 5498
4337 7023
4338 172
4339 6662
4340 1933
4342 3354
4344 6314
4346 59
4347 3134
4348 7174
4350 6609
4351 6703
4354 378
4355 92
4357 3180
4359 4085
4361 3518
4362 752
4363 6630
4364 3049
4368 54
4369 2312
4371 442
4372 2261
4373 764
4375 237
4376 159
4377 1149
4378 385
4379 467
4382 6790
4383 6657
4384 1131
4385 5
4386 6477
4387 7051
4388 6706
4389 2002
4390 6769
4391 6515
4394 2049
4396 802
4397 1068
4400 3544
4401 3142
4402 3778
4403 6866
4405 6363
4406 3180
4407 2261
4409 7015
4410 2115
4411 5338
4412 1024
4413 1058
4414 6935
4415 6683
4417 7033
4418 1424
4419 506
4420 6657
4421 588
4423 1363
4424 1984
4425 4395
4427 2456
4429 792
4432 6738
4433 390
4434 6272
4435 3458
4437 6628
4439 2115
4440 2781
4443 1647
4444 5626
4445 5298
4448 3484
4449 3132
4450 1181
4451 7175
4452 1348
4455 1317
4456 6366
4457 6381
4458 6700
4459 6930
4460 6747
4461 6636
4462 81
4464 6806
4466 5442
4467 3238
4468 7029
4470 919
4471 6914
4473 4365
4474 2242
4475 6786
4476 2481
4477 630
4478 506
4479 6472
4481 5188
4488 6595
4495 7145
4496 963
4497 5908
4498 2599
4499 63
4500 6661
4504 586
4507 832
4508 1696
4510 3916
4511 2803
4512 4091
4513 4665
4514 1449
4515 5914
4516 6841
4517 6518
4518 3649
4520 6529
4521 7155
4522 7022
4525 3691
4526 512
4529 1991
4530 6560
4531 6336
4532 7168
4535 4599
4536 1205
4537 5935
4538 6508
4539 7149
4540 3325
4541 826
4543 3
4544 708
4546 6103
4548 532
4549 1839
4551 832
4552 6944
4553 2777
4554 4063
4555 6458
4556 2878
4557 6422
4559 1024
4560 3831
4561 951
4562 244
4563 2367
4564 404
4566 3225
4567 1925
4568 3723
4572 1271
4573 1160
4575 5534
4576 4033
4577 3512
4578 6681
4580 5
4581 217
4582 6946
4583 619
4585 4974
4586 3650
4588 230
4591 645
4593 6984
4594 4269
4595 691
4596 5795
4597 5188
4598 1611
4602 1312
4605 880
4606 5091
4607 6990
4608 659
4610 1599
4611 6589
4612 6646
4613 6315
4614 6934
4615 3863
4616 808
4617 6152
4618 6086
4620 4085
4622 1124
4623 867
4624 6173
4626 2365
4627 180
4628 6618
4629 1109
4631 7223
4632 5869
4633 403
4636 2219
4637 2192
4638 6691
4639 815
4640 7149
4641 2557
4642 4935
4643 2339
4644 131
4646 9
4647 6828
4648 1187
4651 3002
4652 1051
4654 6626
4655 6838
4657 772
4658 119
4659 6359
4660 4178
4661 485
4662 1378
4663 2559
4666 6903
4667 1488
4668 6757
4671 2185
4673 2291
4674 5503
4675 1726
4678 3305
4680 6407
4681 6942
4682 5160
4683 6110
4684 6856
4686 5029
4687 884
4688 7067
4690 1506
4691 6086
4693 6529
4694 4001
4697 512
4698 4487
4700 867
4701 2840
4702 7076
4703 6666
4704 1005
4705 1333
4706 1184
4708 7081
4709 4037
4714 1049
4715 4634
4716 230
4718 1474
4719 6189
4720 55
4721 3567
4722 430
4723 1772
4726 6436
4728 2725
4729 808
4732 7002
4734 2738
4735 7042
4736 1397
4738 2092
4742 6570
4743 539
4746 1397
4747 957
4748 2120
4750 179
4755 3225
4756 924
4758 5586
4759 6405
4760 1991
4762 13
4764 5669
4765 7156
4766 2129
4767 6434
4769 6889
4770 4269
4773 167
4774 7176
4775 1295
4776 78
4777 7056
4779 5178
4780 4202
4782 1202
4783 6714
4784 6916
4785 7107
4787 561
4788 1740
4789 2485
4790 5179
4792 6434
4793 200
4794 6949
4796 389
4797 6668
4798 3354
4799 4426
4803 6326
4804 3517
4805 6645
4806 5795
4807 6588
4809 433
4812 7117
4813 781
4814 246
4815 6631
4816 5716
4817 2091
4819 4139
4820 7172
4821 2355
4824 6677
4826 625
4828 5629
4829 623
4830 445
4832 2443
4833 6170
4834 6754
4835 6095
4836 630
4838 108
4839 6862
4840 7027
4841 6681
4843 462
4847 7203
4848 184
4849 1607
4850 1586
4851 4875
4852 127
4853 483
4855 691
4856 3134
4857 3752
4858 6156
4859 6483
4860 6110
4862 217
4863 7016
4864 695
4865 1031
4866 601
4869 5767
4870 1791
4871 4037
4872 703
4873 5289
4874 6690
4877 66
4878 2274
4879 2708
4880 4603
4881 6348
4882 6990
4885 1907
4886 6325
4887 6328
4889 118
4891 6505
4892 1294
4894 5793
4895 6906
4897 6597
4898 5311
4900 7039
4901 6909
4904 736
4905 449
4907 1820
4908 1043
4911 1189
4912 5840
4913 3002
4914 5888
4915 2450
4921 725
4922 7208
4924 6227
4925 1013
4929 6661
4931 4672
4932 3049
4936 832
4938 1255
4939 3812
4940 5321
4942 351
4945 6737
4947 1860
4950 2367
4951 6719
4952 6490
4953 194
4955 3484
4956 2697
4959 53
4960 1058
4961 4353
4963 2908
4964 511
4966 6820
4967 7094
4968 6672
4970 56
4972 6779
4977 2825
4978 3222
4979 6558
4980 6775
4981 6551
4982 6401
4983 337
4984 389
4985 6637
4987 641
4991 379
4993 6347
4994 3795
4995 826
4996 1494
4998 3329
4999 5120
5000 6398
5002 6327
5003 6698
5004 2091
5005 6343
5007 6751
5008 7040
5010 6567
5011 6919
5012 2169
5014 1719
5015 4215
5016 775
5017 1718
5018 1720
5019 4650
5021 5167
5023 4763
5025 1766
5026 7036
5028 4771
5031 1889
5032 1613
5034 1506
5035 5840
5038 7222
5039 1378
5043 6221
5044 110
5045 3387
5046 826
5047 6786
5049 774
5050 2580
5052 678
5056 7208
5057 4751
5059 43
5061 6423
5062 963
5063 2196
5064 73
5069 2971
5071 143
5072 1602
5073 4974
5075 6521
5076 6556
5078 5467
5079 356
5080 5799
5081 577
5094 6914
5100 5789
5102 6528
5104 6506
5106 6962
5107 6697
5108 954
5109 6492
5110 1109
5111 5970
5112 350
5115 2777
5116 6823
5117 199
5118 198
5119 6356
5122 284
5123 7168
5126 2399
5129 3532
5130 6375
5131 935
5132 1876
5133 4763
5134 2240
5135 1788
5136 1911
5139 7196
5140 2659
5142 6658
5144 5764
5145 1720
5146 7169
5147 391
5148 6717
5149 2478
5150 1411
5154 2444
5156 471
5157 5294
5159 2319
5161 95
5164 5679
5166 1435
5168 6620
5172 7138
5173 2144
5174 6613
5177 1613
5181 218
5182 7004
5183 1205
5184 2240
5186 6351
5191 6564
5192 274
5193 6752
5194 1490
5195 6787
5196 198
5198 7089
5199 6698
5201 6391
5202 6293
5203 305
5204 6567
5205 1878
5207 1188
5208 6661
5210 5138
5211 773
5212 2129
5214 6919
5216 224
5217 1876
5219 3194
5221 6458
5222 2443
5225 6814
5227 6529
5228 863
5229 6465
5230 2525
5231 7213
5233 5178
5235 517
5236 578
5237 6382
5238 6328
5239 379
5240 6531
5242 3565
5243 6436
5244 6597
5245 5677
5246 1655
5247 200
5249 382
5250 7049
5251 496
5252 3512
5256 6503
5257 5630
5258 497
5259 4672
5260 1255
5261 7212
5264 3694
5265 739
5266 447
5267 3879
5270 4067
5271 7149
5272 6565
5274 6774
5275 6791
5276 2055
5277 6869
5278 6788
5279 3229
5280 1835
5281 5943
5282 5396
5283 7059
5286 7078
5287 5176
5288 6661
5290 6073
5292 1464
5293 1067
5296 6761
5297 7105
5300 591
5301 3187
5304 959
5308 7013
5309 2020
5310 58
5312 389
5315 142
5317 6609
5318 1176
5319 2881
5323 5412
5324 1907
5327 7112
5328 500
5330 5396
5331 1940
5332 360
5333 4395
5335 1005
5336 1610
5337 406
5341 6787
5342 2959
5343 3637
5345 328
5346 5728
5348 6640
5350 1435
5352 5273
5353 159
5357 5908
5358 6913
5359 7073
5361 6367
5362 5092
5366 6768
5367 4786
5368 4635
5369 994
5370 6472
5371 5630
5372 2240
5374 3347
5375 1992
5376 5354
5379 624
5381 1716
5382 596
5384 2960
5385 492
5386 2702
5388 1376
5389 808
5392 6762
5394 3512
5395 2175
5397 378
5399 4447
5400 17
5401 6344
5402 6571
5403 808
5404 6719
5406 2020
5408 509
5409 5439
5410 6618
5414 7213
5416 5632
5417 2169
5418 6478
5419 76
5420 956
5421 4645
5422 7113
5424 1791
5425 2702
5427 16
5428 277
5429 7205
5431 6473
5432 6929
5433 6905
5435 6890
5436 591
5437 981
5438 6572
5440 7008
5441 2353
5443 6869
5445 5175
5447 4965
5449 925
5452 2264
5453 1148
5454 742
5456 6746
5457 913
5458 5467
5459 4958
5460 1461
5461 6767
5462 6100
5463 5561
5464 4604
5466 2456
5468 4725
5470 872
5472 3142
5473 3646
5475 2442
5476 572
5477 437
5478 1205
5479 1662
5481 41
5482 6171
5483 5619
5484 7177
5487 3633
5489 6882
5490 1371
5496 5356
5497 1743
5499 616
5500 4965
5504 6800
5505 5928
5507 6113
5508 154
5509 1696
5510 1278
5512 1634
5513 6930
5514 6695
5515 6936
5516 3963
5517 4019
5519 5373
5520 5291
5521 4148
5523 114
5525 2
5527 1284
5529 1009
5530 2936
5532 6949
5536 1363
5537 1176
5539 5912
5540 2056
5541 421
5543 1382
5544 292
5547 3518
5548 3351
5550 5917
5551 7122
5554 198
5555 462
5556 1299
5557 3244
5559 2726
5560 1256
5562 2769
5563 508
5564 7105
5566 1803
5568 735
5569 7174
5570 5988
5571 3708
5572 499
5576 3354
5578 960
5579 5928
5580 6370
5582 3225
5583 6673
5588 239
5590 5928
5591 6999
5593 1599
5594 2959
5595 84
5596 2627
5597 782
5599 6332
5600 6412
5601 6793
5603 4917
5604 4928
5605 581
5606 6414
5607 237
5608 1862
5610 1388
5611 6386
5613 6376
5615 7080
5616 217
5618 3890
5621 2544
5625 1043
5627 1461
5628 644
5631 6691
5633 6562
5634 1608
5641 4801
5642 7107
5643 6414
5644 231
5645 6689
5646 5273
5649 5803
5650 6916
5651 2344
5652 4056
5653 6349
5655 775
5656 3920
5657 239
5658 4946
5659 1382
5660 6792
5661 6658
5662 6429
5664 6589
5665 335
5666 1381
5667 4041
5668 244
5671 5592
5672 6847
5673 1279
5674 228
5675 6846
5676 442
5681 1952
5682 6818
5683 954
5684 2120
5685 2491
5686 6988
5687 280
5689 6811
5690 4066
5691 2361
5692 3324
5693 68
5694 319
5695 1205
5696 880
5697 6417
5698 6552
5699 1940
5700 4604
5703 449
5704 5758
5705 5480
5707 3756
5709 2488
5711 7142
5712 2321
5713 429
5715 274
5717 6152
5718 6419
5720 4215
5721 1217
5722 71
5723 6755
5724 353
5726 3474
5729 2185
5733 7028
5734 7223
5735 1819
5736 718
5737 7089
5738 6452
5739 1013
5740 6411
5741 1376
5742 5909
5743 6359
5744 4650
5746 3920
5747 81
5749 1588
5750 6700
5752 1030
5753 6794
5757 16
5759 7188
5760 1655
5761 7150
5762 1672
5763 1820
5765 4587
5766 4001
5769 639
5770 2848
5771 6156
5772 615
5773 6631
5777 6430
5778 5526
5780 2627
5781 3187
5782 2429
5783 6988
5784 6685
5785 2955
5786 6216
5791 22
5796 2185
5797 305
5798 1153
5800 3752
5802 7107
5804 2710
5805 3518
5806 1912
5808 63
5809 46
5810 6650
5812 632
5813 6478
5814 1316
5815 5215
5816 1624
5817 863
5818 196
5819 2687
5822 5552
5823 6506
5826 3932
5827 7056
5829 5614
5830 5553
5831 3637
5832 6100
5834 163
5837 6497
5838 5354
5839 5977
5842 4096
5843 6586
5847 4974
5848 7195
5849 8
5850 2149
5854 611
5855 6375
5856 5311
5857 4962
5863 221
5864 58
5865 2488
5866 218
5870 6945
5871 6645
5872 5151
5873 1985
5874 6450
5875 6733
5878 1937
5879 2068
5880 2726
5881 1543
5882 3831
5883 5851
5884 6365
5885 6674
5886 403
5887 5909
5889 6907
5891 1124
5892 6919
5895 6362
5896 1184
5897 7188
5898 6465
5899 130
5900 2971
5901 5592
5902 2864
5903 2355
5904 7155
5906 6561
5911 687
5915 2242
5916 6362
5918 6554
5919 159
5920 289
5921 6566
5923 536
5924 6350
5925 22
5926 678
5927 5383
5931 139
5932 3804
5933 6709
5934 7130
5936 495
5937 6808
5938 6411
5939 4958
5941 421
5944 52
5945 571
5948 3920
5950 1570
5951 6586
5954 6554
5955 5725
5956 1314
5958 400
5959 6368
5960 1233
5961 6543
5963 6744
5965 6929
5966 6487
5967 65
5969 225
5972 890
5976 1663
5978 7010
5979 5952
5981 174
5982 6276
5983 6564
5984 5105
5985 6237
5987 2553
5989 6566
5990 3324
5991 155
5992 3764
5993 6796
5995 6903
5996 880
5997 5029
6000 6592
6003 6348
6004 1117
6005 1317
6006 2149
6008 6969
6009 579
6011 2554
6012 6609
6013 6781
6014 164
6015 625
6016 2485
6017 1083
6018 6517
6020 6548
6021 1173
6022 6088
6023 2615
6025 1343
6026 819
6027 383
6030 1241
6032 6522
6033 730
6034 7006
6036 584
6037 826
6041 6365
6042 7148
6044 339
6046 7055
6047 333
6048 6727
6049 2821
6051 6642
6054 289
6056 2237
6057 5467
6058 4041
6059 6676
6060 782
6061 6679
6063 6564
6064 6941
6065 2554
6068 1299
6069 2394
6070 6435
6072 2552
6075 898
6076 924
6078 6733
6079 6590
6081 7029
6084 4248
6085 6533
6087 5176
6089 4710
6090 205
6091 3916
6092 2225
6094 319
6096 4214
6098 898
6101 7189
6102 7156
6104 6800
6105 3715
6106 5175
6107 736
6109 6579
6111 6596
6112 5538
6114 24
6116 1751
6118 6369
6121 2365
6122 2092
6123 7030
6124 7134
6126 3367
6127 7110
6129 630
6130 421
6131 5398
6132 1376
6133 7029
6134 164
6135 6543
6136 7122
6138 437
6139 6527
6140 5083
6141 6839
6142 1785
6143 1130
6144 24
6145 6595
6147 195
6150 1017
6151 1928
6153 7223
6159 6811
6160 5952
6162 1823
6163 3467
6164 7148
6168 2209
6174 5178
6175 2738
6176 7088
6180 7166
6182 2168
6184 6909
6185 4603
6187 1343
6191 853
6192 6891
6193 218
6195 2264
6200 388
6201 1333
6203 7092
6204 1772
6206 6987
6210 5908
6212 6379
6214 6773
6215 6414
6217 4480
6218 1308
6222 7099
6228 1449
6229 6336
6230 537
6234 1189
6235 46
6236 4534
6239 5338
6241 6632
6242 365
6243 5178
6245 6739
6247 2287
6248 2495
6249 7107
6250 5538
6251 6636
6253 1806
6258 3592
6260 6730
6262 6189
6264 6720
6265 7025
6266 1303
6267 6717
6268 6879
6269 6417
6270 6587
6271 2206
6274 1044
6275 3119
6277 7070
6279 1992
6280 1485
6281 1907
6283 321
6284 6419
6285 6811
6288 925
6290 6623
6291 1403
6292 6832
6298 598
6302 375
6303 440
6304 344
6306 2946
6307 2149
6308 524
6310 7056
6311 6452
6313 1316
6316 832
6317 3302
6321 7228
6323 3499
6345 220
6544 7013
6664 6062
6671 6910
6704 5909
6705 1705
6743 3426
6748 2687
6753 6559
6851 4100
6861 41
6953 4018
6954 6794
6965 6515
6979 1247
6983 286
7019 6964
7048 3664
7091 566
7186 5503
7218 5908
7230 863
7231 4248
7232 3244
7234 5953
7235 974
7239 6893
7240 4441
7244 7029
7245 5725
7248 414
7249 1364
7250 6889
7251 4209
7254 6293
7256 6626
7258 343
7259 6562
7260 998
7261 1680
7262 1555
7264 842
7266 3099
7268 781
7269 7109
7271 1327
7273 6430
7276 6571
7277 4550
7278 6619
7279 730
7280 6873
7281 3812
7283 6941
7285 6663
7288 3132
7289 1588
7295 913
7296 5833
7297 2534
7298 6744
7300 1320
7302 6882
7304 1811
7305 1373
7306 285
7308 6543
7310 6482
7311 6640
7312 6500
7314 7017
7315 1543
7316 6694
7317 2726
7318 3404
7319 1610
7320 33
7321 959
7323 6596
7324 7008
7325 4112
7326 5793
7327 1823
7328 3895
7329 710
7330 3317
7331 233
7332 79
7333 6351
7335 5905
7336 6970
7337 1586
7339 1082
7341 6475
7342 175
7343 768
7344 6892
7345 532
7347 6956
7348 371
7349 6773
7350 6620
7351 2344
7355 2020
7356 997
7357 2468
7358 145
7359 1183
7360 6700
7361 6375
7362 6352
7363 2584
7365 6530
7367 6781
7368 7076
7369 1607
7370 6726
7371 3691
7372 7216
7373 3708
7375 6780
7377 1729
7378 850
7379 2083
7381 7008
7382 1916
7383 4827
7384 2848
7387 6604
7389 1997
7390 6389
7391 6719
7392 7076
7393 1001
7395 6789
7396 6564
7397 1065
7399 778
7400 4480
7403 6903
7404 3528
7405 1259
7407 6744
7408 6779
7409 4992
7410 6097
7411 6581
7412 1791
7415 4677
7416 4752
7418 442
7420 1538
7421 5439
7422 2671
7425 2936
7426 6465
7427 4928
7429 627
7430 6152
7431 196
7432 3645
7433 447
7434 1922
7436 1299
7437 374
7439 6738
7441 6869
7442 4447
7443 624
7445 671
7447 1681
7448 3694
7450 6924
7451 1804
7452 6793
7453 6774
7454 4604
7456 6325
7457 6775
7458 3029
7460 6863
7461 1862
7462 1065
7464 5702
7465 1724
7466 7213
7470 2648
7472 6565
7473 2515
7474 1772
7475 3194
7476 1521
7478 2225
7479 1078
7480 616
7481 710
7483 2
7486 6620
7487 2495
7488 5952
7490 365
7491 7043
7492 3719
7494 3518
7498 204
7500 6894
7501 1521
7502 6910
7503 3690
7504 6455
7505 1017
7506 6348
7507 2132
7508 1029
7509 1870
7510 3244
7511 6988
7512 1448
7517 7195
7518 6480
7519 6616
7520 1047
7522 7158
7524 1371
7525 5795
7526 6643
7527 6662
7528 691
7530 4725
7531 6362
7533 4827
7534 1060
7535 2566
7536 4861
7537 4353
7538 1404
7539 7071
7540 6778
7541 997
7544 3244
7545 7032
7546 2209
7547 880
7548 541
7549 6679
7550 379
7556 6918
7557 2175
7558 6735
7559 6839
7560 6816
7561 2687
7563 6535
7564 3813
7567 7074
7568 5774
7570 7010
7571 6336
7573 6853
7574 1684
7575 3708
7576 6761
7577 584
7578 116
7579 2710
7581 6786
7583 835
7584 1934
7585 6770
7586 88
7587 7051
7588 1624
7590 6756
7591 736
7592 2473
7593 6589
7598 2525
7599 6170
7600 4426
7602 2456
7603 6765
7604 616
7605 6572
7606 281
7607 6380
7608 6892
7609 1696
7610 4941
7611 5620
7612 5764
7613 365
7615 2344
7616 938
7618 772
7619 1441
7620 4534
7621 2473
7622 2803
7623 6628
7624 1042
7625 5077
7626 2294
7627 6609
7628 329
7631 2316
7633 7227
7634 1136
7635 6789
7636 1912
7637 6100
7638 3474
7640 1885
7641 2131
7642 167
7643 1461
7644 858
7645 6991
7647 2579
7649 2008
7650 6984
7652 5538
7653 7027
7654 2755
7656 7115
7657 2881
7658 963
7659 6649
7660 2466
7661 4343
7662 736
7663 1543
7664 2306
7665 6221
7666 6853
7667 7095
7668 1662
7669 6256
7670 6676
7671 6984
7672 6761
7675 2062
7676 2488
7677 131
7678 584
7680 6496
7681 5624
7682 6483
7686 1278
7688 6256
7689 1663
7690 511
7692 1709
7693 1381
7694 6854
7695 6441
7696 2593
7698 1543
7700 781
7701 3591
7702 190
7704 7197
7705 6649
7707 6618
7709 912
7710 6928
7712 356
7713 1402
7714 1350
7715 6761
7716 1477
7717 3426
7718 596
7721 3537
7722 6853
7723 4100
7724 1992
7725 584
7727 4194
7728 1464
7729 6351
7730 3596
7731 2797
7732 4001
7736 6531
7737 4727
7738 6915
7740 1179
7741 4825
7742 5586
7743 7089
7744 3813
7746 267
7747 951
7750 532
7752 445
7753 6356
7756 6938
7757 5465
7759 1206
7761 3200
7764 2394
7766 3162
7767 5803
7768 7094
7769 6673
7771 6756
7772 907
7773 6683
7774 533
7776 5853
7778 2000
7780 6492
7782 1610
7783 445
7784 6278
7786 1878
7788 684
7789 6881
7790 87
7792 404
7793 6626
7795 5255
7796 6968
7798 6362
7799 2132
7800 3525
7806 3605
7808 6644
7810 5914
7811 4037
7813 7013
7814 1594
7815 4625
7816 6740
7817 3204
7818 6457
7819 6437
7821 6108
7822 2149
7823 4107
7824 3180
7825 84
7826 7049
7827 54
7828 4186
7829 6843
7830 2111
7832 4251
7835 5914
7837 3720
7841 130
7842 3407
7843 1240
7845 732
7846 6845
7848 340
7849 2726
7850 1314
7851 6779
7852 4483
7853 367
7854 6341
7855 7202
7856 7094
7859 6336
7861 5586
7862 1464
7863 1294
7864 3162
7867 6360
7868 5299
7869 7207
7870 6650
7872 179
7873 1997
7874 1117
7876 533
7878 6497
7879 4752
7880 379
7881 7051
7882 6629
7884 2319
7886 5943
7887 6982
7888 228
7891 418
7892 3613
7894 125
7895 6354
7897 861
7898 5767
7899 7144
7901 3325
7903 3114
7905 7162
7908 6802
7909 123
7910 695
7911 4992
7913 331
7914 157
7915 772
7916 6697
7917 5888
7918 190
7919 1019
7920 6478
7921 156
7922 6714
7923 360
7924 540
7925 7013
7926 4801
7927 880
7929 6385
7930 65
7931 1811
7932 1557
7933 6481
7934 5467
7935 744
7937 4112
7939 6383
7941 678
7942 36
7943 6786
7944 2031
7946 6421
7947 4752
7950 1206
7953 1922
7954 270
7955 2593
7956 3719
7957 683
7958 8
7959 3880
7961 6453
7962 3813
7963 1348
7966 7002
7967 147
7969 7009
7970 6386
7971 6756
7973 799
7975 1371
7976 6823
7977 2056
7978 6368
7979 655
7980 471
7983 6592
7984 6083
7986 1839
7989 998
7990 4214
7991 768
7993 3039
7994 346
7995 6695
7996 5538
7998 6694
7999 1599
8000 5577
8001 6088
8002 924
8003 6771
8004 4677
8005 772
8006 5486
8007 6789
8008 3
8011 772
8012 1802
8013 7212
8014 7149
8016 6873
8018 6974
8020 3194
8022 6569
8023 717
8024 6404
8025 6320
8026 6751
8027 3328
8028 6894
8029 1570
8030 4033
8032 6835
8034 1317
8035 5716
8036 110
8038 2536
8039 6924
8040 1474
8041 437
8042 1350
8044 3302
8045 7158
8047 6531
8048 7098
8049 5586
8050 6682
8051 3756
8052 500
8053 1059
8055 311
8057 1775
8058 2595
8059 6928
8061 640
8062 6379
8063 535
8064 1733
8065 3499
8066 6173
8067 7216
8068 6968
8069 6336
8070 6884
8071 867
8074 7085
8075 3360
8076 40
8077 588
8079 2274
8080 4710
8081 5622
8082 7149
8083 1337
8084 1069
8085 725
8086 171
8087 1624
8090 1665
8092 7158
8094 73
8096 1435
8097 6517
8099 6879
8101 6380
8102 6559
8103 3809
8104 6095
8105 2531
8109 6103
8111 319
8112 5577
8116 5155
8118 1766
8119 6362
8120 5975
8122 6571
8123 6428
8127 3325
8128 382
8130 6440
8132 6165
8133 2349
8135 2002
8136 6353
8137 6612
8140 1804
8142 220
8143 56
8144 3499
8145 224
8146 697
8147 1083
8148 6355
8149 6970
8150 1663
8152 223
8153 440
8154 6108
8155 3819
8156 1078
8157 3637
8159 7199
8160 76
8163 2294
8164 4786
8166 239
8167 6256
8168 1594
8170 6437
8171 1124
8172 6716
8173 2185
8174 6460
8175 1590
8177 5006
8178 5
8179 3
8182 1034
8184 1199
8186 6694
8187 3396
8188 6752
8189 1785
8190 846
8191 7083
