6396 997
2788 295
344 233
3100 507
981 184
1263 309
1087 993
7051 491
335 622
205 977
6100 668
2517 240
875 65
2000 623
3404 735
1250 504
1802 23
1096 485
1885 906
6747 323
422 995
600 989
76 100
5092 31
768 111
4 503
1181 484
6438 453
7479 920
7214 981
826 418
5467 891
6417 850
4946 682
1478 546
1089 991
1296 834
2962 134
6828 744
485 290
7214 981
221 507
1793 853
524 287
145 234
5669 507
335 622
344 233
3265 318
308 228
5348 376
7377 941
2528 692
7522 986
16 98
1478 546
346 971
615 985
5355 254
5124 868
449 587
512 980
678 471
1212 211
6464 936
533 49
5894 635
1885 906
2345 674
93 80
400 687
486 725
5124 868
1791 101
828 941
6293 942
2836 982
443 409
73 92
7310 807
5968 931
1182 945
58 53
17 736
5467 891
2557 697
3252 755
1296 834
1221 897
5522 702
671 708
1680 710
7102 559
6914 120
3690 987
205 977
2264 591
2928 716
119 102
224 166
1959 507
2268 663
205 462
509 298
327 224
7429 134
1802 23
164 920
400 590
2240 639
2746 830
17 801
3762 798
480 582
5669 507
442 277
1296 834
3565 713
3108 939
2000 623
3965 666
335 15
1296 834
364 441
66 946
1244 814
1610 418
5467 891
233 586
17 690
570 997
671 708
17 971
2408 863
3162 743
171 68
4725 489
1647 983
1182 946
5320 272
6748 777
539 853
7736 853
5083 853
7362 984
623 988
7576 990
2517 240
615 985
3708 972
6626 493
7969 33
3404 735
2092 650
768 90
834 401
7655 391
171 15
2321 951
2777 226
1478 546
2825 457
220 164
178 135
8161 857
5 5
256 194
40 725
2846 761
6747 323
1244 814
496 164
3252 755
671 708
6093 970
342 343
346 971
1835 777
879 607
499 656
3029 777
6100 668
328 230
5467 891
4464 16
7426 134
1250 504
1549 390
3252 755
5905 923
559 483
705 368
2098 184
366 245
36 184
4480 116
1568 565
5791 919
1921 988
1424 312
5894 635
6747 323
671 708
7083 976
5791 919
1268 214
7633 507
2693 460
68 834
175 626
485 290
517 763
7287 609
415 268
7489 438
4635 18
705 368
802 803
51 92
875 842
7457 507
5782 978
4946 682
205 900
403 263
25 939
2252 184
1381 531
7860 277
1139 477
114 97
499 656
6100 668
411 513
5455 262
6862 969
6045 179
2881 134
1181 484
506 277
2514 177
615 985
68 194
205 462
221 507
5 5
36 438
3173 40
356 50
3323 120
221 507
346 425
346 56
366 245
2697 675
7818 852
1665 586
2777 226
484 997
442 987
8026 418
1134 988
353 240
1296 834
443 127
179 767
346 971
7271 801
318 988
7796 997
366 245
420 941
289 215
36 184
1263 309
1023 253
646 978
1791 101
7364 121
205 900
2846 761
5802 507
1244 814
3029 777
411 513
6173 939
442 277
7903 120
716 399
68 820
488 14
284 220
277 857
5552 710
731 492
512 980
224 166
1692 5
879 607
1181 484
7971 970
5894 635
7488 438
640 879
125 758
417 285
285 209
5791 919
8081 879
957 794
5320 910
2833 852
5962 930
2252 184
559 264
1802 23
197 148
802 803
3312 660
382 253
3916 597
6436 42
1139 477
512 980
828 941
1663 492
317 438
3708 972
145 385
2671 758
366 245
977 713
6752 870
233 772
3483 835
509 298
3574 857
2 2
2375 344
66 946
5268 491
3302 412
948 446
340 118
6378 50
3762 798
6253 933
4096 507
7479 920
1994 283
736 378
6332 459
1299 401
306 201
412 266
8 7
1443 253
1187 507
737 198
1049 281
639 281
3426 772
1087 993
3880 535
5 5
2825 457
1686 163
2321 951
1881 618
7651 507
7648 277
1271 420
411 25
248 425
6967 958
6748 777
499 656
17 379
1181 484
485 290
7918 970
196 363
4096 507
7600 574
730 98
6545 953
2003 632
7678 363
221 958
1624 575
6326 944
7942 794
2525 447
7916 277
422 995
318 988
387 19
2671 758
615 985
48 45
4096 507
1181 484
802 803
537 814
1959 507
502 249
1600 38
2168 567
8203 33
5711 701
736 378
2277 87
7576 990
63 467
1717 594
768 111
6181 850
4107 820
1109 363
5791 919
6376 184
1724 475
2304 281
8006 273
7730 264
3779 30
3574 857
5467 891
640 879
725 249
1712 277
7576 990
7583 656
277 857
218 210
5092 31
68 917
1244 914
3302 412
379 727
6293 942
400 538
959 26
17 442
6073 937
6722 464
6747 323
2321 951
609 148
7214 981
306 201
959 26
2277 87
3762 798
6316 917
346 971
7876 654
506 305
7576 990
7399 409
499 656
1647 983
2042 385
233 846
3114 292
2736 391
366 245
3880 535
7358 850
614 277
7486 933
1181 484
1984 611
1331 729
1591 343
2746 830
1772 486
335 385
675 184
7260 61
286 863
161 622
1920 491
1478 546
524 264
2528 692
2978 601
178 135
4607 710
1089 991
3360 507
959 26
5439 766
5320 272
5037 554
7577 377
7903 120
3278 120
233 384
7019 205
3882 132
3882 132
6714 846
66 946
1680 921
570 184
705 368
119 441
3491 474
7522 986
8139 857
2552 939
7408 801
1096 485
1558 404
485 290
1785 544
959 308
1101 531
2748 650
4225 975
39 213
7823 470
5894 635
1179 475
6623 761
148 85
1724 475
7290 147
488 14
6545 953
4085 398
578 527
4014 939
429 184
1181 484
6418 939
736 378
2321 951
5063 14
1296 834
6069 358
1089 991
1066 450
8085 21
2384 978
1916 748
4027 131
5894 635
898 994
156 163
2175 652
1802 23
285 210
8048 758
2671 758
5552 710
220 164
1726 24
1404 184
916 318
346 971
7896 283
1296 834
145 68
737 198
6100 668
5619 949
7714 184
7994 120
615 985
6701 961
4752 857
6748 777
134 113
7381 645
3275 600
400 687
7440 120
94 863
656 326
5791 919
1074 829
442 987
145 385
1787 599
4752 545
7486 933
476 68
6073 937
3252 903
66 945
1066 309
4018 260
285 209
1263 309
615 985
318 853
2836 982
43 853
335 385
7453 626
5 5
487 857
1101 531
6415 766
2517 240
4921 417
6330 939
1599 917
145 68
1647 983
7214 981
3029 777
4786 314
400 262
1181 484
359 247
415 268
8216 344
1443 253
5439 766
782 418
2491 590
337 233
204 151
2003 632
318 857
142 941
346 314
7576 990
1202 337
6768 964
578 566
429 184
1244 814
4 885
6293 942
5320 272
559 264
506 277
898 994
1296 999
4096 507
410 67
7845 59
1296 834
2846 761
774 111
6338 939
6338 939
6768 964
476 249
518 673
623 665
3029 777
5083 509
136 408
1205 48
3491 889
196 33
86 61
1296 999
400 262
331 184
1296 999
233 363
1096 485
6100 668
1182 946
7656 992
7278 758
2345 674
7654 277
1202 337
217 61
4085 163
1087 993
4390 134
2306 526
1712 277
2196 585
1296 834
7696 277
1684 42
802 373
7480 622
3275 600
5876 445
461 355
171 68
400 262
3422 299
1066 970
7953 626
1549 459
5894 635
4107 820
3725 321
3474 585
5363 852
7837 46
2408 863
2846 761
1652 389
6714 846
4148 822
935 654
415 270
1066 970
5552 710
3880 535
1005 434
3762 798
400 262
7034 835
802 803
346 971
5092 31
994 857
1296 834
417 254
107 906
7538 277
1074 829
178 135
36 438
781 390
3180 716
286 863
7707 401
1131 483
6862 969
94 863
6491 311
1296 999
142 978
225 167
346 971
887 16
5467 891
7083 976
3543 85
175 133
223 418
7271 408
2522 235
7993 91
66 945
1024 365
3016 326
3613 24
600 989
6179 818
1244 914
2697 626
2000 623
3029 777
2394 660
559 264
1179 475
224 166
3965 396
4946 682
442 277
400 590
1042 943
619 987
1933 956
512 980
3749 795
7535 574
3871 91
270 205
118 100
7718 767
3857 816
823 281
5622 349
539 853
7522 986
615 985
1478 546
5526 737
3861 418
123 104
205 176
3231 308
2003 632
823 281
7254 119
382 253
1065 971
212 158
7776 801
1779 499
611 597
1182 945
1877 509
1438 278
1971 626
1613 729
7416 113
646 319
36 184
1671 553
346 971
3178 134
1296 999
5869 531
761 997
335 385
2514 177
1296 999
415 270
6326 944
1973 380
5802 507
5962 930
4707 87
8161 857
509 298
2846 761
1334 524
8154 857
6747 323
7520 876
7370 853
2528 692
142 941
774 111
1311 284
2836 982
1086 481
1552 996
1287 388
400 590
3507 12
17 106
5622 971
308 224
782 423
1341 236
7102 559
1066 970
270 205
7175 979
7686 281
8188 646
17 134
205 462
2168 567
319 184
579 467
4304 922
145 385
834 401
559 264
1111 223
4710 429
118 100
156 438
17 449
4096 507
134 113
5103 866
119 660
8130 857
1244 914
1087 993
289 215
6367 947
671 708
5299 882
239 281
1916 748
931 48
4325 783
1202 122
3762 798
1448 771
2136 650
422 995
233 318
7576 990
4578 836
1831 988
6752 870
344 233
3474 585
2040 794
640 879
6752 870
58 53
3534 996
1179 475
775 302
6919 996
145 385
1713 83
3749 795
3880 535
4862 270
5869 531
615 985
5894 635
3633 108
2240 347
272 207
1089 991
1179 475
6761 963
205 900
1401 507
4 503
1670 293
6415 766
5318 194
1760 391
2042 385
502 249
285 209
7452 507
339 520
2541 857
2534 206
1692 5
5552 710
6761 963
7576 990
5467 891
1680 921
1096 485
96 83
124 105
6100 668
5946 927
400 590
1074 685
1250 504
3404 735
1250 504
871 377
3762 798
489 904
79 41
1244 814
7995 801
951 412
1287 388
863 420
134 113
752 287
224 166
2361 952
623 590
7953 399
2725 401
2134 710
3880 535
4325 924
7062 472
221 507
7576 990
1089 991
2169 100
1448 57
76 726
7271 801
3880 535
272 207
524 287
6338 939
1277 801
417 285
671 708
4065 153
63 320
1250 504
389 256
2136 781
4107 820
423 761
7664 766
78 101
4148 822
333 231
5912 628
1335 401
7664 766
7243 835
600 989
2517 240
2746 830
1933 604
4862 269
2466 625
4240 507
6316 917
224 166
46 43
1371 230
6701 961
4479 20
1665 586
509 298
1787 599
1296 999
7453 626
68 194
5467 891
94 863
5577 901
1787 599
7306 20
7827 978
5905 923
476 737
2894 277
206 574
7562 987
5467 891
1074 685
2289 667
5467 891
6862 969
218 209
640 879
2289 667
898 994
88 76
600 989
411 513
7456 758
6350 292
5412 888
4107 820
1240 335
1139 946
828 926
1296 999
1244 814
1929 627
7669 23
2003 632
671 708
1277 748
7175 979
7645 449
7560 537
144 177
7211 971
3351 687
306 201
2361 952
1119 489
117 99
205 462
1244 814
2175 652
884 429
2846 761
6326 944
1392 243
614 277
1024 338
233 270
319 71
5905 923
221 507
335 236
7493 46
2515 939
8190 155
3483 835
66 281
3178 134
2841 596
1296 834
346 537
5669 507
5894 635
3426 772
484 975
6623 761
2134 349
948 446
671 708
863 420
7067 758
5291 880
39 111
6002 934
346 971
624 344
7176 479
1590 104
1802 23
116 277
2000 623
1959 507
678 471
5791 919
5962 930
5179 973
557 338
1903 155
7656 992
1042 943
449 14
2788 295
951 412
6128 381
6015 363
6338 939
366 245
205 462
2790 496
3930 371
1884 691
171 15
346 971
40 977
1629 824
284 391
346 971
6179 818
124 105
6113 507
286 863
6082 924
422 995
2960 453
2362 283
5905 923
671 708
3252 903
5291 880
640 879
8157 364
1013 648
828 659
1863 529
78 101
415 270
231 277
46 43
823 281
2304 281
80 283
5092 31
2115 184
6862 969
256 194
1600 38
36 184
1997 630
7420 191
1066 242
311 649
114 97
1276 479
6861 385
1558 404
400 262
1101 531
3800 459
1023 23
6411 978
7486 933
5320 272
1311 970
1975 350
7514 184
44 42
8000 801
1402 24
5320 272
7576 990
346 971
4144 807
609 148
1001 85
1296 834
7522 986
3720 326
3360 507
6411 978
5552 710
3252 755
68 579
4806 988
7653 277
68 758
1478 546
6747 323
482 939
5092 31
5294 881
308 228
44 624
1865 748
7083 976
1181 484
4844 932
5869 531
3880 535
5791 919
7522 986
2268 663
205 900
256 194
7083 976
7660 971
4 843
1296 834
1066 970
5946 927
2196 585
2610 459
7334 120
6385 758
6768 964
2788 295
6956 710
6002 934
353 240
224 166
7576 990
7947 794
2836 982
1066 970
1478 546
145 385
7686 281
1789 761
1042 847
2289 667
1921 579
1478 546
6862 969
1066 758
5299 882
6862 969
1205 48
5791 919
7048 933
1244 914
7481 438
2514 177
7947 794
1381 531
997 262
6862 969
3080 642
8180 244
182 139
5968 931
759 384
327 224
285 399
8163 853
1802 23
46 43
411 513
1305 41
415 268
879 607
8183 857
1296 834
671 708
898 994
3491 474
6862 969
485 290
2361 952
7757 273
5467 891
68 969
4107 820
1087 993
5552 564
1087 993
3813 496
1916 748
47 515
3351 590
3762 798
7181 456
177 134
7927 184
3800 459
1652 389
68 654
382 253
7486 933
2268 663
2216 467
5894 635
7479 920
7799 513
108 234
6862 969
5552 863
611 735
148 987
134 113
1549 390
7861 292
442 987
5894 635
7947 794
382 253
1682 319
2168 567
2269 587
7479 920
2196 766
3404 735
346 971
5467 891
938 824
256 194
6330 939
2825 457
272 207
6100 668
214 159
6913 242
959 26
94 863
1296 999
1624 575
5791 919
1206 507
76 100
7836 924
7717 729
5179 973
2000 623
3880 535
671 708
6820 967
56 52
46 43
1671 553
950 258
306 201
423 554
623 155
6545 953
221 507
6790 634
221 656
7664 410
1478 546
3613 872
1564 147
4107 820
3514 587
3396 262
221 507
224 166
160 89
270 205
7656 992
6602 600
1568 565
205 462
3981 495
826 881
3002 941
4668 277
4065 747
6500 239
461 793
5622 564
3708 972
640 879
802 803
1199 546
1331 122
1087 993
415 269
1712 277
499 507
1296 834
7362 984
1802 322
601 768
1296 41
6350 292
46 43
4895 710
442 277
6862 969
4085 692
8081 879
2185 537
1244 814
7538 277
7102 559
2541 184
1296 834
36 184
7522 986
1023 23
5669 507
623 444
6073 937
3173 40
7156 725
451 574
3879 411
4841 701
2753 173
6113 363
134 113
371 407
1127 506
4410 120
7362 984
653 33
7656 992
2769 219
7522 986
66 946
145 68
575 235
3404 735
1994 283
1296 999
559 264
493 184
1997 630
415 269
2369 673
1263 309
3449 610
8081 879
7576 990
3762 798
5 5
327 665
1390 818
285 210
3252 755
7999 781
7486 933
4225 975
7481 438
7775 355
4085 620
7296 179
124 105
1624 575
6411 978
1082 796
346 971
7701 70
1959 507
4085 953
828 659
8223 301
462 710
1038 939
1087 993
509 298
3200 279
116 277
615 985
1916 748
5977 863
44 42
179 767
1042 943
2527 692
7587 865
6748 777
150 205
879 607
1104 150
178 135
3410 665
6179 818
56 52
890 992
36 844
4499 857
4707 87
6438 453
954 566
3302 412
6438 453
7979 50
5876 445
1712 277
7956 120
3016 326
6376 513
5752 567
5552 710
5946 927
5179 973
7868 824
1244 814
5391 865
1148 642
2894 277
400 538
526 283
1104 150
2777 639
410 67
1206 922
391 97
3819 939
18 17
570 184
6752 870
608 708
145 385
2626 177
476 292
1343 507
58 53
695 364
1096 485
1772 486
512 980
415 270
1789 761
7769 120
1179 154
3491 474
6367 947
6545 953
1101 531
954 826
7380 457
1881 618
1087 993
1933 339
2378 184
2515 939
3762 798
6579 955
163 277
8157 299
951 412
1051 472
94 863
1296 999
44 42
1339 184
272 207
671 708
422 995
850 415
1501 939
119 853
22 864
6914 120
1599 917
108 234
346 971
3161 713
403 263
66 946
552 987
3180 716
623 590
5415 379
6736 962
388 255
3491 474
1820 574
175 626
2345 674
344 233
1803 207
285 396
3422 299
823 711
7034 835
5946 927
4446 864
1087 993
981 184
7485 758
437 853
5869 531
3039 459
5619 949
221 922
145 385
8085 21
1124 836
7479 920
6100 668
609 148
7633 507
5894 635
205 977
2697 210
366 245
6016 155
8123 178
6862 969
346 971
47 44
2356 321
3491 474
828 659
2365 735
6073 937
415 269
3252 755
7181 456
1101 531
6862 969
165 513
221 507
5311 859
1652 389
400 590
1071 322
205 462
3670 556
506 50
6100 668
1971 471
4965 626
512 980
5320 272
7567 675
1101 531
270 205
7576 990
2846 761
5124 868
5467 891
2525 447
1916 748
1555 562
142 941
5083 853
6752 870
3857 805
2306 526
4390 134
1244 814
2003 632
2671 758
3491 474
6768 964
7576 990
3404 735
3880 535
346 971
1087 993
7576 990
6862 969
6752 870
7159 292
3880 535
5320 272
6739 942
2788 295
1692 5
461 355
340 118
5838 939
6411 978
895 265
7883 844
3178 80
1665 586
7567 675
7214 981
400 590
1647 983
2840 116
2000 213
2930 29
1074 829
335 385
335 737
411 513
306 201
5968 931
415 269
366 245
2000 623
1066 277
1684 42
244 106
80 364
7576 990
7962 626
948 446
5467 891
7950 278
822 418
1220 184
6654 592
671 708
1647 983
340 118
4096 507
7576 990
1971 650
2289 667
6545 953
171 68
718 302
2000 623
1359 272
834 401
7378 853
7403 283
1789 761
3884 365
1802 23
934 673
1971 337
2003 632
339 345
2134 906
498 911
559 264
2846 761
6093 514
2321 951
5467 891
285 399
442 987
482 939
5619 949
6671 70
7474 23
1647 983
7308 857
1665 586
179 767
2361 952
6470 438
1023 363
5908 946
490 249
1376 275
1959 14
4772 909
2003 632
4447 169
1802 23
5124 868
759 514
134 113
1647 983
555 320
235 87
366 245
1101 531
1277 240
2825 457
442 277
134 113
2240 574
7728 459
415 269
5905 923
1863 529
58 53
366 245
1202 471
5294 881
7763 988
615 985
224 166
828 926
1349 401
6480 939
145 385
6914 120
13 432
671 708
846 412
6330 939
1916 748
2367 174
7967 385
5968 931
577 326
1087 998
7656 992
2345 674
221 507
3880 535
400 848
1233 400
1296 999
608 708
127 107
205 900
2000 623
1963 310
3383 770
144 117
1250 504
741 24
119 441
959 26
3436 264
2131 321
5791 919
935 758
7811 80
366 245
422 271
2557 697
1712 277
717 458
1624 575
671 708
1317 941
1244 814
3173 40
5669 507
6953 988
1613 729
5467 891
318 988
214 159
2746 830
6345 97
1971 626
6768 964
7486 933
429 184
480 225
6768 964
447 227
739 336
5669 507
615 985
2528 692
442 277
1221 897
7362 984
412 266
684 111
422 104
1607 822
78 101
615 985
6752 870
8149 701
678 471
5083 853
280 200
401 5
7633 507
7656 992
4434 0
842 411
3442 468
2744 177
615 985
346 971
5791 919
1381 531
7362 984
6278 282
465 71
1189 796
3390 702
1877 509
3857 816
4710 429
867 857
1244 814
8 243
1305 996
764 684
224 166
3061 455
615 985
47 515
2264 591
919 470
1775 246
6862 969
221 507
1101 531
1052 473
3880 535
46 43
615 985
1321 884
4633 507
1220 958
6002 934
524 264
1680 921
1806 513
2365 793
615 985
2480 530
366 245
5467 891
3762 798
5552 710
6411 941
7272 551
2846 761
114 97
379 727
1258 477
17 807
2788 295
534 184
346 450
400 590
145 385
7806 997
608 491
1885 906
5439 766
823 281
3036 729
5968 931
3762 798
6862 969
1130 305
1959 507
449 587
1308 110
1277 379
5622 510
17 71
3720 326
8041 283
1296 834
3180 716
224 166
1916 748
1671 553
6862 969
5467 891
1258 122
5552 564
325 229
6223 939
919 470
6436 42
171 68
2068 522
124 105
384 600
337 233
615 985
2697 210
898 994
335 614
343 221
7576 990
506 35
1903 155
7115 240
3178 134
1087 993
7295 978
2 2
499 507
233 20
422 995
509 298
1802 23
3762 798
2294 464
218 210
5791 919
1220 184
1258 477
7576 990
1244 814
7083 976
285 209
1343 507
7723 120
2846 761
1250 504
366 245
1906 87
898 994
415 270
5294 881
871 377
2000 623
1692 5
1089 991
7776 801
254 970
7939 250
781 390
4107 820
7759 853
214 159
6438 453
442 987
1404 184
1001 85
5894 635
482 939
5 5
5467 891
6110 850
5467 891
7522 986
959 308
2528 692
1802 23
476 292
134 113
768 213
311 513
499 656
346 971
3204 412
5985 476
684 824
3275 600
1973 857
2894 277
411 513
461 735
6752 870
1119 988
3474 585
66 945
3762 798
4107 820
3252 755
2491 590
2153 460
306 201
3173 40
6953 988
732 939
400 538
2885 941
255 341
1382 997
286 863
5527 894
4225 975
1200 87
220 281
969 443
2878 120
7522 986
118 100
6623 761
768 389
948 446
6677 122
7092 309
61 277
7522 986
1089 991
17 120
6605 55
86 61
7427 585
4266 554
256 194
557 343
1997 630
2003 632
4225 975
331 98
2 2
119 441
671 708
1802 322
335 385
1311 987
1179 154
4844 932
1296 999
4786 388
575 235
2003 632
1074 829
1334 524
224 166
963 452
402 283
1789 761
7298 16
1296 834
145 68
224 166
8099 944
250 767
641 353
7772 14
2836 982
1087 993
524 264
5946 927
1066 309
4609 835
218 399
2051 703
1066 970
2345 674
7186 726
7947 794
7886 608
7181 456
1599 917
1506 77
7576 990
6113 507
559 264
270 205
7768 832
1258 122
134 113
954 767
39 38
1074 829
2277 260
4946 682
2522 235
145 385
499 507
270 205
1501 939
7454 835
1117 111
335 614
464 801
3404 735
3880 535
1087 998
3275 600
3916 597
1089 991
233 822
7423 186
433 643
7091 987
145 385
2092 946
4506 385
7498 438
1139 281
7417 87
179 767
422 995
3916 597
675 184
2306 526
7761 507
6073 937
3029 777
76 100
3965 654
2514 177
3088 506
5299 882
1359 474
1680 921
3916 597
5363 852
1068 478
829 120
346 971
289 215
1244 914
6316 917
2408 863
73 397
5320 272
4205 22
3491 474
36 145
5977 863
492 243
509 298
1478 546
488 14
1263 309
6628 956
7241 571
2111 554
233 995
2138 299
7464 80
374 609
7466 391
7795 917
142 941
2836 982
7522 986
671 708
6862 969
1802 23
666 204
3383 770
17 807
2092 281
488 14
5467 891
5938 398
1971 281
5705 211
759 384
1160 46
2836 982
2268 663
3404 735
879 607
5354 110
1381 531
1647 983
1087 993
1820 574
7545 68
2531 693
63 240
3029 777
623 290
145 385
5320 910
1791 101
6862 969
3880 535
7175 979
415 268
7654 277
1038 939
4107 820
1666 140
482 331
366 245
2049 429
145 385
1916 748
7994 710
5946 927
1916 748
7486 933
1381 531
526 101
879 607
160 89
1101 531
1402 24
6761 963
94 863
4085 796
142 941
4590 380
639 281
1199 546
615 985
1404 145
1049 471
2175 652
5962 930
866 398
221 507
2946 261
608 934
7522 986
3060 781
5467 891
4107 820
7567 410
6562 279
391 97
467 194
2557 697
1296 834
285 209
327 349
7567 156
935 758
781 390
3491 474
7837 46
448 163
1101 531
2361 952
4225 975
1562 347
7627 363
5124 868
826 753
5791 919
1305 996
346 971
2898 590
6094 771
3484 758
346 971
3466 687
1303 262
7479 920
884 429
346 971
671 708
1611 650
1959 14
6171 537
1478 546
2131 321
959 26
36 184
1802 23
1305 41
232 171
559 483
6330 939
1087 993
2268 663
2788 295
7180 338
4107 820
1568 565
1250 504
1101 531
3173 40
6862 969
2216 187
7127 656
5209 996
2394 660
6415 766
5864 997
7214 981
1179 179
2268 663
608 708
555 161
7639 564
2345 674
366 245
36 844
1752 669
671 708
5124 868
8102 832
3173 40
344 971
285 209
1181 484
6179 818
1296 834
7479 920
1983 475
119 184
7486 933
828 926
2846 761
4164 438
1087 965
1182 477
6073 937
559 281
1089 974
3491 889
6335 181
366 245
584 184
4736 509
686 363
1973 801
7481 438
410 67
7453 626
1096 485
117 99
2361 952
5083 853
157 64
7083 976
7664 766
7083 976
429 184
4446 864
1952 264
7576 990
4065 134
145 68
1613 729
2528 692
5294 881
66 945
716 210
506 355
1922 833
3708 972
2468 857
1279 398
3080 642
7947 794
5791 919
7362 984
3383 770
224 166
7827 978
1101 531
6671 70
3880 535
7947 794
286 863
1139 281
1296 999
570 184
366 245
179 767
1199 546
4772 626
2115 184
671 708
145 385
2268 663
4725 489
6752 870
400 262
6862 969
4240 507
1305 996
443 418
1279 398
2252 184
2000 623
134 113
1244 914
959 308
3036 729
6752 870
335 249
8120 513
3360 507
6747 323
2788 295
5415 379
58 53
68 863
559 264
1074 829
1182 945
4251 857
802 803
179 136
1119 489
1647 983
327 224
66 945
526 283
5209 996
4935 25
76 100
480 229
160 89
712 945
13 432
346 971
1671 553
476 385
3880 535
3708 972
7254 119
221 922
5619 949
534 184
488 14
494 396
7175 979
7656 992
6545 953
6866 958
3613 872
76 100
1870 617
412 266
306 201
5467 891
3636 857
1087 998
7536 364
1331 729
1087 993
17 587
1130 305
277 857
2769 941
5968 931
3029 777
488 14
1334 524
4033 299
2000 623
1665 586
5294 881
1096 485
1820 574
224 166
7942 794
623 590
7102 559
415 268
233 364
2534 206
415 268
3080 642
7214 981
476 324
1671 553
4107 820
1258 281
277 857
1448 771
17 80
3275 600
277 857
1712 277
5905 923
2111 554
1202 471
22 864
190 68
1478 546
7083 976
2534 206
17 438
7479 920
678 471
671 708
6752 870
1220 958
68 204
6953 988
3252 903
8181 891
1607 140
1392 243
1074 829
7 230
552 25
7214 981
7362 984
6069 358
4225 975
461 355
146 391
1613 801
7427 585
94 863
36 844
5092 31
5 5
422 995
308 224
1607 140
205 900
600 989
7828 997
6701 961
94 863
274 138
145 68
7819 277
7048 933
7901 765
6179 818
340 118
488 14
68 758
5124 868
774 111
3708 972
3173 40
7295 668
3046 160
3173 40
1568 565
5894 635
3965 58
5791 919
1087 993
94 863
6747 323
7567 675
342 110
963 486
5320 272
1884 691
5669 507
1828 211
6862 969
46 43
66 945
289 215
1119 489
2557 697
411 513
6330 939
4 885
1012 70
6862 969
346 971
342 110
388 255
3270 759
3857 816
308 228
2194 801
1296 999
1920 153
671 708
1591 343
781 390
1305 996
3173 40
442 277
400 590
366 245
3130 507
5320 272
221 507
870 762
834 401
6862 969
1600 38
948 446
1951 853
1087 998
7392 425
94 863
156 130
346 971
2408 863
3491 474
1903 155
2697 210
366 245
1296 999
422 271
3762 798
1197 939
524 264
1613 729
1066 970
1916 748
484 997
3043 207
7087 941
2863 12
1870 617
233 138
2480 75
17 219
7258 692
6662 409
221 507
775 302
2177 653
559 264
2069 249
2515 939
1952 264
2468 677
1279 398
896 435
1474 249
311 513
40 946
1066 987
3762 798
3173 40
7401 253
7683 652
5977 863
467 194
3916 597
2517 240
752 287
134 113
1571 302
6862 969
1296 865
116 277
2517 240
78 101
2321 951
1250 504
3491 889
879 607
3709 333
600 989
1296 999
1042 943
476 68
6654 656
86 57
5791 919
5467 891
2525 447
2361 952
959 26
600 989
7579 262
7486 933
644 853
3491 474
959 26
2304 281
600 989
2697 626
3762 798
47 515
6438 453
6073 937
623 590
365 735
2545 250
5977 863
1089 991
5791 919
3965 654
6862 969
2517 240
2788 295
335 84
5320 272
600 989
1369 507
346 971
46 43
6739 942
3442 468
1049 471
1890 250
8104 72
1202 337
3351 590
4946 682
2892 367
233 199
164 920
221 507
600 989
1828 211
221 507
2321 951
6739 942
145 385
5467 891
653 33
1087 998
2565 357
7554 252
5294 881
1089 991
601 334
931 48
6956 120
124 105
8221 453
4725 489
1089 991
4107 820
6862 969
164 920
1012 141
802 803
206 574
415 270
7019 205
2185 537
2953 827
6565 385
371 407
1478 546
5622 323
7567 675
5791 919
823 281
1258 477
7630 309
7718 767
1052 473
8021 33
6002 934
1885 906
346 971
7668 250
2000 623
2345 674
346 971
6565 385
1089 991
7479 920
2517 240
6820 967
2092 281
615 985
7947 794
3029 777
7522 986
1263 309
205 900
3225 150
3965 654
205 900
615 985
6862 969
422 995
6314 21
6073 937
7963 587
144 483
1557 563
223 418
775 302
1863 529
118 100
640 879
5019 14
628 332
879 607
66 946
1916 748
1568 565
430 684
6652 939
499 564
3762 798
718 302
1863 529
1066 970
205 152
863 420
7522 986
3880 535
4725 489
68 872
17 997
3293 68
1087 993
183 42
5179 973
214 159
493 184
2836 982
7536 33
3762 798
2545 250
828 659
2788 295
3173 40
732 939
2486 710
2242 365
5318 194
318 660
6545 953
98 264
17 134
487 857
17 120
145 385
3 3
3712 590
931 48
2836 982
2087 206
499 564
1369 507
1296 999
5791 919
802 803
646 996
391 60
2345 674
5894 635
7945 579
959 26
1789 761
1182 945
6626 493
3148 120
1296 834
6866 958
285 399
1680 23
7522 986
948 446
366 245
802 803
3483 835
1796 130
1066 970
802 803
5968 931
5083 853
829 382
256 194
1096 485
5320 272
5 5
7842 777
3762 798
7538 277
4401 456
3173 40
366 245
4428 818
179 136
816 34
7363 962
5659 449
3491 474
768 90
659 395
1089 991
1554 762
7737 58
68 853
3320 630
1568 565
205 900
5 5
6100 668
959 26
5215 312
7664 766
1089 991
1296 999
3449 610
134 113
675 184
7350 775
981 184
306 201
5705 211
467 194
467 194
6173 939
3259 87
6293 942
2134 404
1600 38
959 26
1963 310
7619 309
572 385
487 857
1388 530
7656 992
1717 594
6096 938
1789 761
979 101
4311 334
417 637
143 289
2003 632
366 245
66 945
2252 184
7989 801
4225 975
2335 507
1863 529
775 302
205 462
1244 814
7577 377
3965 277
4752 857
7522 986
145 385
736 378
36 184
2936 967
1060 439
7159 292
3029 777
4483 948
1331 718
7947 794
5658 626
981 184
40 850
6545 953
2528 692
1001 483
1181 484
765 174
499 507
3491 474
781 390
1613 729
2923 986
1279 398
3669 277
1114 719
1870 617
142 941
5019 14
346 971
8087 988
671 708
7102 559
379 727
1991 761
2268 663
1296 999
233 865
5318 194
4178 44
134 113
6752 870
5299 882
645 163
1296 834
1733 690
437 853
346 971
1702 8
671 708
3880 535
1220 958
934 673
1082 796
5092 31
6316 917
499 656
337 233
1684 42
948 446
6914 120
640 879
2198 264
371 322
898 994
3762 798
3755 472
346 971
6747 323
1665 586
5291 880
2289 667
7770 978
2846 761
559 264
2517 240
2836 982
7576 990
6330 939
117 99
1287 388
7522 986
6330 939
1959 507
134 113
2000 623
385 897
5619 949
2394 660
36 184
5791 919
7576 990
764 65
736 378
1296 999
1984 611
718 302
671 708
5968 931
3029 777
1885 906
1087 993
2436 857
1870 617
7466 537
1068 478
7931 358
7400 66
963 452
623 290
400 590
5968 931
178 135
119 853
615 985
8012 801
6438 453
4482 836
1392 243
828 659
2866 184
7453 626
6623 761
5467 891
684 111
8171 219
6852 409
340 118
3404 735
2134 20
4085 271
948 446
1257 508
346 971
4107 820
2746 830
2049 429
7337 283
6584 939
3965 654
499 507
6107 574
526 101
4116 334
94 863
2515 939
623 590
7083 976
879 607
3244 79
916 318
145 385
1139 281
22 258
1089 991
17 134
117 99
1139 718
142 941
2846 761
1305 996
2294 464
46 43
7362 984
616 590
335 690
13 432
512 980
3720 326
7392 425
7656 992
40 122
6002 934
221 507
512 980
2846 761
1279 398
3016 326
702 34
1296 834
7650 277
3387 389
7977 744
3916 597
5467 891
524 264
3491 474
5894 635
224 166
7479 920
3882 132
1600 38
5968 931
3720 326
56 591
1284 516
109 293
63 124
2456 288
1279 398
7822 192
1250 504
1244 814
1975 514
1552 589
245 470
1478 546
2089 207
1074 829
879 607
159 123
7522 986
5962 930
967 111
205 462
1478 546
8149 701
68 716
7362 984
5294 881
7175 979
1806 483
823 281
7947 794
1296 834
400 538
3574 857
346 971
1296 834
1722 575
3690 987
7498 438
306 201
7479 920
615 985
871 377
6862 969
7701 70
615 985
5321 682
1066 970
7756 120
400 590
959 308
2454 467
6073 937
6701 961
480 792
6852 409
5905 923
623 590
623 444
671 708
506 56
4266 857
802 803
482 939
1363 240
1087 998
1916 748
671 708
765 174
1087 998
7362 984
782 418
366 245
557 338
782 234
1301 863
959 26
379 727
7427 585
2134 906
402 234
5294 881
6545 953
7577 377
537 891
1076 479
4433 662
410 67
346 971
1066 277
7656 992
3270 759
387 681
2252 184
7479 920
3173 40
17 120
1785 544
417 254
13 432
6752 870
5654 898
76 100
6002 934
5946 927
1296 41
6179 818
3474 585
6252 924
5320 272
1922 833
7453 626
7214 981
1087 993
6367 947
5753 240
227 622
7576 990
615 985
430 144
3395 122
442 987
1087 998
328 96
371 30
7215 941
271 710
1557 563
2697 626
559 264
346 971
382 253
3965 654
919 470
1305 996
3148 710
239 281
4107 820
7815 24
449 587
879 607
17 574
552 277
7778 168
2000 623
7469 22
370 590
6714 846
2454 467
2134 120
5355 254
179 767
7289 121
415 270
6073 937
3762 798
223 418
346 971
7486 933
6002 934
1244 814
3410 349
7175 979
721 358
524 264
442 987
7786 364
5391 865
1296 999
5962 930
3882 132
1023 363
7761 507
4483 948
2615 445
559 264
224 166
3116 654
5179 973
7295 978
359 124
7548 574
487 857
4333 250
8035 325
221 656
2000 623
5977 863
415 270
1101 531
6682 701
3708 972
145 385
7102 559
78 101
1179 475
1257 810
417 637
1775 246
1066 191
94 863
768 111
8079 399
7494 170
898 994
959 26
1828 220
1101 531
142 941
1802 23
5467 891
8139 857
1802 23
144 117
285 209
1657 119
7656 992
790 100
346 971
379 727
385 204
2836 982
6100 668
512 980
2345 674
6100 668
205 900
1049 726
2742 173
3939 345
443 271
6173 939
3762 798
6293 942
1244 814
1284 761
7794 507
671 708
415 269
366 245
6623 761
382 253
7159 292
46 43
225 167
1478 546
442 277
1296 834
39 213
7597 729
8149 701
7522 986
5766 424
5791 919
997 262
6338 939
2003 632
224 166
16 98
3029 777
1870 617
6367 947
2264 591
7466 537
518 673
175 133
5552 748
559 264
7747 253
488 14
410 67
5294 881
3374 701
4946 682
1392 243
179 767
1802 23
5905 923
775 302
1568 565
7576 990
1206 507
782 418
2 2
46 43
311 513
3161 713
2268 663
7882 184
4225 975
6411 941
3180 716
1065 801
5294 881
3762 798
7458 702
981 184
1066 309
384 600
250 430
1671 553
159 123
7336 281
346 450
2264 591
4852 457
539 997
2579 880
1712 277
1607 140
4 498
2110 690
53 215
823 281
278 209
5320 272
365 735
499 922
2788 295
6956 710
1885 906
3636 25
16 98
193 146
7522 986
7576 990
3079 242
6914 120
7936 758
1024 491
6396 997
221 507
7993 91
615 985
1294 470
7806 997
6609 382
7156 725
1244 814
494 758
164 920
963 486
705 368
8212 997
1818 589
557 334
2264 591
205 152
25 939
963 486
7522 986
340 118
16 98
759 384
475 191
94 863
5654 898
3383 770
335 22
7656 992
977 441
359 124
1564 213
346 971
761 997
6128 381
221 656
7412 457
107 906
415 268
7308 857
5791 919
1181 484
379 727
7935 409
7576 990
40 224
5552 120
5320 910
7587 865
2321 951
66 945
1665 586
119 102
835 229
221 507
6862 969
442 277
6701 961
6181 850
6962 886
66 946
2975 570
4725 489
6345 97
4490 532
5348 376
1616 520
1263 309
119 853
221 656
3275 600
7181 456
4225 975
1438 278
1555 562
4096 507
7362 984
184 418
5977 863
3880 535
437 539
400 538
344 233
2003 632
951 412
161 283
250 767
7576 990
7281 455
1692 5
7559 364
2528 692
40 215
256 194
5415 379
6472 0
2268 663
3404 735
7576 990
257 729
2115 184
1066 970
6100 668
4275 723
919 470
7102 559
449 587
3467 338
6626 493
2742 173
1929 627
205 977
4164 908
7102 559
6261 279
171 15
7774 654
547 608
1598 0
3670 556
3173 40
1296 999
196 363
5791 919
2450 801
1019 271
828 659
3252 755
716 209
6179 818
6179 818
2268 663
346 987
2557 697
7561 299
205 462
4752 479
1181 484
42 40
509 298
1060 439
4 498
88 773
2148 412
557 334
117 99
205 462
609 148
221 507
1695 591
7257 199
285 209
8199 702
221 507
7787 857
6470 853
205 462
5320 910
563 710
221 656
2268 663
7541 375
25 939
40 440
1828 211
1066 277
7882 184
271 857
4225 975
119 853
906 366
8168 941
6545 953
3231 308
7547 35
7485 425
8197 299
6100 668
1296 999
2943 359
5905 923
6293 942
6956 710
160 481
1296 834
227 622
221 507
422 995
1296 834
1665 586
66 945
233 504
6002 934
267 470
2797 544
4225 975
3878 701
2000 213
938 824
7531 418
828 659
205 462
1074 829
5791 919
1119 489
3491 474
800 34
3270 759
2846 761
2788 295
193 146
278 399
884 429
1179 475
5294 881
4209 77
3029 777
5577 901
823 718
89 350
1087 998
6983 459
5 5
1296 865
2049 429
145 385
76 100
7764 33
6545 953
6330 939
1692 5
6338 939
346 971
3762 798
346 388
400 590
499 656
5791 919
898 994
1991 761
6866 958
2928 716
2196 23
2434 637
3270 759
1296 999
5665 292
5294 881
6862 969
671 708
76 100
7522 986
1066 450
1392 66
2962 758
2408 863
6554 253
759 514
5669 656
379 727
1973 857
2169 100
484 997
333 450
2000 623
815 145
1181 484
1074 829
1296 999
7947 794
6491 311
537 91
7663 283
7362 984
487 857
3762 798
2079 37
6862 969
1074 829
344 233
623 155
94 863
16 22
285 399
277 857
7930 120
850 415
7362 984
1402 24
2491 262
221 922
7297 983
5294 881
7362 984
7357 65
577 326
6790 634
6253 933
306 201
615 985
5791 919
537 814
3491 474
2399 495
6862 969
7963 587
6330 939
2841 596
2321 951
134 113
5977 863
22 737
512 980
5 5
3800 459
214 159
5894 635
2746 830
4096 507
671 708
997 590
1296 834
1296 999
781 390
148 396
2846 761
3762 798
1802 23
3329 728
49 239
68 687
3029 777
3275 600
2361 952
3491 474
3762 798
16 98
250 767
623 590
5552 710
3483 835
2846 761
422 104
3383 770
2049 429
2408 863
5968 931
7799 513
49 239
2128 578
346 971
205 462
2846 761
1244 814
346 971
1296 999
2 2
7341 281
422 995
2846 761
1096 485
134 113
7844 881
1478 546
721 358
1903 155
6761 963
7091 191
823 281
7186 471
997 590
8141 857
1066 970
205 900
221 507
7835 460
6747 323
912 748
94 863
1111 223
2565 357
3231 308
221 507
130 364
104 771
671 708
175 626
1787 599
7538 277
3880 535
400 590
1250 504
2390 710
1568 565
94 863
1301 863
828 926
2151 413
221 507
895 265
3252 755
94 863
422 995
5299 882
963 452
3146 737
671 708
557 334
119 102
3252 903
745 850
1940 70
402 796
675 184
2788 295
156 656
3483 835
1296 834
5248 878
7611 910
512 980
461 192
346 231
537 68
5552 710
6100 668
2345 674
736 378
218 399
3029 777
600 989
6181 850
4148 822
3275 600
7664 766
6862 969
437 853
774 111
7701 70
774 111
4107 820
5320 272
6862 969
303 328
2697 626
2518 207
181 230
5917 712
36 184
142 941
51 939
3762 798
2671 758
3 3
1997 630
2846 761
2769 219
7326 264
575 235
437 551
5 5
1940 70
346 971
3302 412
6646 120
205 462
415 269
1258 281
5321 682
7624 277
671 708
7664 410
400 262
1220 958
442 277
822 418
224 166
7015 460
526 283
4107 820
134 113
5869 531
1392 66
3491 474
829 863
557 334
1305 996
205 462
411 513
7682 718
6073 937
5791 919
6293 942
5791 919
6945 355
2399 495
4178 421
379 727
1296 999
437 844
1697 520
1856 449
4033 87
6002 934
7389 807
17 33
328 698
56 52
224 166
6100 668
5415 379
1042 943
8177 34
2836 982
1692 5
492 507
430 247
7427 585
411 513
2306 670
7522 986
7576 990
5467 891
5429 507
270 205
346 971
6100 668
6914 120
7806 997
7880 242
164 126
2353 41
1703 281
608 404
1066 450
7156 725
5319 376
6359 939
2557 697
7522 986
285 399
1087 993
95 66
6472 0
437 853
6410 939
214 159
17 585
179 767
5467 891
400 590
6181 850
2746 830
1448 771
7692 850
2517 240
3004 841
197 148
2003 632
327 665
5552 120
615 985
94 863
7486 933
829 120
2476 290
1613 729
3880 535
179 767
615 985
6851 684
4085 472
142 941
17 622
1012 141
557 610
1205 48
346 971
6761 963
5467 891
7952 941
764 274
1663 375
600 219
2491 590
379 727
4137 917
3046 160
5467 891
7656 992
5467 891
8020 996
7522 986
559 264
2196 68
66 945
7083 976
271 857
1802 23
142 941
1652 389
4958 175
2367 174
3491 474
1066 970
4607 710
5467 891
1802 23
45 42
1087 965
3046 443
5415 379
1802 23
1276 479
5669 656
7591 729
1305 996
2899 590
4107 820
2518 207
5320 272
7362 984
4201 401
7271 801
7961 835
1060 439
1244 814
5320 272
6545 953
277 857
76 100
4845 997
499 656
1183 571
145 68
1600 38
496 164
4946 682
736 378
5894 635
3317 150
4609 835
346 971
623 687
6862 969
2196 758
400 262
6253 933
7358 850
1870 617
45 835
7853 277
3312 660
1206 922
2252 184
1024 347
78 101
309 225
205 462
7665 33
196 363
1087 998
46 43
579 50
7664 766
5791 919
7048 564
7271 801
27 27
6828 978
8053 35
7535 574
623 156
6316 917
205 900
1181 484
6622 477
2003 632
3497 456
285 210
309 225
6545 953
84 34
68 758
6002 934
1647 983
4390 134
6223 939
285 209
6748 777
5858 357
7522 986
7796 997
1089 991
118 100
224 166
171 22
1488 710
156 438
1991 761
327 224
559 264
205 900
8006 273
8025 150
3396 262
86 57
768 111
1428 507
8189 380
7479 920
233 626
8130 857
615 985
319 184
5467 891
8149 701
2000 623
1680 23
823 281
1183 571
7175 979
494 758
611 924
6747 323
5107 654
7567 675
422 995
759 514
601 574
2846 761
2365 277
3916 597
134 113
5853 996
7947 794
308 228
2825 457
335 234
1359 396
6770 432
3016 326
3762 798
7271 801
1181 484
15 14
5552 710
366 245
224 166
6862 969
7522 986
3491 474
86 57
7337 283
2268 663
1066 277
118 100
401 264
2777 347
2264 591
1066 758
615 985
1066 970
2441 350
485 290
2528 692
1074 829
6862 969
68 120
7205 857
1973 857
1206 507
1267 170
225 167
1397 492
7759 853
250 430
5894 635
3919 340
422 995
256 194
1401 507
1089 710
5946 927
671 708
4786 314
1820 574
2442 363
1448 771
7486 933
1296 999
5137 438
879 607
490 249
5552 710
1066 277
5654 898
7083 976
2169 100
1250 504
6128 381
7806 997
6179 818
5894 635
1906 87
600 989
4144 807
6669 363
646 319
5791 919
3491 474
2294 464
559 264
1074 829
2003 632
2000 213
1052 473
7576 990
1647 983
858 268
366 245
384 600
2000 623
311 513
2378 184
5467 891
2564 347
5129 701
233 37
1074 829
221 507
1087 993
1134 988
7656 992
2557 697
285 981
3574 857
494 666
7942 794
400 262
1710 338
4490 532
205 152
2788 295
76 100
653 33
429 184
863 420
2978 601
1717 594
2020 290
272 207
623 155
3880 535
2434 637
7914 507
5320 272
7460 507
3720 326
6736 962
224 166
6866 958
482 939
7694 709
586 329
5962 930
1400 534
5294 881
5294 881
429 184
2134 906
7947 794
2825 457
1066 277
5872 470
337 233
104 771
898 994
898 994
600 989
5977 863
646 319
3491 474
898 994
615 985
400 590
3173 40
4707 87
411 513
7309 765
488 14
58 53
6664 656
346 242
506 277
5799 425
224 166
3483 984
335 385
1087 998
221 656
2836 982
205 462
429 184
3472 34
2825 457
1296 865
7503 507
1296 834
7214 981
7301 978
6953 988
6761 963
499 656
1042 943
8148 181
1670 833
1787 599
512 980
117 99
7795 917
1139 711
1124 836
3850 192
1885 364
2488 728
8195 988
4752 857
6367 947
2000 623
224 166
379 727
3813 496
7323 124
346 284
5294 881
1187 507
2697 675
2434 17
1250 504
1787 599
3720 326
3016 326
494 758
5320 272
2468 677
6866 958
6381 456
422 995
6862 969
623 489
8218 995
1789 761
1325 489
346 971
678 471
54 50
3078 293
7895 184
1311 277
1205 48
205 977
40 104
6100 668
2361 952
179 767
7439 277
4154 823
5124 868
884 429
1529 551
959 26
2194 801
7685 410
2361 952
3708 972
205 462
6173 939
6652 939
6213 410
5124 868
7280 455
2394 660
2289 667
6862 969
1863 529
3354 566
17 978
6091 656
2846 761
4107 820
2841 629
366 245
3762 798
267 470
6179 818
4499 857
3114 857
967 111
1086 481
179 767
6747 323
1087 993
627 343
7175 979
1042 943
3491 474
552 277
959 26
93 80
1005 434
646 941
557 334
6293 942
1066 970
252 384
1624 575
2476 290
7264 292
94 863
272 207
7535 574
2345 674
7526 818
7300 290
7428 896
6569 363
1478 546
6179 818
411 513
1181 484
447 567
7664 766
145 385
7271 801
884 429
3762 798
7567 675
422 104
559 264
73 933
879 607
730 375
5273 997
7453 626
512 980
775 302
4803 401
2473 184
2878 120
6545 953
675 184
5791 919
1381 531
58 53
6100 668
7367 635
2068 438
7428 277
1148 551
1863 529
7459 492
2110 121
6367 947
586 329
802 803
8047 610
1590 104
3252 903
346 971
1863 529
16 98
600 989
3275 600
5968 931
94 863
1870 617
7701 70
6862 969
1325 489
1386 44
159 123
7962 626
1478 546
233 983
400 590
1101 531
422 271
578 566
1066 970
3144 939
7545 68
442 277
3252 755
935 758
7416 113
3491 474
683 37
4841 701
1066 758
6179 818
640 879
1296 999
1250 504
1296 834
40 365
2304 281
526 283
278 209
671 708
221 507
221 507
4710 429
5320 272
285 399
224 166
7186 471
4186 758
879 607
2892 375
7522 986
1095 978
56 204
6100 668
318 857
17 765
695 622
8010 48
1284 516
371 322
6367 947
5669 507
7842 777
278 209
2936 967
5791 919
1713 83
1680 507
7486 933
2000 623
5248 878
346 971
6179 818
7513 8
2151 413
3878 701
415 268
3351 687
3275 600
1296 834
5320 272
7206 971
1568 565
2068 438
1264 59
4096 507
1400 534
4085 938
2528 692
4225 975
591 337
134 113
1042 943
884 429
1301 81
327 665
7678 363
498 911
615 985
6766 590
144 177
4085 391
2131 321
557 574
205 462
1058 453
1087 998
1296 999
2115 853
2361 952
7362 984
1613 729
615 985
2399 495
7701 70
600 989
502 249
7610 184
346 450
6252 924
653 33
6367 947
671 708
134 113
3029 777
959 26
1136 507
615 985
3173 40
2777 347
1997 630
6862 969
13 432
965 184
7475 748
1697 39
1296 834
68 853
107 906
145 385
205 462
1296 834
1802 23
270 205
7718 767
51 92
49 239
346 971
171 68
7588 309
2788 295
1296 999
3180 716
2515 939
7522 986
142 978
3225 150
3426 772
1717 594
498 911
94 863
7279 240
6545 953
5299 882
221 492
6184 120
2304 337
335 249
7 835
506 50
94 863
221 958
366 245
591 590
1182 946
7410 853
5905 923
1296 834
277 857
7316 850
7326 264
2024 120
36 184
781 390
346 971
1600 38
114 97
7323 124
2003 632
308 228
1244 814
2518 207
7019 205
948 446
951 412
205 462
1331 122
179 767
7656 992
658 184
220 281
6579 955
124 105
1449 336
3879 411
7692 850
2637 128
1787 599
2518 207
2515 939
224 166
959 26
1952 264
1448 2
5164 174
1296 999
1478 546
1647 983
6113 363
6862 969
951 412
250 767
1680 921
1137 844
5894 635
3474 585
3275 600
7214 981
1089 482
6545 953
371 322
6565 385
541 587
762 125
2825 457
2321 951
346 971
6618 758
1264 857
142 941
169 130
8024 412
7538 987
1296 999
1101 531
1916 748
934 349
7460 656
179 212
449 587
116 763
442 987
17 459
624 344
2268 663
7 0
1244 814
6293 942
6173 939
214 159
1089 991
512 980
6179 818
959 26
1828 211
1179 475
285 399
308 228
7175 979
68 574
997 262
656 326
76 100
5894 635
5894 635
3442 468
7664 766
1624 575
7654 277
6338 939
7620 906
16 98
1179 475
3105 978
1789 761
6579 955
3850 192
2846 761
695 997
959 26
8194 449
1381 531
5299 882
124 105
277 857
5669 507
7666 984
2836 982
7885 37
1547 174
6701 961
476 614
1089 991
5415 379
4481 240
2527 692
636 290
1997 630
5415 379
205 977
6979 380
36 184
7381 645
7678 363
484 975
5962 930
959 26
7995 801
429 184
366 245
1997 630
7083 976
5946 927
6100 668
2196 585
2365 793
7175 979
306 201
782 400
7137 941
3762 798
5320 272
3404 735
1692 5
6736 962
7576 990
5791 919
3708 972
609 461
96 83
88 76
119 441
615 985
4446 864
7520 876
205 462
270 205
1104 150
1562 574
6820 967
1671 553
6739 942
1066 758
3178 134
366 245
3252 903
233 937
3173 40
221 922
1607 822
1488 120
342 237
1101 531
684 111
1076 761
1692 5
221 922
1301 863
2194 477
430 247
1552 589
6330 939
22 116
2557 697
4085 145
1549 390
379 727
7980 626
1478 546
768 90
853 978
4107 820
8130 857
6491 311
221 507
311 215
5124 868
7633 507
4446 864
1023 835
1488 710
422 995
1074 829
6747 323
205 462
1296 999
2345 674
1652 389
7362 984
2304 281
384 600
3491 474
2361 667
46 43
6747 323
1568 565
6171 537
1296 999
2864 382
2151 413
6086 262
7711 659
774 111
6747 323
1296 999
224 166
512 980
7365 184
7271 408
1613 729
4154 823
270 205
3225 150
5968 931
671 708
1182 946
117 99
3916 597
42 40
4583 322
898 994
1629 824
1296 999
2111 554
2528 692
6440 184
938 405
50 72
7362 984
68 794
5299 882
7271 801
2444 247
5415 379
144 117
285 209
2294 464
1087 993
134 113
7486 933
346 971
36 184
3383 770
4107 820
1363 350
7297 983
6252 924
5439 766
109 857
596 66
2565 357
437 853
1629 824
4966 801
6545 953
1501 939
1244 814
1810 105
36 184
1806 579
6385 368
7964 360
224 166
4382 399
343 221
1134 941
7536 364
757 675
2846 761
920 863
5947 590
3029 777
1066 277
6862 969
506 987
2526 363
512 980
6103 626
2252 184
1311 277
6179 818
2812 712
205 977
762 125
4710 429
2000 623
919 470
1089 991
3078 293
1042 943
179 767
422 995
5522 702
3275 600
559 264
346 971
7584 590
51 939
774 111
272 207
7866 729
346 971
1074 829
5216 375
1652 389
5467 891
2517 240
559 264
335 235
559 264
774 111
765 174
476 249
3275 600
335 249
353 240
2515 939
1613 729
3507 12
7479 920
118 100
3491 889
2468 677
1089 991
47 515
197 148
6790 634
5037 554
5467 891
3762 798
7214 981
981 184
1305 996
309 225
512 980
239 281
400 340
205 462
4186 744
4325 924
2000 213
1181 484
195 147
1038 996
346 314
6862 969
3708 972
400 848
1557 563
3085 77
7817 997
3965 58
284 220
6862 969
5467 891
559 264
2345 674
1362 363
306 201
863 420
3395 946
6820 967
1023 835
388 301
7266 97
5998 412
775 302
7994 710
13 432
6614 417
7522 986
145 385
3180 716
430 609
752 470
5 5
3360 23
145 385
3395 122
884 429
6922 186
802 803
4085 918
7999 781
39 111
1448 771
6626 493
1074 829
1657 119
640 879
1521 675
4780 917
7352 220
104 771
169 130
1652 389
7664 766
3752 791
2734 706
1599 917
76 100
3880 535
639 281
177 134
7083 976
898 994
6701 961
68 917
449 188
1005 434
1478 546
1785 544
3252 903
94 863
366 245
443 409
2846 761
3659 781
1647 833
7522 986
7718 767
6100 668
2517 240
640 879
1019 271
1183 571
834 401
615 985
422 995
2697 626
7750 338
80 283
5619 949
1802 23
1802 23
145 385
4225 975
606 363
7413 649
6752 870
4446 864
7798 978
221 922
2394 660
1087 993
6223 939
1181 484
