901 7
2576 16
2544 16
1241 15
1401 9
384 16
1560 9
1704 17
2527 1
1193 14
616 3
3164 16
399 9
1985 13
2702 2
2956 13
729 8
2525 7
3118 9
707 15
553 8
2220 9
1643 13
3251 16
1542 14
642 15
34 16
432 13
1456 19
278 8
1546 16
989 14
1906 5
2371 16
1482 9
341 13
2611 18
498 8
1547 13
3517 4
3165 1
2519 9
3001 9
1812 8
2386 13
1896 16
3559 5
709 4
2361 13
2424 3
1650 15
3074 16
2758 9
3250 9
2360 6
2417 6
1707 8
2092 4
3067 13
2305 15
2878 8
1666 18
3278 15
1438 8
618 15
2197 15
640 17
494 3
2281 13
1953 19
3241 15
1252 16
3007 8
318 9
822 15
2244 3
2064 15
781 3
1594 16
230 8
770 8
1673 15
551 3
923 9
2933 16
862 9
2474 15
534 15
1881 13
2898 5
2953 15
603 16
379 13
3091 5
438 7
1243 8
1949 16
2201 7
1755 13
2904 19
1862 13
380 9
3534 9
1303 16
1825 8
1798 13
2055 4
478 13
733 8
968 13
2628 13
2445 13
2905 18
1672 9
788 13
442 9
529 13
389 3
612 1
1526 13
302 16
3275 16
981 15
2273 9
3179 9
2964 8
2083 9
1865 17
502 16
87 13
2731 13
3409 7
1196 8
1664 9
713 13
63 8
3317 17
721 8
3228 15
980 7
1965 13
1884 13
2116 15
9 2
894 15
1216 16
1675 8
2198 8
2230 16
1842 19
1080 1
2927 3
2464 16
2070 10
2036 15
2232 15
3340 15
3196 3
2752 8
1123 5
3189 13
2658 13
3147 13
1845 15
1061 16
1981 9
1973 4
946 5
1189 6
1891 16
3237 9
2710 15
545 16
1857 14
1713 7
3286 4
420 13
2901 13
1426 14
2843 4
749 2
1837 16
869 5
3057 2
3423 13
2413 15
178 7
1860 18
789 2
3073 7
2582 16
2526 16
2530 16
2750 8
3465 15
2432 9
2339 15
2540 8
225 19
954 9
3424 16
1441 9
2866 9
390 19
47 15
1599 15
1470 13
3427 15
1718 3
2545 8
1996 13
1872 19
3339 9
2423 2
905 16
2142 9
1667 9
1602 19
1449 1
1851 14
1234 19
42 14
226 18
2774 3
2091 13
617 8
1930 9
1260 13
2463 16
1218 9
2913 9
440 13
2374 13
1995 1
2639 1
2680 7
973 9
2869 13
2786 15
2976 19
40 4
3393 13
2451 15
2643 8
3369 8
3083 13
582 15
590 5
3477 13
1262 15
886 15
1531 4
3049 8
579 3
1296 13
1369 15
164 3
777 9
2821 15
2097 13
265 4
1972 16
1330 5
68 9
2988 9
1724 8
1274 15
2105 13
646 3
723 1
1161 19
3476 9
2469 15
1929 13
1350 19
3444 3
1797 14
1447 9
3429 13
171 14
536 10
3525 9
3173 16
3403 13
312 8
3530 10
2849 13
3053 15
1581 5
2918 9
3152 13
2181 15
2141 15
1008 9
2318 15
2965 16
2202 13
955 7
2690 6
2204 15
1688 16
1921 7
2966 9
1140 15
2678 15
1909 13
1129 15
1156 13
2381 15
2264 6
719 15
2677 9
1393 2
643 9
2379 19
1964 8
2287 16
1319 13
1429 16
2106 13
2388 13
2782 8
3076 13
2089 19
1408 8
737 13
1811 15
1936 9
1627 1
605 5
2266 15
512 13
2027 15
1563 16
2912 9
3055 13
1007 9
2457 3
1138 16
1998 7
1054 13
961 13
2528 7
753 16
1382 15
2017 15
2669 13
3293 16
2284 8
188 8
1253 8
978 9
2419 15
4 16
3045 9
2847 14
182 8
758 16
460 15
395 13
1928 15
2572 8
3362 16
3038 15
1633 19
3297 15
3125 9
287 2
1771 16
859 7
1384 9
846 4
2186 7
2351 15
1991 3
3197 8
1534 9
3169 13
1418 13
426 10
3392 9
2513 16
1250 13
790 1
1404 9
933 15
987 10
1605 1
1801 9
2397 9
3161 15
2402 5
1986 3
3554 7
1178 7
2126 9
2716 8
2067 13
1212 18
174 16
746 9
2719 16
1933 3
860 2
491 8
320 13
516 15
3014 13
939 7
340 13
533 13
1564 7
2009 13
3068 8
126 3
1649 15
2925 1
571 16
1669 15
3110 2
2732 9
2583 18
424 16
1944 13
2621 13
1440 15
3222 13
2642 2
405 16
1592 10
2406 19
1679 6
2823 3
587 6
865 13
1386 9
3265 9
1360 8
2798 19
144 2951
526 1763
921 2211
1020 286
1235 2312
1363 345
1372 2619
1381 2392
1385 1261
1422 2661
1428 2614
1442 1628
1506 2647
1533 624
1561 2561
1580 2214
1751 2189
1800 669
2056 1170
2131 2534
2147 147
2158 2905
2168 3440
2272 1200
2301 2136
2354 413
2420 3225
2458 3467
2515 1539
2531 3115
2666 1356
2764 3196
2790 26
2824 3144
2844 348
2882 239
2947 3523
3065 2368
3066 3371
3219 444
3242 3539
3314 2146
3349 2922
3381 320
3458 390
3471 2781
3486 2314
3496 1174
3555 2869
3563 1818
3564 3367
3565 2754
3566 1373
3567 2195
3568 101
3569 2539
3570 945
3571 3261
3572 2341
3573 2737
3574 21
3575 3144
3576 2060
3577 1110
3578 511
3579 1522
3580 2205
3581 867
3582 1758
3583 1404
3584 785
3585 2406
3586 2791
3587 1722
3588 41
3589 2672
3590 1227
3591 3099
3592 2352
3593 2310
3594 3522
3595 834
3596 804
3597 2030
3598 1425
3599 3274
3600 415
3601 1773
3602 3105
3603 192
3604 983
3605 1579
3606 768
3607 1213
3608 2328
3609 100
3610 2126
3611 3102
3612 1795
3613 2403
3614 1260
3615 2734
3616 2356
3617 1769
3618 3337
3619 2959
3620 3184
3621 3121
3622 2262
3623 180
3624 1953
3625 2907
3626 2946
3627 2017
3628 1650
3629 3147
3630 772
3631 3154
3632 2106
3633 1852
3634 3057
3635 1597
3636 34
3637 172
3638 2713
3639 2513
3640 2194
3641 3411
3642 1904
3643 2246
3644 467
3645 553
3646 3231
3647 354
3648 2397
3649 2564
3650 3324
3651 86
3652 2149
3653 1034
3654 1374
3655 1293
3656 2193
3657 673
3658 1364
3659 446
3660 2671
3661 260
3662 2800
3663 2934
3664 1635
3665 110
3666 2681
3667 3530
3668 3535
3669 1663
3670 2214
3671 908
3672 1464
3673 3397
3674 3122
3675 1197
3676 274
3677 1043
3678 999
3679 2209
3680 2541
3681 1612
3682 2673
3683 3507
3684 270
3685 718
3686 2985
3687 710
3688 1591
3689 1666
3690 1374
3691 215
3692 967
3693 52
3694 769
3695 3530
3696 2183
3697 959
3698 2424
3699 2728
3700 2039
3701 803
3702 2373
3703 575
3704 2099
3705 3151
3706 3502
3707 597
3708 2587
3709 2684
3710 1883
3711 985
3712 1728
3713 2274
3714 315
3715 3267
3716 347
3717 1231
3718 3193
3719 1890
3720 3197
3721 948
3722 3316
3723 2065
3724 1566
3725 3405
3726 3114
3727 1499
3728 1444
3729 3408
3730 3150
3731 1714
3732 1068
3733 3089
3734 1128
3735 881
3736 2569
3737 2767
3738 2904
3739 1726
3740 2545
3741 872
3742 1058
3743 3439
3744 831
3745 447
3746 2754
3747 717
3748 2049
3749 835
3750 881
3751 568
3752 675
3753 3270
3754 1684
3755 520
3756 84
3757 2439
3758 3074
3759 2430
3760 96
3761 402
3762 3104
3763 3434
3764 215
3765 252
3766 1501
3767 1082
3768 2133
3769 3270
3770 691
3771 1965
3772 2851
3773 3281
3774 2822
3775 931
3776 109
3777 3343
3778 3002
3779 958
3780 688
3781 1579
3782 2221
3783 271
3784 1484
3785 1413
3786 3416
3787 2558
3788 1193
3789 240
3790 3387
3791 2457
3792 2067
3793 3370
3794 3317
3795 3517
3796 60
3797 681
3798 1568
3799 3282
3800 1124
3801 821
3802 454
3803 293
3804 326
3805 1631
3806 3058
3807 2689
3808 3021
3809 1898
3810 1507
3811 1462
3812 1760
3813 529
3814 1331
3815 885
3816 2697
3817 3388
3818 1916
3819 1596
3820 409
3821 1814
3822 3272
3823 1756
3824 2857
3825 1817
3826 2509
3827 1321
3828 1872
3829 1450
3830 2058
3831 3145
3832 1180
3833 2385
3834 530
3835 2904
3836 151
3837 2125
3838 3329
3839 2060
3840 882
3841 12
3842 2599
3843 48
3844 465
3845 3083
3846 657
3847 2459
3848 1273
3849 1222
3850 1927
3851 3393
3852 1418
3853 2860
3854 3484
3855 3004
3856 1595
3857 2363
3858 3470
3859 1410
3860 697
3861 3443
3862 115
3863 549
3864 287
3865 3007
3866 2637
3867 1562
3868 2442
3869 3322
3870 640
3871 1222
3872 1647
3873 3168
3874 780
3875 3207
3876 244
3877 2115
3878 3080
3879 538
3880 1064
3881 1818
3882 1380
3883 1420
3884 3392
3885 1097
3886 2438
3887 565
3888 1194
3889 3211
3890 2255
3891 2094
3892 2746
3893 1398
3894 663
3895 2196
3896 2697
3897 3055
3898 415
3899 402
3900 273
3901 1937
3902 2990
3903 158
3904 3385
3905 1145
3906 84
3907 1501
3908 394
3909 914
3910 2489
3911 1745
3912 161
3913 2928
3914 597
3915 798
3916 2195
3917 1953
3918 2028
3919 1392
3920 3468
3921 2122
3922 2480
3923 584
3924 2057
3925 2240
3926 2869
3927 1693
3928 222
3929 2736
3930 29
3931 1041
3932 2475
3933 3212
3934 2047
3935 1583
3936 3321
3937 2161
3938 413
3939 2446
3940 793
3941 708
3942 2639
3943 3364
3944 427
3945 3364
3946 3376
3947 2229
3948 2155
3949 1612
3950 3429
3951 69
3952 1383
3953 713
3954 2333
3955 1471
3956 2865
3957 1998
3958 3489
3959 348
3960 720
3961 991
3962 2427
3963 1552
3964 174
3965 2010
3966 23
3967 2526
3968 2141
3969 3477
3970 1386
3971 1672
3972 3200
3973 978
3974 1166
3975 1254
3976 48
3977 1701
3978 918
3979 1577
3980 754
3981 2024
3982 2580
3983 3074
3984 3094
3985 2248
3986 686
3987 2046
3988 2650
3989 2274
3990 642
3991 2979
3992 692
3993 80
3994 585
3995 769
3996 1405
3997 498
3998 201
3999 1597
4000 1081
4001 911
4002 1922
4003 2316
4004 3413
4005 351
4006 3344
4007 3140
4008 897
4009 481
4010 2340
4011 2797
4012 1080
4013 1749
4014 2500
4015 3131
4016 2005
4017 3483
4018 2115
4019 346
4020 3428
4021 1524
4022 1417
4023 1005
4024 2285
4025 1329
4026 442
4027 2890
4028 3442
4029 3501
4030 985
4031 724
4032 2215
4033 1090
4034 1717
4035 332
4036 428
4037 321
4038 2402
4039 3226
4040 1720
4041 1721
4042 1293
4043 2359
4044 3269
4045 789
4046 167
4047 1969
4048 500
4049 2090
4050 2463
4051 1868
4052 1343
4053 1892
4054 3507
4055 1408
4056 2203
4057 2106
4058 1583
4059 2060
4060 3239
4061 3088
4062 3090
4063 1998
4064 1327
4065 764
4066 2711
4067 2608
4068 1614
4069 3269
4070 3220
4071 3185
4072 2019
4073 1551
4074 3421
4075 2125
4076 269
4077 2381
4078 1510
4079 708
4080 2472
4081 1917
4082 383
4083 1355
4084 3299
4085 1312
4086 3333
4087 843
4088 98
4089 2837
4090 3337
4091 2504
4092 855
4093 2526
4094 1894
4095 960
4096 976
4097 2443
4098 1942
4099 1420
4100 134
4101 923
4102 3549
4103 3144
4104 2185
4105 2221
4106 2442
4107 1663
4108 1021
4109 648
4110 887
4111 1295
4112 2201
4113 77
4114 1613
4115 1553
4116 2132
4117 3367
4118 2221
4119 11
4120 2411
4121 2022
4122 1117
4123 3025
4124 2681
4125 802
4126 3340
4127 3412
4128 1290
4129 1291
4130 124
4131 2633
4132 2241
4133 3515
4134 2516
4135 1654
4136 1308
4137 277
4138 634
4139 3454
4140 798
4141 2448
4142 1546
4143 3248
4144 3444
4145 379
4146 848
4147 2901
4148 1319
4149 2180
4150 1009
4151 2261
4152 2748
4153 1359
4154 1304
4155 491
4156 2332
4157 342
4158 524
4159 407
4160 743
4161 3068
4162 3114
4163 2455
4164 1933
4165 2431
4166 595
4167 299
4168 3475
4169 206
4170 1198
4171 3420
4172 3451
4173 1880
4174 2868
4175 246
4176 674
4177 885
4178 2104
4179 2368
4180 2739
4181 2480
4182 1968
4183 533
4184 3258
4185 3497
4186 2799
4187 2339
4188 1329
4189 1837
4190 2001
4191 2142
4192 814
4193 3288
4194 867
4195 295
4196 3061
4197 72
4198 1848
4199 1174
4200 2834
4201 2055
4202 3329
4203 84
4204 1581
4205 2578
4206 857
4207 2653
4208 2773
4209 205
4210 1576
4211 2093
4212 2748
4213 1161
4214 2803
4215 1964
4216 1508
4217 3086
4218 2327
4219 1732
4220 1195
4221 45
4222 1473
4223 3388
4224 3530
4225 2388
4226 1864
4227 1434
4228 1579
4229 339
4230 2408
4231 2342
4232 1087
4233 3552
4234 611
4235 1620
4236 1670
4237 2707
4238 1932
4239 988
4240 28
4241 1037
4242 2397
4243 2015
4244 1136
4245 3027
4246 309
4247 248
4248 2909
4249 1900
4250 1697
4251 15
4252 547
4253 3170
4254 2161
4255 130
4256 1502
4257 3358
4258 2454
4259 1512
4260 1851
4261 1516
4262 980
4263 15
4264 891
4265 3355
4266 2150
4267 1279
4268 2770
4269 904
4270 2836
4271 626
4272 1470
4273 1558
4274 1282
4275 1522
4276 260
4277 907
4278 2359
4279 130
4280 3112
4281 2479
4282 1091
4283 3035
4284 712
4285 764
4286 3222
4287 1230
4288 2058
4289 2814
4290 3178
4291 464
4292 1019
4293 1317
4294 2768
4295 1131
4296 3094
4297 2843
4298 896
4299 666
4300 742
4301 1763
4302 1027
4303 1487
4304 2367
4305 3521
4306 3216
4307 172
4308 3328
4309 2744
4310 1765
4311 1013
4312 673
4313 3457
4314 320
4315 1143
4316 1885
4317 3354
4318 3027
4319 2115
4320 2942
4321 2088
4322 1230
4323 1606
4324 1630
4325 1105
4326 948
4327 1684
4328 1161
4329 3377
4330 1866
4331 2087
4332 2582
4333 1426
4334 2076
4335 42
4336 2759
4337 840
4338 2186
4339 1382
4340 1596
4341 2910
4342 2454
4343 2782
4344 1922
4345 2852
4346 3517
4347 62
4348 951
4349 2483
4350 721
4351 2778
4352 58
4353 3022
4354 3411
4355 559
4356 523
4357 2643
4358 68
4359 247
4360 211
4361 918
4362 2765
4363 2818
4364 1651
4365 1550
4366 902
4367 378
4368 2450
4369 2509
4370 745
4371 371
4372 3044
4373 1458
4374 2633
4375 3448
4376 1106
4377 129
4378 712
4379 1318
4380 2290
4381 2453
4382 934
4383 1581
4384 1627
4385 3422
4386 2788
4387 1843
4388 1875
4389 1899
4390 1940
4391 2502
4392 2663
4393 3547
4394 1302
4395 931
4396 857
4397 474
4398 1782
4399 2018
4400 1102
4401 556
4402 3326
4403 2363
4404 926
4405 1441
4406 1760
4407 2434
4408 421
4409 36
4410 1028
4411 338
4412 3482
4413 238
4414 2162
4415 920
4416 1246
4417 3365
4418 1942
4419 1324
4420 2243
4421 1827
4422 1526
4423 451
4424 584
4425 1681
4426 2373
4427 3023
4428 772
4429 3032
4430 424
4431 3396
4432 953
4433 1875
4434 2448
4435 1899
4436 1166
4437 873
4438 1664
4439 404
4440 2217
4441 1590
4442 103
4443 829
4444 341
4445 3099
4446 3080
4447 1247
4448 3202
4449 1766
4450 302
4451 2463
4452 1290
4453 3183
4454 2073
4455 1037
4456 1446
4457 1287
4458 3419
4459 928
4460 811
4461 1898
4462 3230
4463 3040
4464 1784
4465 2250
4466 1032
4467 1097
4468 1702
4469 3273
4470 1995
4471 245
4472 2548
4473 895
4474 1251
4475 2809
4476 152
4477 411
4478 1174
4479 1119
4480 1019
4481 151
4482 2059
4483 747
4484 24
4485 3326
4486 2161
4487 1748
4488 1527
4489 2342
4490 704
4491 853
4492 422
4493 1826
4494 3300
4495 340
4496 2612
4497 2692
4498 33
4499 3083
4500 2299
4501 2341
4502 2538
4503 2176
4504 3438
4505 2290
4506 3041
4507 3279
4508 2662
4509 3478
4510 1371
4511 2080
4512 221
4514 3350
4515 464
4516 853
4517 792
4518 2867
4519 2945
4520 3515
4521 3541
4522 3099
4523 1217
4524 859
4525 1838
4526 1791
4527 1773
4528 2499
4529 3439
4530 987
4531 1032
4532 2715
4533 2994
4534 363
4535 3088
4536 2440
4537 3152
4538 1779
4539 2905
4540 2045
4541 2099
4542 635
4543 714
4544 1778
4545 687
4546 533
4547 2611
4548 3451
4549 3010
4550 148
4551 56
4552 943
4553 585
4554 1345
4555 3133
4556 1043
4557 1798
4558 1942
4559 3561
4560 1400
4561 2757
4562 563
4563 843
4564 2960
4565 564
4566 841
4567 1508
4568 3042
4569 3171
4570 361
4571 1181
4572 2833
4573 902
4574 2457
4575 256
4576 1257
4577 901
4578 2259
4579 1976
4580 2560
4581 978
4582 2671
4583 30
4584 1390
4585 3479
4586 615
4587 3225
4588 622
4589 1632
4590 808
4591 2387
4592 1308
4593 1503
4594 2660
4595 1301
4596 1242
4597 1628
4598 3479
4599 267
4600 485
4601 3160
4602 874
4603 2907
4604 52
4605 2462
4606 971
4607 1768
4608 3197
4609 1347
4610 1940
4611 2
4612 3342
4613 987
4614 894
4615 1024
4616 2511
4617 1826
4618 2187
4619 454
4620 570
4621 2066
4622 740
4623 2385
4624 2046
4625 1563
4626 1855
4627 1013
4628 816
4629 1136
4630 3087
4631 2962
4632 2160
4633 1736
4634 861
4635 455
4636 1789
4637 211
4638 2227
4639 1398
4640 663
4641 642
4642 2410
4643 2871
4644 2242
4645 2933
4646 3107
4647 2488
4648 399
4649 590
4650 2697
4651 1733
4652 2368
4653 74
4654 2416
4655 161
4656 967
4657 2017
4658 816
4659 1203
4660 2729
4661 2033
4662 413
4663 1877
4664 1941
4665 3406
4666 2475
4667 3183
4668 952
4669 1978
4670 2201
4671 751
4672 430
4673 2047
4674 1117
4675 3404
4676 2761
4677 841
4678 3340
4679 967
4680 990
4681 3134
4682 1732
4683 439
4684 1721
4685 2525
4686 1386
4687 3507
4688 2660
4689 1901
4690 1494
4691 77
4692 342
4693 3543
4694 2688
4695 387
4696 63
4697 880
4698 1287
4699 512
4700 1534
4701 2763
4702 103
4703 703
4704 902
4705 2894
4706 2547
4707 471
4708 850
4709 239
4710 350
4711 169
4712 3145
4713 1289
4714 522
4715 2358
4716 1069
4717 273
4718 1750
4719 2675
4720 3304
4721 1568
4722 925
4723 3556
4724 962
4725 3080
4726 147
4727 1136
4728 2634
4729 1447
4730 2108
4731 1525
4732 3428
4733 1417
4734 897
4735 2513
4736 30
4737 1948
4738 3524
4739 369
4740 3002
4741 1888
4742 3270
4743 665
4744 812
4745 2959
4746 494
4747 1813
4748 860
4749 2251
4750 2334
4751 2527
4752 46
4753 641
4754 607
4755 352
4756 2828
4757 25
4758 2227
4759 1402
4760 1016
4761 1025
4762 1143
4763 1398
4764 1465
4765 220
4766 3104
4767 592
4768 2377
4769 1633
4770 2066
4771 729
4772 255
4773 398
4774 1838
4775 28
4776 941
4777 2110
4778 1739
4779 3561
4780 465
4781 1380
4782 638
4783 1424
4784 2249
4785 261
4786 994
4787 430
4788 3037
4789 2079
4790 1339
4791 1794
4792 1894
4793 1185
4794 1333
4795 2954
4796 969
4797 2172
4798 639
4799 70
4800 1677
4801 380
4802 2556
4803 3461
4804 1888
4805 2135
4806 2092
4807 1365
4808 870
4809 257
4810 828
4811 48
4812 334
4813 283
4814 1672
4815 794
4816 300
4817 3431
4818 1030
4819 1836
4820 1634
4821 3410
4822 2477
4823 1438
4824 2453
4825 2498
4826 40
4827 3064
4828 1107
4829 3318
4830 1256
4831 2576
4832 2280
4833 159
4834 82
4835 629
4836 2163
4837 2082
4838 103
4839 1051
4840 1919
4841 955
4842 101
4843 154
4844 896
4845 1111
4846 975
4847 2148
4848 2982
4849 92
4850 896
4851 698
4852 461
4853 650
4854 2243
4855 2409
4856 1198
4857 102
4858 71
4859 3514
4860 2400
4861 2450
4862 1461
4863 53
4864 353
4865 2072
4866 2690
4867 3111
4868 2950
4869 2076
4870 421
4871 2894
4872 2114
4873 1165
4874 1187
4875 1825
4876 650
4877 2710
4878 2625
4879 1185
4880 423
4881 471
4882 650
4883 222
4884 3545
4885 1108
4886 2768
4887 1029
4888 518
4889 3201
4890 3338
4891 3466
4892 1856
4893 2438
4894 2277
4895 1169
4896 2898
4897 136
4898 534
4899 3509
4900 379
4901 2549
4902 1006
4903 1284
4904 499
4905 1715
4906 2098
4907 437
4908 2432
4909 3519
4910 251
4911 2713
4912 651
4913 2570
4914 311
4915 1306
4916 199
4917 404
4918 2927
4919 2716
4920 3519
4921 1477
4922 1324
4923 516
4924 100
4925 2791
4926 1222
4927 782
4928 47
4929 1270
4930 2538
4931 3214
4932 1574
4933 2026
4934 1008
4935 2159
4936 972
4937 299
4938 3445
4939 1511
4940 1912
4941 948
4942 565
4943 1340
4944 3185
4945 3149
4946 2409
4947 1397
4948 682
4949 2516
4950 743
4951 1982
4952 2530
4953 452
4954 2220
4955 1649
4956 2457
4957 340
4958 1214
4959 1415
4960 2191
4961 995
4962 631
4963 2313
4964 963
4965 1480
4966 3389
4967 591
4968 2667
4969 2973
4970 2528
4971 1852
4972 3037
4973 3059
4974 1323
4975 3014
4976 101
4977 1338
4978 2548
4979 3229
4980 3151
4981 3126
4982 695
4983 1922
4984 1134
4985 2385
4986 126
4987 945
4988 903
4989 1122
4990 1246
4991 1575
4992 2085
4993 501
4994 1370
4995 3506
4996 1165
4997 792
4998 793
4999 2175
5000 468
5001 737
5002 79
5003 917
5004 2553
5005 2351
5006 3328
5007 2038
5008 2192
5009 2642
5010 1414
5011 1806
5012 423
5013 941
5014 2773
5015 559
5016 957
5017 2593
5018 2129
5019 966
5020 2706
5021 3560
5022 525
5023 1967
5024 2654
5025 684
5026 2833
5027 2316
5028 1629
5029 2661
5030 1351
5031 2514
5032 1624
5033 3284
5034 896
5035 3250
5036 2527
5037 162
5038 2296
5039 817
5040 619
5041 759
5042 3543
5043 1095
5044 2480
5045 3000
5046 170
5047 2199
5048 250
5049 380
5050 3397
5051 2618
5052 254
5053 1709
5054 1198
5055 3384
5056 1245
5057 2924
5058 2591
5059 2461
5060 2915
5061 3182
5062 3033
5063 2613
5064 3390
5065 2659
5066 1299
5067 76
5068 2279
5069 138
5070 379
5071 3360
5072 2736
5073 22
5074 2327
5075 132
5076 813
5077 1613
5078 2200
5079 3203
5080 588
5081 218
5082 1336
5083 1841
5084 2074
5085 1220
5086 2203
5087 2923
5088 3268
5089 3321
5090 379
5091 1145
5092 1670
5093 1575
5094 1220
5095 2813
5096 359
5097 1961
5098 851
5099 1831
5100 3546
5101 1510
5102 446
5103 3359
5104 1017
5105 1420
5106 2379
5107 826
5108 944
5109 871
5110 1259
5111 2504
5112 20
5113 2302
5114 2405
5115 3200
5116 1702
5117 1157
5118 2134
5119 2617
5120 2369
5121 2974
5122 56
5123 376
5124 570
5125 1115
5126 3351
5127 2052
5128 1120
5129 2128
5130 1355
5131 447
5132 680
5133 335
5134 1341
5135 3344
5136 886
5137 2592
5138 83
5139 1994
5140 3333
5141 1879
5142 2445
5143 1878
5144 3190
5145 2849
5146 660
5147 95
5148 3180
5149 2216
5150 2656
5151 1046
5152 2814
5153 938
5154 22
5155 3005
5156 2372
5157 3287
5158 3456
5159 3053
5160 2598
5161 1202
5162 1797
5163 3134
5164 1944
5165 2881
5166 2115
5167 3443
5168 3556
5169 2834
5170 2973
5171 3244
5172 477
5173 2744
5174 3316
5175 1411
5176 125
5177 1436
5178 2830
5179 3552
5180 346
5181 1327
5182 3120
5183 2242
5184 2499
5185 2194
5186 2745
5187 1055
5188 1870
5189 2181
5190 2546
5191 1312
5192 1413
5193 2076
5194 2356
5195 1988
5196 2798
5197 2329
5198 2942
5199 1266
5200 623
5201 1582
5202 2436
5203 1424
5204 716
5205 30
5206 2477
5207 1182
5208 1100
5209 3135
5210 107
5211 3248
5212 1393
5213 1808
5214 3470
5215 1637
5216 1650
5217 3346
5218 2637
5219 3137
5220 1989
5221 229
5222 411
5223 286
5224 2556
5225 1729
5226 125
5227 2503
5228 2376
5229 2731
5230 846
5231 1932
5232 3220
5233 2569
5234 128
5235 2950
5236 479
5237 3469
5238 185
5239 1831
5240 3089
5241 1823
5242 2879
5243 1448
5244 472
5245 2550
5246 2246
5247 2555
5248 3123
5249 2123
5250 1014
5251 2484
5252 2557
5253 794
5254 2294
5255 2502
5256 2945
5257 1881
5258 603
5259 1417
5260 855
5261 2465
5262 2292
5263 2092
5264 3404
5265 1454
5266 180
5267 2355
5268 136
5269 96
5270 3441
5271 216
5272 1295
5273 3307
5274 863
5275 143
5276 2940
5277 1787
5278 2472
5279 977
5280 2436
5281 648
5282 1218
5283 2010
5284 356
5285 390
5286 510
5287 1179
5288 742
5289 1977
5290 3068
5291 2707
5292 1315
5293 1586
5294 2356
5295 108
5296 405
5297 1717
5298 2951
5299 1468
5300 2220
5301 1795
5302 1863
5303 3208
5304 3058
5305 2618
5306 161
5307 1507
5308 1622
5309 1
5310 1394
5311 1956
5312 2039
5313 1653
5314 2479
5315 1393
5316 1660
5317 336
5318 717
5319 1306
5320 961
5321 1921
5322 1373
5323 211
5324 1784
5325 2715
5326 2118
5327 2570
5328 2479
5329 1729
5330 2683
5331 1259
5332 749
5333 3360
5334 826
5335 1698
5336 1106
5337 2349
5338 158
5339 2521
5340 2642
5341 692
5342 83
5343 1392
5344 565
5345 503
5346 146
5347 2796
5348 937
5349 1656
5350 1000
5351 997
5352 724
5353 2440
5354 1256
5355 864
5356 1025
5357 1042
5358 1594
5359 297
5360 1322
5361 3255
5362 2857
5363 2047
5364 1849
5365 1249
5366 2212
5367 2244
5368 1297
5369 1052
5370 319
5371 1146
5372 915
5373 2300
5374 3179
5375 2261
5376 790
5377 128
5378 1047
5379 1545
5380 1390
5381 754
5382 2574
5383 1536
5384 1682
5385 3357
5386 2355
5387 2810
5388 2410
5389 1529
5390 1124
5391 2110
5392 1841
5393 2888
5394 64
5395 2424
5396 2192
5397 3085
5398 2654
5399 83
5400 116
5401 2189
5402 3154
5403 1183
5404 964
5405 1601
5406 2408
5407 948
5408 2319
5409 1030
5410 976
5411 3431
5412 829
5413 1295
5414 967
5415 3395
5416 2951
5417 2046
5418 1841
5419 1509
5420 1571
5421 2367
5422 640
5423 1087
5424 877
5425 290
5426 1248
5427 3024
5428 2337
5429 3527
5430 2714
5431 1591
5432 2242
5433 1903
5434 2798
5435 1546
5436 3196
5437 3451
5438 544
5439 2276
5440 1068
5441 403
5442 1963
5443 771
5444 3061
5445 2872
5446 2983
5447 2825
5448 725
5449 627
5450 55
5451 981
5452 547
5453 1829
5454 1192
5455 2988
5456 2397
5457 532
5458 823
5459 3030
5460 16
5461 795
5462 473
5463 1832
5464 2517
5465 332
5466 3353
5467 2502
5468 892
5469 3324
5470 2698
5471 2734
5472 3043
5473 970
5474 3529
5475 3541
5476 1830
5477 2286
5478 3039
5479 2669
5480 2169
5481 2919
5482 2922
5483 3063
5484 1391
5485 2955
5486 1819
5487 2138
5488 265
5489 3058
5490 69
5491 350
5492 3126
5493 845
5494 1675
5495 540
5496 486
5497 997
5498 1870
5499 3532
5500 2966
5501 1069
5502 713
5503 1215
5504 1148
5505 2645
5506 914
5507 3539
5508 2150
5509 663
5510 3287
5511 3284
5512 884
5513 2519
5514 1615
5515 1954
5516 1645
5517 1401
5518 491
5519 211
5520 2330
5521 1149
5522 3174
5523 2249
5524 297
5525 424
5526 1734
5527 2558
5528 2436
5529 872
5530 357
5531 358
5532 3427
5533 1357
5534 1812
5535 2372
5536 2736
5537 399
5538 2818
5539 3510
5540 1624
5541 2055
5542 1704
5543 1516
5544 1770
5545 2941
5546 2788
5547 1364
5548 2560
5549 2627
5550 519
5551 2434
5552 1953
5553 334
5554 1968
5555 2188
5556 298
5557 2207
5558 642
5559 2041
5560 609
5561 2406
5562 48
5563 2697
5564 3015
5565 425
5566 3224
5567 248
5568 2758
5569 2069
5570 1716
5571 867
5572 2143
5573 2558
5574 1585
5575 548
5576 1447
5577 2061
5578 1370
5579 1120
5580 1416
5581 2043
5582 1945
5583 1645
5584 1820
5585 167
5586 1802
5587 2730
5588 1202
5589 502
5590 319
5591 2096
5592 2001
5593 940
5594 2261
5595 1685
5596 2705
5597 1918
5598 1927
5599 1674
5600 1013
5601 1824
5602 530
5603 248
5604 466
5605 890
5606 1543
5607 1983
5608 3524
5609 939
5610 2673
5611 3495
5612 3220
5613 1097
5614 335
5615 425
5616 1450
5617 2749
5618 2785
5619 2710
5620 2273
5621 2689
5622 3481
5623 2558
5624 3465
5625 2789
5626 644
5627 7
5628 2358
5629 2385
5630 2945
5631 717
5632 2315
5633 3173
5634 3308
5635 3063
5636 790
5637 3449
5638 1171
5639 1834
5640 3433
5641 3469
5642 462
5643 1379
5644 2621
5645 281
5646 1568
5647 2074
5648 3330
5649 1741
5650 1452
5651 1876
5652 3323
5653 2562
5654 1960
5655 3225
5656 2345
5657 3431
5658 2415
5659 2238
5660 3212
5661 1213
5662 1402
5663 3510
5664 1780
5665 3362
5666 2563
5667 206
5668 690
5669 281
5670 3463
5671 167
5672 2145
5673 2436
5674 2851
5675 2517
5676 3559
5677 2480
5678 54
5679 966
5680 3085
5681 2855
5682 3443
5683 845
5684 1019
5685 1606
5686 179
5687 3427
5688 1843
5689 2309
5690 2098
5691 299
5692 58
5693 2049
5694 1353
5695 313
5696 1268
5697 3172
5698 2097
5699 204
5700 2012
5701 711
5702 2298
5703 3287
5704 3211
5705 355
5706 1667
5707 131
5708 2995
5709 1061
5710 1414
5711 2280
5712 2204
5713 1162
5714 101
5715 3076
5716 2343
5717 2401
5718 2058
5719 140
5720 348
5721 1809
5722 376
5723 2710
5724 412
5725 3303
5726 1490
5727 2337
5728 1901
5729 2740
5730 591
5731 3187
5732 1622
5733 867
5734 945
5735 3328
5736 2276
5737 307
5738 790
5739 2388
5740 253
5741 1852
5742 366
5743 1454
5744 3210
5745 1086
5746 68
5747 2053
5748 1531
5749 3394
5750 1752
5751 54
5752 1564
5753 2328
5754 1689
5755 1402
5756 1169
5757 2589
5758 948
5759 948
5760 1098
5761 1636
5762 1025
5763 2277
5764 1825
5765 1520
5766 1357
5767 767
5768 2768
5769 979
5770 2742
5771 198
5772 3437
5773 2428
5774 659
5775 1535
5776 2359
5777 2404
5778 2014
5779 896
5780 3085
5781 89
5782 768
5783 1967
5784 1166
5785 1914
5786 1518
5787 2730
5788 1642
5789 2545
5790 1494
5791 2162
5792 3552
5793 266
5794 3325
5795 2467
5796 1129
5797 227
5798 1936
5799 1523
5800 3536
5801 1129
5802 6
5803 1452
5804 2475
5805 418
5806 3305
5807 2346
5808 3186
5809 402
5810 2621
5811 630
5812 393
5813 3273
5814 2987
5815 656
5816 3476
5817 2221
5818 3427
5819 797
5820 2009
5821 122
5822 1404
5823 2960
5824 178
5825 3374
5826 2484
5827 2157
5828 2410
5829 2610
5830 1874
5831 3059
5832 2500
5833 1918
5834 2413
5835 3252
5836 341
5837 1518
5838 707
5839 2212
5840 538
5841 2183
5842 1673
5843 2886
5844 281
5845 754
5846 2450
5847 2739
5848 432
5849 2577
5850 3371
5851 1770
5852 15
5853 413
5854 807
5855 1665
5856 1804
5857 1410
5858 2011
5859 457
5860 3379
5861 3256
5862 1476
5863 1993
5864 1051
5865 1191
5866 1016
5867 218
5868 2314
5869 1502
5870 2402
5871 2285
5872 1134
5873 1081
5874 2402
5875 1934
5876 2210
5877 3206
5878 2636
5879 110
5880 949
5881 2853
5882 1806
5883 3345
5884 2987
5885 256
5886 1376
5887 3323
5888 2567
5889 3050
5890 2980
5891 1900
5892 3075
5893 251
5894 1404
5895 1292
5896 1566
5897 2757
5898 2197
5899 3261
5900 3478
5901 1439
5902 1171
5903 2171
5904 1303
5905 697
5906 1472
5907 2091
5908 364
5909 2819
5910 3053
5911 2605
5912 3526
5913 2464
5914 1085
5915 2965
5916 442
5917 491
5918 2957
5919 1369
5920 1210
5921 2921
5922 2266
5923 522
5924 2946
5925 2823
5926 3549
5927 3277
5928 2128
5929 96
5930 2136
5931 3256
5932 1265
5933 720
5934 377
5935 2640
5936 1210
5937 1196
5938 3428
5939 1938
5940 1336
5941 2705
5942 2798
5943 1398
5944 1720
5945 3315
5946 92
5947 2929
5948 506
5949 1315
5950 1485
5951 2752
5952 796
5953 8
5954 47
5955 3511
5956 165
5957 3477
5958 600
5959 1524
5960 1331
5961 3421
5962 101
5963 813
5964 2268
5965 3162
5966 2278
5967 2992
5968 2616
5969 1459
5970 2629
5971 1354
5972 1703
5973 1747
5974 1380
5975 923
5976 1818
5977 1212
5978 809
5979 1903
5980 919
5981 1133
5982 3530
5983 2265
5984 191
5985 1576
5986 1426
5987 3041
5988 83
5989 1216
5990 822
5991 586
5992 398
5993 1820
5994 1611
5995 3215
5996 1586
5997 76
5998 2199
5999 185
6000 2055
6001 3028
6002 305
6003 1000
6004 2017
6005 2472
6006 1437
6007 514
6008 463
6009 1512
6010 3209
6011 3163
6012 2571
6013 2860
6014 355
6015 2631
6016 29
6017 458
6018 2492
6019 878
6020 1400
6021 2968
6022 1380
6023 2073
6024 560
6025 3030
6026 448
6027 2542
6028 1286
6029 2566
6030 2477
6031 2422
6032 3268
6033 1780
6034 2437
6035 9
6036 2726
6037 3156
6038 1866
6039 1418
6040 82
6041 1343
6042 111
6043 699
6044 2876
6045 587
6046 238
6047 2022
6048 1736
6049 829
6050 1207
6051 1692
6052 3276
6053 3032
6054 3304
6055 972
6056 677
6057 1164
6058 851
6059 491
6060 610
6061 1747
6062 2409
6063 2351
6064 1978
6065 2091
6066 2756
6067 380
6068 3037
6069 684
6070 117
6071 662
6072 1635
6073 3497
6074 3562
6075 1749
6076 1966
6077 3022
6078 257
6079 1985
6080 3092
6081 1164
6082 2830
6083 181
6084 2814
6085 338
6086 3368
6087 2945
6088 982
6089 787
6090 569
6091 1911
6092 1985
6093 255
6094 1610
6095 862
6096 1300
6097 2031
6098 1029
6099 2700
6100 2066
6101 2875
6102 2696
6103 1300
6104 1998
6105 885
6106 3546
6107 2087
6108 832
6109 708
6110 693
6111 3009
6112 1996
6113 3399
6114 43
6115 2287
6116 897
6117 1883
6118 6
6119 3334
6120 341
6121 1762
6122 3044
6123 1594
6124 2819
6125 157
6126 1472
6127 1641
6128 2355
6129 1062
6130 3072
6131 3561
6132 430
6133 1432
6134 106
6135 474
6136 937
6137 3120
6138 2000
6139 90
6140 1839
6141 2875
6142 1603
6143 2349
6144 949
6145 343
6146 463
6147 786
6148 2987
6149 1805
6150 2177
6151 2323
6152 2044
6153 2108
6154 2073
6155 3315
6156 1961
6157 1828
6158 235
6159 1798
6160 3196
6161 2273
6162 2203
6163 2543
6164 781
6165 2593
6166 552
6167 2711
6168 2740
6169 1782
6170 1669
6171 3003
6172 83
6173 232
6174 1993
6175 2358
6176 360
6177 1205
6178 1778
6179 3437
6180 422
6181 2600
6182 548
6183 2018
6184 3093
6185 1160
6186 793
6187 2129
6188 3372
6189 2490
6190 868
6191 1991
6192 2484
6193 1953
6194 111
6195 1986
6196 900
6197 1330
6198 3112
6199 3403
6200 2010
6201 3331
6202 1814
6203 910
6204 3010
6205 3290
6206 1046
6207 1568
6208 642
6209 1355
6210 413
6211 3424
6212 991
6213 1666
6214 3130
6215 1940
6216 2112
6217 187
6218 1816
6219 2670
6220 1628
6221 2589
6222 2841
6223 3220
6224 949
6225 2383
6226 1070
6227 308
6228 709
6229 2164
6230 1022
6231 529
6232 3521
6233 3434
6234 505
6235 3142
6236 182
6237 38
6238 3543
6239 1495
6240 3212
6241 1889
6242 1360
6243 2417
6244 711
6245 2404
6246 985
6247 735
6248 3514
6249 3087
6250 2335
6251 1930
6252 2095
6253 368
6254 1930
6255 3423
6256 346
6257 543
6258 2682
6259 1449
6260 767
6261 2442
6262 2719
6263 3228
6264 3537
6265 2346
6266 722
6267 1815
6268 1638
6269 2572
6270 1540
6271 862
6272 1346
6273 1706
6274 1450
6275 1889
6276 457
6277 1585
6278 3451
6279 1002
6280 1157
6281 1577
6282 181
6283 859
6284 2157
6285 1788
6286 1648
6287 2778
6288 3118
6289 2996
6290 1819
6291 1786
6292 1078
6293 36
6294 1960
6295 1890
6296 1903
6297 2006
6298 961
6299 281
6300 1108
6301 1666
6302 1904
6303 3251
6304 1054
6305 1175
6306 1005
6307 1617
6308 1202
6309 1538
6310 2739
6311 991
6312 2083
6313 2913
6314 57
6315 420
6316 1279
6317 1499
6318 266
6319 1602
6320 2540
6321 3067
6322 1668
6323 1206
6324 22
6325 2347
6326 474
6327 2634
6328 415
6329 885
6330 1408
6331 1572
6332 945
6333 3203
6334 1982
6335 760
6336 2741
6337 2138
6338 693
6339 1498
6340 2913
6341 432
6342 3208
6343 2108
6344 2961
6345 2868
6346 1917
6347 438
6348 2846
6349 2798
6350 1400
6351 2022
6352 2066
6353 1898
6354 2257
6355 357
6356 1486
6357 2810
6358 624
6359 2
6360 1499
6361 1606
6362 610
6363 967
6364 695
6365 1546
6366 3043
6367 3365
6368 3060
6369 1026
6370 216
6371 534
6372 2008
6373 2234
6374 1875
6375 1230
6376 1287
6377 2474
6378 346
6379 2184
6380 1430
6381 1039
6382 969
6383 782
6384 719
6385 1977
6386 3407
6387 1499
6388 2264
6389 3241
6390 2822
6391 2190
6392 2906
6393 2619
6394 3195
6395 2194
6396 617
6397 554
6398 1459
6399 8
6400 1870
6401 372
6402 3025
6403 1551
6404 3424
6405 720
6406 1843
6407 1064
6408 352
6409 2108
6410 2525
6411 1085
6412 697
6413 1778
6414 621
6415 1211
6416 3427
6417 707
6418 3159
6419 437
6420 1416
6421 3298
6422 3239
6423 3092
6424 903
6425 1747
6426 1746
6427 485
6428 570
6429 2700
6430 2349
6431 486
6432 1047
6433 1924
6434 42
6435 396
6436 3254
6437 3048
6438 1992
6439 1927
6440 73
6441 2482
6442 2106
6443 278
6444 503
6445 3521
6446 180
6447 1116
6448 458
6449 54
6450 545
6451 2810
6452 3150
6453 287
6454 466
6455 1491
6456 3370
6457 3038
6458 3373
6459 3544
6460 2425
6461 535
6462 1148
6463 66
6464 2833
6465 339
6466 649
6467 971
6468 1951
6469 1394
6470 3024
6471 3559
6472 2738
6473 873
6474 795
6475 2538
6476 1898
6477 2900
6478 6
6479 344
6480 750
6481 516
6482 2828
6483 1817
6484 822
6485 1795
6486 2728
6487 3268
6488 109
6489 1269
6490 3158
6491 3411
6492 341
6493 1383
6494 376
6495 3252
6496 3222
6497 3163
6498 2803
6499 2297
6500 3422
6501 3302
6502 911
6503 1297
6504 1848
6505 1877
6506 1749
6507 3002
6508 3488
6509 2808
6510 122
6511 3204
6512 1990
6513 3375
6514 3243
6515 3440
6516 272
6517 2593
6518 2786
6519 2425
6520 3140
6521 2717
6522 1708
6523 2962
6524 868
6525 1475
6526 2132
6527 1250
6528 412
6529 2655
6530 2757
6531 3509
6532 1547
6533 1301
6534 725
6535 1153
6536 2305
6537 1629
6538 1410
6539 1757
6540 3439
6541 3252
6542 1895
6543 2866
6544 179
6545 3539
6546 822
6547 2106
6548 3299
6549 2968
6550 480
6551 2698
6552 950
6553 2470
6554 1770
6555 1746
6556 1343
6557 3548
6558 1730
6559 2820
6560 3178
6561 2248
6562 2964
6563 627
6564 2851
6565 2692
6566 1224
6567 3550
6568 2933
6569 3213
6570 3507
6571 950
6572 3503
6573 621
6574 1446
6575 186
6576 2802
6577 2635
6578 1256
6579 3339
6580 2539
6581 1685
6582 101
6583 2745
6584 1369
6585 383
6586 2199
6587 2760
6588 1634
6589 797
6590 3041
6591 2609
6592 2969
6593 1292
6594 3318
6595 2438
6596 1393
6597 2826
6598 1418
6599 2093
6600 929
6601 306
6602 1823
6603 1654
6604 3485
6605 1857
6606 2854
6607 1411
6608 2223
6609 1058
6610 1145
6611 1815
6612 3196
6613 2761
6614 162
6615 602
6616 2371
6617 966
6618 1248
6619 2670
6620 3334
6621 1515
6622 2104
6623 2640
6624 3141
6625 2584
6626 1162
6627 10
6628 3503
6629 1305
6630 2363
6631 890
6632 1127
6633 2305
6634 997
6635 925
6636 600
6637 2751
6638 1892
6639 1804
6640 620
6641 3320
6642 1983
6643 336
6644 700
6645 1421
6646 1115
6647 2807
6648 1206
6649 2436
6650 3113
6651 1866
6652 1944
6653 2875
6654 2052
6655 2399
6656 1745
6657 1327
6658 684
6659 2291
6660 880
6661 2818
6662 810
6663 834
6664 3032
6665 671
6666 1822
6667 388
6668 2226
6669 2977
6670 1179
6671 1667
6672 478
6673 2603
6674 2114
6675 2297
6676 2281
6677 2283
6678 1210
6679 2229
6680 914
6681 1033
6682 2410
6683 2361
6684 3030
6685 3089
6686 469
6687 3440
6688 1776
6689 1010
6690 569
6691 1129
6692 3226
6693 2233
6694 190
6695 1646
6696 3091
6697 2179
6698 2878
6699 1261
6700 893
6701 2628
6702 636
6703 1412
6704 1802
6705 437
6706 3002
6707 1341
6708 489
6709 573
6710 2851
6711 1492
6712 1781
6713 1606
6714 2493
6715 1952
6716 1483
6717 2407
6718 1905
6719 2089
6720 1388
6721 1468
6722 1394
6723 111
6724 1558
6725 441
6726 2832
6727 3093
6728 410
6729 1947
6730 2405
6731 725
6732 1809
6733 848
6734 504
6735 1931
6736 588
6737 800
6738 1976
6739 1097
6740 644
6741 3436
6742 382
6743 268
6744 1003
6745 3082
6746 2767
6747 2541
6748 3269
6749 528
6750 2021
6751 2230
6752 224
6753 3107
6754 1684
6755 2533
6756 3547
6757 1708
6758 903
6759 3247
6760 1865
6761 96
6762 28
6763 3139
6764 2465
6765 544
6766 2276
6767 3260
6768 2274
6769 1268
6770 2523
6771 2596
6772 1882
6773 2352
6774 2404
6775 1071
6776 2547
6777 2138
6778 173
6779 2976
6780 3133
6781 3462
6782 186
6783 535
6784 1272
6785 2984
6786 192
6787 836
6788 2980
6789 904
6790 1745
6791 1890
6792 2033
6793 1328
6794 569
6795 2831
6796 69
6797 236
6798 185
6799 3556
6800 1917
6801 2431
6802 1347
6803 188
6804 3217
6805 2503
6806 154
6807 269
6808 3263
6809 592
6810 471
6811 2275
6812 1865
6813 706
6814 3411
6815 1990
6816 2226
6817 519
6818 2018
6819 830
6820 3075
6821 3355
6822 3504
6823 2195
6824 1361
6825 2377
6826 1623
6827 364
6828 2890
6829 1726
6830 1785
6831 1269
6832 1157
6833 1142
6834 1862
6835 1493
6836 3204
6837 200
6838 637
6839 1597
6840 2290
6841 3011
6842 3161
6843 1621
6844 831
6845 2140
6846 1459
6847 980
6848 2855
6849 284
6850 2222
6851 845
6852 552
6853 1562
6854 140
6855 1338
6856 556
6857 2765
6858 2868
6859 2461
6860 2601
6861 2730
6862 2227
6863 2981
6864 579
6865 888
6866 1152
6867 2652
6868 3258
6869 1336
6870 109
6871 1865
6872 1737
6873 3420
6874 669
6875 1191
6876 1943
6877 3125
6878 3476
6879 1503
6880 2958
6881 1334
6882 1438
6883 2897
6884 1845
6885 1711
6886 3352
6887 3046
6888 1414
6889 453
6890 2212
6891 2990
6892 2002
6893 65
6894 2862
6895 1346
6896 2991
6897 3515
6898 1747
6899 993
6900 421
6901 67
6902 1845
6903 1387
6904 1004
6905 2516
6906 2560
6907 2460
6908 1338
6909 1045
6910 485
6911 413
6912 1510
6913 1907
6914 2300
6915 2362
6916 483
6917 3204
6918 1885
6919 103
6920 1786
6921 3164
6922 1138
6923 1425
6924 1162
6925 3443
6926 291
6927 2588
6928 3545
6929 2630
6930 531
6931 2012
6932 1881
6933 731
6934 2670
6935 665
6936 2705
6937 747
6938 248
6939 799
6940 696
6941 3267
6942 1717
6943 2090
6944 912
6945 8
6946 2627
6947 3215
6948 947
6949 3485
6950 3382
6951 556
6952 3320
6953 3463
6954 1743
6955 2406
6956 2221
6957 3455
6958 977
6959 1686
6960 216
6961 2071
6962 2162
6963 1352
6964 1928
6965 1306
6966 1127
6967 2021
6968 3193
6969 2398
6970 233
6971 1712
6972 1277
6973 3534
6974 3336
6975 286
6976 2475
6977 2284
6978 2094
6979 145
6980 1819
6981 943
6982 3258
6983 2471
6984 1544
6985 1256
6986 2405
6987 2714
6988 3326
6989 2318
6990 3353
6991 1227
6992 187
6993 3008
6994 3475
6995 139
6996 2518
6997 9
6998 3084
6999 1628
7000 661
7001 892
7002 1125
7003 756
7004 505
7005 2578
7006 1189
7007 174
7008 3126
7009 3021
7010 28
7011 1145
7012 1098
7013 1397
7014 1859
7015 3343
7016 1621
7017 2927
7018 2869
7019 2662
7020 1400
7021 2952
7022 2376
7023 2962
7024 20
7025 274
7026 325
7027 3500
7028 1731
7029 3562
7030 1134
7031 1125
7032 2681
7033 1350
7034 3000
7035 1074
7036 783
7037 1420
7038 1519
7039 2109
7040 296
7041 3414
7042 1876
7043 1738
7044 2344
7045 2273
7046 657
