4608 5
1556 24
4093 9
3744 5
3879 5
4292 9
4016 3
4904 13
4932 15
4636 1
2834 35
559 10
4963 15
3922 5
3463 13
1023 3
1832 32
1306 13
4111 15
853 8
5092 4
4719 13
3767 5
1094 5
4434 16
4522 29
2448 19
3760 16
1288 8
4723 13
3900 24
4676 2
4590 27
4607 9
4652 7
4235 5
4721 16
2196 16
4589 32
1478 12
4338 3
4019 16
5018 2
2390 25
4262 8
411 16
4130 16
3673 8
4754 4
4345 19
2086 27
3480 24
1966 8
4706 29
3868 15
4698 3
3578 17
4665 16
1800 16
4657 8
4532 18
4507 13
3765 15
3811 18
3819 8
4889 13
4094 34
4613 9
4455 9
2267 24
4441 15
3240 16
1662 14
1796 16
4642 12
4825 9
484 8
1236 7
2802 24
3763 2
3797 15
1436 16
4622 15
4136 15
3739 14
1959 35
3320 14
4303 18
3621 16
436 18
2131 19
447 14
3207 25
1416 8
4802 19
557 16
4293 8
625 34
3851 14
4594 24
2191 27
4602 16
4540 6
4318 28
4447 27
4451 29
2296 31
4822 24
3951 34
207 24
3919 29
651 8
2115 35
4973 14
2312 8
4807 29
4863 4
4910 13
3932 8
4075 28
3611 16
1776 13
1374 14
3854 10
4527 12
4233 19
4341 13
4107 11
4424 3
1019 9
4186 13
1569 8
3406 8
4365 16
3937 13
4820 16
4994 15
3736 3
4702 12
4242 13
3026 31
3642 13
2170 8
1337 24
3028 15
4924 13
2514 17
2062 8
2016 19
4283 15
274 16
3973 6
3116 15
4313 19
3266 7
1674 18
4380 31
2520 10
4871 18
4452 9
4374 30
4050 12
2991 27
834 31
1631 7
3672 13
1978 31
3527 16
4453 29
907 27
4609 13
5066 3
3416 8
2759 13
4804 27
4872 19
1121 35
4627 14
429 24
3 3
4819 10
3691 4
2979 9
3756 13
2876 9
4362 18
1097 8
2412 35
4556 29
4268 9
4653 15
4355 18
4281 15
4777 13
3895 16
4197 5
5084 32
2984 17
2645 13
3637 13
5096 8
3783 15
3239 8
2225 8
4500 16
4370 18
3596 8
2701 6
3762 19
3553 8
3792 13
2212 13
2939 29
4442 16
4014 13
1495 8
4905 13
4990 8
3902 16
1816 7
4218 31
3249 10
4185 2
3084 5
2773 8
2868 3
393 8
1539 3
1286 24
2056 7
4972 13
762 8
2427 13
974 7
4223 3
3800 13
1983 24
5033 15
4469 32
2261 8
4437 19
1364 14
4843 4
3586 15
4138 15
3108 16
4126 13
2950 15
4696 13
1292 22
4771 9
2613 16
4163 32
3507 17
3220 27
4914 13
4700 3
3988 3
4612 13
4575 15
4582 3
3107 16
1668 8
3892 9
4096 13
4885 13
3344 16
3314 5
4797 15
4939 26
4361 34
1970 17
4853 10
3724 9
4477 31
4562 15
4704 16
2605 9
725 5
3991 28
5089 13
2929 9
1695 18
4150 18
4467 7
1018 31
110 17
4322 3
3478 22
3790 3
2883 5
830 4
3930 17
5102 16
664 16
3016 29
4660 16
3786 16
4555 5
2829 27
5053 16
4947 19
3784 8
5049 6
3997 13
1391 9
2707 27
4826 34
3682 18
1931 9
376 24
1790 9
4810 16
1873 3
1063 30
4559 24
4066 9
3971 31
3684 1
4052 16
4550 32
1562 16
4273 28
4624 19
4468 3
3985 4
3590 19
4244 9
3860 13
4867 24
3934 9
4925 10
123 16
3567 5
3867 9
4861 4
4775 16
4249 5
4296 9
4085 9
3366 4
2586 24
2969 17
3993 6
1541 8
2171 8
1510 32
1813 18
4236 9
4681 5
4800 5
3591 13
213 27
3633 16
4324 15
28 22
4879 15
4524 16
4221 1
1034 8
4711 7
4803 13
4978 9
352 25
2159 12
4685 24
3620 13
4535 14
4294 5
511 4
95 4
926 24
4529 13
1346 19
4037 15
704 7
759 9
2476 22
3698 35
3861 19
4955 14
2559 7
3865 15
257 7
4086 16
1565 25
3689 9
4473 17
4169 15
3976 9
3151 17
2547 16
4079 13
2867 5
1924 4
3182 3
4808 16
4617 15
4390 3
467 15
4106 3
3830 15
29 12
4013 1
2262 3
4768 34
522 27
4662 16
4691 24
3859 7
4722 16
5076 9
3773 3
1861 15
5058 7
2030 16
1101 2
3915 9
2007 19
4010 29
3536 9
4175 35
4017 10
3752 35
3908 5
4030 16
1684 8
4109 31
1984 5
3609 8
4044 9
4877 25
3950 15
3544 3
5038 32
3665 9
4162 15
1791 16
4114 9
3907 32
4805 9
4121 27
3905 15
4565 5
745 22
4547 13
4936 31
4480 24
4265 8
3598 18
4024 15
5093 32
4110 19
4776 22
4001 24
5048 16
3643 25
566 16
1144 8
3568 14
1967 25
4131 18
4393 22
4298 13
2323 19
3580 19
4061 2
4824 8
4029 7
4377 8
3474 4
4124 13
4661 18
4757 15
2117 27
39 9
4506 32
5074 13
2384 9
1335 7
3681 8
3388 13
4703 14
3312 15
2363 12
3254 9
4987 13
4418 16
3631 1
98 28
4697 15
4483 17
4258 1
3180 9
2629 24
3101 27
3520 7
184 14
2975 14
3872 9
3898 13
1166 24
4423 32
2745 9
2738 16
4431 24
619 13
3805 9
4937 18
4 688
8 2148
9 4205
12 1677
13 4804
14 3988
15 2350
18 4085
19 2657
21 1036
22 2389
24 5075
34 2700
36 1413
37 2986
38 4792
40 1624
41 593
42 4337
44 3646
45 1172
46 2169
47 4603
51 4580
63 1021
64 2664
67 475
68 4069
71 4695
73 4384
83 4877
87 2894
90 930
91 3645
100 75
102 5064
103 4208
104 4714
105 4913
107 706
114 596
118 4134
121 1473
124 510
126 931
127 4363
129 4589
135 5035
136 4065
137 4001
138 2897
141 1487
145 4689
146 3845
149 3728
151 110
153 1505
154 3881
158 1261
159 4936
161 4277
164 74
167 398
168 4729
170 3953
171 4461
172 2959
174 3033
178 4556
180 2307
182 2867
185 323
188 2770
195 5064
201 2825
206 1831
219 4523
221 4619
225 4665
226 3822
230 2498
231 3791
232 3945
234 4402
241 4275
242 3635
249 5056
252 3937
253 3763
254 119
259 2031
265 2151
268 945
270 147
271 806
276 3622
278 3285
285 3062
286 2551
287 4189
291 4751
292 1685
294 2176
295 3039
298 477
299 4818
302 4874
304 5082
308 3062
309 2099
310 5013
311 3428
312 1895
316 2722
318 2897
320 4082
329 3593
331 2348
333 4630
340 1374
341 3935
342 993
345 906
346 1544
347 3590
351 4837
355 335
356 5075
361 2062
363 4050
364 5065
367 2472
368 3659
369 1246
370 3597
371 4368
373 269
374 3736
375 4862
377 1826
378 1781
379 4983
380 4178
382 5115
383 2029
384 4221
386 4422
389 2613
390 4169
391 1706
392 3171
394 4551
395 3435
399 1887
400 4796
403 142
404 4153
405 352
414 1290
417 1323
419 4569
420 4206
422 3980
423 4960
424 4226
426 4201
430 1133
432 2631
433 4510
438 1361
440 3227
442 3822
450 3325
451 1065
454 4145
460 4575
461 4035
464 4469
472 2581
473 762
474 4449
478 4144
480 3120
481 4776
482 3967
483 4208
485 3810
486 3833
489 4449
491 3028
492 2755
494 4498
495 4011
498 740
499 3027
502 2985
503 2180
507 2903
509 401
512 4244
514 4668
515 214
516 434
517 1898
518 5061
519 3315
526 2884
529 4870
533 3539
534 3704
535 1190
536 3742
537 931
538 3127
544 2613
545 4463
546 3474
551 3859
553 1699
555 365
561 4675
562 3943
565 3116
567 1940
571 4654
577 1286
578 5124
579 4875
581 411
582 3733
587 543
590 2796
592 2980
594 2762
595 4043
602 5131
603 504
604 2285
605 845
608 668
610 2612
612 3287
613 4062
614 4363
616 2448
617 50
618 1940
623 5005
627 4467
628 4418
632 1366
633 2282
637 953
640 4421
641 4200
642 1361
643 4260
646 726
652 1638
653 4024
654 796
661 1068
662 205
665 845
666 257
667 4110
669 2396
674 2522
676 504
678 4443
682 4196
685 2609
690 23
691 4802
692 3351
694 3896
699 4294
700 4073
702 476
703 3540
707 2245
708 5012
709 1725
713 2431
717 1787
719 4763
720 1085
721 3469
723 556
728 1020
729 3532
733 4976
734 1656
737 2620
738 3586
739 2267
746 3953
749 1351
752 4864
753 884
758 1255
760 3884
763 3373
764 300
770 3220
776 4281
777 2649
778 4727
781 1248
783 2492
788 1961
789 4472
790 2914
793 3277
802 457
812 1816
813 2602
816 1648
820 4227
821 4736
822 1238
823 4385
827 4198
829 89
831 3548
839 2692
846 1509
848 1968
855 1630
856 4200
857 2107
858 1616
859 3724
860 1987
862 975
865 4024
869 2729
873 3478
875 4197
876 3869
880 3561
882 1464
883 157
886 4071
887 3881
892 4494
893 2367
894 5045
895 506
896 3604
897 619
901 3816
902 435
903 1324
905 1690
909 196
912 30
914 5108
919 751
923 3796
925 1206
928 4254
933 3258
935 658
938 1363
939 2094
940 4003
941 1342
943 5066
944 2634
946 3857
949 2852
954 1422
955 2715
959 2667
960 4396
961 1827
962 1474
963 3820
968 3359
973 3995
977 354
978 696
980 1614
981 3915
982 1781
986 1011
987 452
988 4721
989 3961
991 387
995 1912
1000 60
1007 3728
1008 3604
1010 2736
1014 4057
1025 1685
1030 4191
1032 4312
1039 3897
1043 1870
1044 2543
1046 4799
1054 5103
1055 2722
1061 3219
1066 806
1069 5099
1071 4941
1073 3170
1080 1576
1081 4105
1084 878
1088 4773
1089 3762
1093 2343
1100 4393
1105 4489
1106 4065
1108 236
1111 319
1112 2387
1113 1467
1116 4765
1120 4001
1122 5040
1123 966
1124 4412
1125 3027
1126 593
1129 2759
1136 3034
1137 2307
1138 1115
1139 3612
1140 4112
1149 3162
1155 3438
1156 924
1158 4324
1161 2884
1162 1873
1165 279
1167 2815
1168 2222
1169 3565
1173 1304
1178 1050
1180 4545
1182 3043
1185 3823
1186 4974
1189 4611
1191 3224
1193 4124
1195 4426
1196 1146
1200 4047
1204 365
1205 4809
1208 2574
1210 4346
1212 4885
1216 200
1218 3469
1221 281
1222 4267
1223 4842
1224 3740
1232 4780
1234 3577
1235 2591
1237 4759
1240 4690
1241 5080
1243 2960
1244 4311
1247 2829
1250 4096
1252 4601
1253 2495
1256 3913
1259 1406
1260 1049
1262 86
1265 2510
1269 471
1270 2551
1272 3272
1274 3318
1277 2663
1278 4836
1279 2622
1280 3952
1289 4087
1293 3865
1296 1160
1303 3908
1310 3812
1313 2715
1319 4073
1322 4735
1326 2215
1330 4998
1331 95
1332 786
1333 1217
1338 2629
1340 4351
1341 913
1344 4566
1345 2041
1347 5005
1348 698
1350 4101
1353 290
1354 4022
1355 2550
1360 4230
1362 1792
1367 1727
1368 3359
1369 1978
1371 3488
1372 2223
1375 1318
1376 4142
1377 649
1381 4924
1382 4643
1384 3801
1386 3331
1389 3839
1390 6
1393 4937
1394 3540
1395 3967
1398 336
1399 2431
1401 4532
1404 2488
1408 4482
1409 5113
1410 1959
1414 3131
1418 3501
1423 805
1426 2890
1428 3314
1429 2698
1430 1485
1431 4626
1432 2383
1433 222
1434 4574
1435 239
1438 1746
1440 245
1441 4544
1442 183
1443 4487
1447 3679
1449 724
1450 4710
1452 277
1456 2021
1459 727
1461 2130
1462 3520
1465 4940
1469 588
1470 1703
1472 4719
1476 2340
1480 4232
1482 194
1484 748
1488 1290
1492 1550
1496 3801
1497 2185
1500 79
1503 2521
1504 1444
1512 3678
1514 1509
1516 5003
1522 2636
1524 119
1525 1291
1526 4495
1527 4860
1528 5131
1529 4421
1531 327
1532 4224
1533 506
1534 3303
1537 1363
1538 1320
1542 1312
1545 1460
1546 564
1547 4886
1560 3388
1561 4445
1563 3341
1564 4816
1567 3950
1570 4845
1571 198
1575 3796
1579 2807
1580 4799
1581 1292
1584 4283
1585 4208
1587 3341
1590 1209
1591 3846
1592 4213
1594 3818
1598 1677
1599 4824
1600 1379
1601 3013
1602 1141
1603 1022
1604 3112
1605 1219
1609 1644
1611 2420
1613 4846
1615 2837
1618 3861
1626 3920
1627 35
1629 4713
1633 1732
1634 3904
1636 203
1639 3480
1641 4113
1642 3642
1643 4155
1649 4462
1650 262
1651 625
1652 1099
1659 3592
1660 740
1661 2136
1663 725
1664 2001
1665 3488
1666 2343
1667 3374
1669 4083
1672 5014
1673 1479
1675 3341
1676 162
1678 4416
1679 3578
1680 3400
1681 3654
1687 3905
1688 1878
1689 6
1692 4565
1694 4555
1696 2161
1697 3861
1700 3725
1701 3729
1704 2969
1705 3694
1707 3864
1708 1446
1710 4606
1711 1026
1713 3946
1714 4078
1718 3822
1720 4524
1724 282
1726 4195
1729 1612
1731 5133
1736 2831
1739 1685
1740 3617
1742 5032
1744 2955
1745 523
1748 4773
1749 1317
1752 4933
1753 3982
1755 767
1759 4799
1764 4798
1766 1674
1768 2686
1771 2160
1773 2277
1778 1207
1779 4099
1786 4973
1788 3945
1793 3890
1794 3932
1795 4659
1797 1346
1798 4435
1801 1822
1804 263
1805 306
1808 1530
1810 3678
1811 1997
1812 314
1814 3584
1815 1021
1817 3585
1818 3234
1819 2834
1820 475
1821 1548
1823 2007
1824 4760
1825 2191
1828 4258
1830 4194
1833 811
1834 3272
1837 693
1839 3576
1841 3729
1842 4695
1845 1275
1847 2958
1850 1683
1851 4598
1854 306
1855 663
1857 658
1858 3777
1859 4420
1860 2891
1862 80
1863 2489
1865 2723
1866 3734
1868 5125
1872 3758
1874 4156
1875 2275
1876 476
1879 2803
1881 437
1884 3637
1886 1513
1891 3388
1893 3712
1894 591
1896 4379
1897 4130
1899 724
1902 4544
1903 1170
1906 3238
1907 4828
1909 5113
1910 2631
1916 4923
1918 4767
1919 3797
1921 4454
1922 5006
1923 2770
1926 5013
1928 2711
1929 5112
1930 1177
1933 3548
1934 4776
1935 2154
1936 1769
1939 2140
1942 1392
1943 3447
1944 5089
1946 3910
1949 924
1952 2648
1953 354
1957 4761
1960 4271
1964 743
1965 3052
1969 1451
1972 1502
1973 2749
1975 2657
1977 4404
1980 4902
1981 4163
1982 3141
1985 4549
1986 4794
1988 4988
1991 888
1995 4016
1996 3831
1998 4599
1999 3735
2000 852
2002 4675
2003 1578
2004 4540
2006 3126
2009 3846
2012 906
2013 3790
2017 2307
2018 2638
2020 2104
2022 239
2023 3951
2025 4647
2026 3629
2027 2740
2028 260
2034 1554
2035 2331
2036 3842
2039 3759
2042 4428
2044 1756
2045 2487
2049 942
2052 3327
2055 4343
2057 3287
2059 3806
2063 4140
2064 484
2067 4159
2068 5125
2070 3624
2071 2300
2072 2011
2073 2146
2074 2341
2075 3717
2077 840
2080 4104
2082 1539
2083 727
2085 4340
2089 852
2090 520
2091 2409
2092 3352
2095 4120
2097 3107
2098 4718
2105 4936
2106 3090
2110 1002
2113 4219
2114 4503
2116 745
2120 3100
2123 2101
2125 2205
2126 1783
2129 2178
2134 3560
2135 2306
2138 4733
2141 2990
2142 173
2143 119
2144 1321
2145 532
2149 4837
2150 705
2152 3724
2157 3667
2162 5004
2163 2
2172 4236
2181 2130
2184 3335
2186 76
2189 688
2193 441
2195 3912
2197 3139
2198 3684
2200 222
2201 4358
2202 176
2203 1871
2204 906
2206 4353
2218 1258
2219 4400
2220 3880
2221 3662
2226 2777
2227 625
2228 2278
2230 4325
2232 187
2237 3727
2238 3912
2242 5011
2244 5119
2250 3580
2252 2751
2254 4078
2255 4785
2259 926
2264 1640
2266 4582
2269 2169
2270 4920
2271 3582
2273 4776
2276 3211
2280 3396
2281 1647
2283 3896
2284 4947
2286 169
2287 1566
2288 4618
2289 4932
2290 4755
2291 3620
2293 636
2295 3632
2299 4440
2301 4490
2304 2159
2305 133
2308 4191
2309 466
2310 2385
2311 3506
2316 2605
2318 3765
2320 1699
2321 4017
2326 2107
2327 4313
2328 647
2330 4517
2332 1608
2333 2794
2336 3405
2337 531
2339 4645
2342 3964
2344 3358
2347 4796
2349 5110
2351 4053
2352 4674
2356 3922
2360 1511
2361 4011
2366 2651
2368 233
2369 43
2371 4710
2372 86
2374 1422
2379 2160
2380 569
2381 4958
2386 4491
2388 220
2392 1992
2393 1994
2397 4874
2398 4783
2402 2030
2405 4340
2406 3601
2408 4296
2410 3612
2411 2855
2413 1320
2417 1001
2418 332
2419 1498
2421 4444
2423 1031
2424 3991
2425 459
2428 2552
2429 1172
2430 4719
2432 815
2435 3586
2436 4188
2438 199
2439 2253
2441 3438
2442 1087
2443 2490
2444 4947
2445 4900
2446 3400
2447 435
2450 996
2451 3072
2452 5104
2453 1361
2454 3331
2455 964
2456 62
2457 4822
2458 2664
2460 1248
2462 3426
2463 2363
2464 639
2466 2253
2467 266
2468 4140
2469 352
2470 2762
2474 1166
2475 4761
2477 4142
2480 4652
2483 3316
2484 1735
2485 1454
2494 5077
2496 4193
2499 109
2501 4823
2503 4241
2505 1358
2506 4811
2508 2387
2509 4834
2512 4337
2513 3962
2515 2234
2517 1913
2519 3654
2523 3813
2524 2599
2525 4083
2526 4042
2527 4857
2528 2461
2530 2799
2534 4839
2536 224
2540 4694
2541 4558
2544 465
2545 736
2554 530
2560 870
2561 4891
2569 1068
2570 421
2572 4002
2576 4870
2577 3755
2578 106
2580 1479
2582 2538
2583 2837
2585 1595
2590 606
2592 4258
2595 1668
2598 3596
2600 5119
2604 673
2606 3560
2607 4411
2611 3426
2615 4003
2616 4712
2619 4233
2621 2488
2625 3859
2626 3307
2628 1188
2639 2796
2640 2698
2641 217
2642 4903
2643 3577
2644 4812
2646 243
2650 2724
2652 2681
2654 1941
2655 2861
2658 4604
2660 4941
2662 1508
2665 915
2669 1324
2673 583
2674 3797
2677 4019
2678 4033
2680 4185
2683 1992
2684 4896
2690 2416
2694 4248
2697 2338
2702 4684
2704 3327
2705 3795
2708 5099
2709 50
2710 5070
2713 3627
2714 2187
2716 5049
2718 2329
2719 1021
2720 4064
2726 1762
2731 2900
2732 1970
2733 59
2734 2378
2737 3757
2739 3485
2742 2657
2743 3472
2748 1901
2750 2471
2752 1146
2753 1009
2756 2486
2757 284
2758 4180
2760 3579
2764 4009
2765 1299
2766 2370
2768 4812
2769 2868
2774 2373
2776 317
2778 547
2779 1378
2782 3810
2784 4168
2786 4145
2789 3143
2793 2549
2795 3787
2797 448
2798 4280
2801 1257
2804 2648
2806 336
2809 2362
2811 1483
2816 4245
2821 3631
2823 2357
2828 4957
2832 1057
2833 1620
2835 3656
2836 3871
2838 81
2842 2824
2843 756
2844 5006
2845 1323
2847 3220
2848 3358
2849 4887
2866 3926
2869 4943
2872 906
2873 2906
2875 493
2878 245
2887 3910
2892 2251
2893 484
2896 425
2898 3669
2899 3865
2901 397
2904 4586
2905 3387
2912 177
2913 4065
2918 2703
2919 3524
2920 4537
2924 3812
2925 4402
2927 4009
2930 4823
2933 61
2937 4240
2940 2340
2941 3537
2942 3356
2944 4544
2945 3234
2946 4954
2949 2929
2952 1885
2953 4245
2956 3453
2957 2357
2963 5000
2964 4509
2965 711
2966 4311
2970 4157
2971 4492
2972 1427
2974 3630
2976 5065
2977 505
2978 441
2981 4388
2982 4050
2988 101
2992 2154
3001 2881
3003 3254
3005 683
3006 3625
3007 4431
3008 2050
3014 2329
3017 3116
3019 2959
3020 4251
3022 3716
3023 4389
3025 4079
3029 5127
3032 2603
3035 1298
3037 3496
3038 235
3040 1776
3045 3590
3046 4849
3047 155
3048 4806
3049 4229
3050 4330
3053 3034
3054 82
3055 3685
3057 4740
3060 1746
3064 1379
3067 4768
3068 4378
3073 4106
3074 990
3075 701
3076 4410
3078 556
3079 3574
3083 1915
3087 325
3091 5005
3093 233
3095 244
3096 4399
3097 5092
3098 3484
3102 4274
3103 3377
3105 3004
3110 2935
3111 3842
3117 3623
3118 2874
3121 4817
3122 4529
3125 929
3128 2550
3130 3553
3134 3480
3135 4351
3138 3658
3142 3664
3147 4451
3148 3451
3150 1170
3152 354
3153 4390
3154 2725
3155 4508
3156 3996
3159 4829
3160 4394
3161 4936
3164 3735
3165 2261
3166 4929
3167 179
3169 1359
3173 3207
3175 4279
3176 1475
3179 3359
3181 1566
3189 3109
3191 2263
3192 2711
3196 10
3197 186
3199 4803
3201 3610
3202 1947
3205 1047
3206 1233
3208 3231
3210 4159
3212 779
3213 3946
3222 1976
3223 2555
3226 4146
3228 1912
3233 2825
3235 2050
3237 4815
3241 1577
3242 4637
3245 1831
3246 197
3248 4926
3250 1052
3251 2911
3256 4257
3262 4281
3264 4252
3265 4390
3268 3622
3269 4249
3274 74
3275 280
3276 4617
3278 4392
3281 542
3283 4259
3284 1737
3286 3033
3288 4757
3290 1974
3293 1379
3294 283
3295 1328
3296 1721
3297 3698
3299 5028
3300 2853
3302 1548
3305 3907
3309 4467
3313 2870
3317 1890
3324 1271
3328 1656
3329 3225
3332 202
3334 985
3336 1761
3338 4210
3339 1306
3340 2999
3342 3822
3343 156
3345 5020
3348 4502
3350 359
3353 5060
3360 3374
3361 3707
3362 81
3363 680
3364 767
3369 1385
3372 532
3376 2117
3378 3140
3379 2005
3382 3594
3384 1148
3385 4364
3386 1577
3389 1882
3390 4380
3391 5095
3392 4905
3393 4015
3394 568
3403 5003
3409 872
3410 2224
3414 418
3415 4862
3421 4230
3422 119
3423 2338
3424 3652
3425 3033
3427 2298
3429 1880
3431 4353
3433 2076
3436 4105
3443 600
3444 3935
3445 4897
3446 4246
3455 448
3456 4959
3457 4840
3459 2989
3464 3605
3465 5047
3470 4801
3471 1035
3473 3320
3475 1887
3476 4736
3477 2895
3483 3252
3489 2312
3491 4106
3494 4443
3499 4464
3509 3790
3511 4811
3514 4742
3517 2746
3519 2224
3525 1813
3528 3804
3530 3352
3531 4408
3533 280
3534 5012
3542 2312
3543 2532
3546 2322
3547 1873
3549 656
3554 3978
3556 4095
3559 2476
3587 1147
3628 1067
3785 1042
3807 5098
3825 2772
3840 513
4097 3727
4143 2620
4165 4921
4356 4282
4369 2087
4521 5118
4946 4730
4993 245
5052 2251
5062 1763
5090 3168
5109 365
5135 4818
5136 2819
5137 5061
5138 4241
5139 993
5140 2251
5141 4797
5142 2306
5143 1103
5144 766
5145 969
5146 1042
5147 4625
5148 957
5149 2688
5150 4280
5151 1796
5152 224
5153 4937
5154 4409
5155 4323
5156 3848
5157 5013
5158 1164
5159 918
5160 470
5161 1034
5162 260
5163 3503
5164 4087
5165 3871
5166 1844
5167 122
5168 3970
5169 267
5170 2481
5171 1048
5172 4703
5173 4134
5174 871
5175 4883
5176 5134
5177 1287
5178 1608
5179 4148
5180 4098
5181 314
5182 2375
5183 4724
5184 2046
5185 615
5186 4443
5187 4805
5188 4377
5189 148
5190 3687
5191 5020
5192 1733
5193 1308
5194 4622
5195 263
5196 501
5197 17
5198 2915
5199 4488
5200 31
5201 1900
5202 3851
5203 2727
5204 3449
5205 99
5206 1925
5207 1135
5208 4660
5209 4641
5210 3826
5211 3659
5212 1509
5213 1843
5214 844
5215 5088
5216 2102
5217 2136
5218 4490
5219 4388
5220 2620
5221 4291
5222 456
5223 1049
5224 4438
5225 4283
5226 2746
5227 3603
5228 4944
5229 1908
5230 4720
5231 4072
5232 4635
5233 4300
5234 3132
5235 3119
5236 3935
5237 4396
5238 3145
5239 1318
5240 861
5241 4870
5242 3505
5243 4407
5244 3018
5245 2236
5246 4255
5247 4559
5248 314
5249 4101
5250 2741
5251 1645
5252 3335
5253 2880
5254 245
5255 1392
5256 647
5257 2396
5258 2482
5259 280
5260 4822
5261 336
5262 4650
5263 3893
5264 3708
5265 4609
5266 4776
5267 1316
5268 2938
5269 4552
5270 838
5271 2511
5272 4639
5273 4592
5274 470
5275 4373
5276 4246
5277 3907
5278 3537
5279 3884
5280 4933
5281 1716
5282 1373
5283 675
5284 3009
5285 3447
5286 1300
5287 459
5288 4049
5289 4784
5290 3626
5291 560
5292 4650
5293 3129
5294 3600
5295 4007
5296 1807
5297 2312
5298 466
5299 1242
5300 190
5301 1723
5302 4923
5303 994
5304 469
5305 4070
5306 3234
5307 3428
5308 4989
5309 4247
5310 1110
5311 1574
5312 881
5313 1593
5314 115
5315 3015
5316 79
5317 327
5318 3541
5319 3467
5320 1883
5321 349
5322 3965
5323 2921
5324 4119
5325 488
5326 3603
5327 3184
5328 4851
5329 4272
5330 3729
5331 4494
5332 2729
5333 2998
5334 4090
5335 4170
5336 468
5337 1959
5338 142
5339 5019
5340 3516
5341 1717
5342 4410
5343 99
5344 2763
5345 4472
5346 1746
5347 3698
5348 1097
5349 4633
5350 4027
5351 3598
5352 3349
5353 1776
5354 4633
5355 4125
5356 4663
5357 4571
5358 3852
5359 4530
5360 3513
5361 1802
5362 2031
5363 4583
5364 718
5365 160
5366 5105
5367 4411
5368 1266
5369 5000
5370 3913
5371 3954
5372 2487
5373 4820
5374 123
5375 334
5376 4433
5377 2648
5378 3957
5379 3257
5380 4424
5381 2119
5382 1005
5383 2236
5384 1871
5385 891
5386 4177
5387 1620
5388 2623
5389 2562
5390 2763
5391 144
5392 4777
5393 3185
5394 4480
5395 1214
5396 2671
5397 3755
5398 3063
5399 305
5400 4057
5401 2497
5402 4534
5403 1550
5404 3036
5405 381
5406 3240
5407 4807
5408 5053
5409 4220
5410 990
5411 4904
5412 16
5413 4276
5414 3930
5415 49
5416 845
5417 3932
5418 1763
5419 4416
5420 2632
5421 3322
5422 148
5423 2537
5424 3591
5425 4318
5426 4567
5427 1889
5428 1019
5429 3780
5430 3899
5431 1366
5432 3406
5433 4475
5434 236
5435 4208
5436 4410
5437 4387
5438 2490
5439 3544
5440 3136
5441 2728
5442 4174
5443 3670
5444 1383
5445 1233
5446 2557
5447 4975
5448 3865
5449 4020
5450 4601
5451 2815
5452 3740
5453 5010
5454 2029
5455 714
5456 455
5457 4579
5458 635
5459 1378
5460 1015
5461 2489
5462 751
5463 1691
5464 4386
5465 4265
5466 1509
5467 4440
5468 1053
5469 4370
5470 2164
5471 3895
5472 1656
5473 976
5474 75
5475 3636
5476 5106
5477 1799
5478 4169
5479 4639
5480 4085
5481 3993
5482 2516
5483 3609
5484 4318
5485 4248
5486 4918
5487 3504
5488 4763
5489 898
5490 4461
5491 1621
5492 588
5493 4595
5494 3703
5495 3258
5496 4661
5497 4982
5498 274
5499 4533
5500 2365
5501 2165
5502 4262
5503 4909
5504 3716
5505 1086
5506 4998
5507 1042
5508 3763
5509 4688
5510 3080
5511 4660
5512 547
5513 1515
5514 929
5515 2335
5516 1003
5517 2902
5518 470
5519 3398
5520 786
5521 376
5522 416
5523 3906
5524 3656
5525 2088
5526 3670
5527 301
5528 4236
5529 3113
5530 4720
5531 1190
5532 1502
5533 3383
5534 1695
5535 3888
5536 4332
5537 4343
5538 3092
5539 1324
5540 4166
5541 626
5542 85
5543 1498
5544 1596
5545 4973
5546 3697
5547 751
5548 2224
5549 279
5550 4695
5551 1024
5552 1775
5553 471
5554 1589
5555 4327
5556 3612
5557 376
5558 4598
5559 3609
5560 2931
5561 583
5562 4872
5563 4979
5564 4048
5565 757
5566 2498
5567 624
5568 4531
5569 1761
5570 2746
5571 3133
5572 4974
5573 4158
5574 3672
5575 376
5576 5103
5577 3849
5578 2355
5579 4089
5580 484
5581 3319
5582 385
5583 4902
5584 5055
5585 4159
5586 969
5587 4745
5588 4045
5589 835
5590 1638
5591 1118
5592 3979
5593 248
5594 1131
5595 4068
5596 199
5597 202
5598 3841
5599 477
5600 108
5601 845
5602 4675
5603 3621
5604 2826
5605 4882
5606 3061
5607 4558
5608 401
5609 2586
5610 1553
5611 1175
5612 4348
5613 4110
5614 30
5615 4810
5616 1976
5617 3180
5618 3015
5619 4651
5620 4736
5621 2531
5622 3821
5623 2886
5624 841
5625 444
5626 4943
5627 3234
5628 2062
5629 4858
5630 1565
5631 4800
5632 3289
5633 1076
5634 2353
5635 4375
5636 1715
5637 5064
5638 3496
5639 4011
5640 1737
5641 1892
5642 365
5643 2146
5644 5103
5645 573
5646 693
5647 1548
5648 3108
5649 1723
5650 5091
5651 847
5652 1328
5653 2824
5654 1624
5655 1029
5656 1835
5657 2188
5658 687
5659 2053
5660 2998
5661 3572
5662 3307
5663 3691
5664 1307
5665 5030
5666 563
5667 3921
5668 425
5669 811
5670 487
5671 2518
5672 2247
5673 2630
5674 4847
5675 4573
5676 4216
5677 3354
5678 3729
5679 4053
5680 3200
5681 2729
5682 1214
5683 4881
5684 1009
5685 4575
5686 5032
5687 3978
5688 4066
5689 173
5690 339
5691 2588
5692 4670
5693 3481
5694 1612
5695 3946
5696 3794
5697 4272
5698 997
5699 3715
5700 3307
5701 3402
5702 4017
5703 3824
5704 4364
5705 3462
5706 4206
5707 4122
5708 1565
5709 4459
5710 4661
5711 2854
5712 3760
5713 4438
5714 328
5715 4375
5716 1012
5717 30
5718 3617
5719 4651
5720 4667
5721 4603
5722 3310
5723 3219
5724 4963
5725 840
5726 4650
5727 3958
5728 4560
5729 4830
5730 2175
5731 1750
5732 513
5733 2712
5734 4214
5735 2916
5736 2285
5737 705
5738 2096
5739 5006
5740 5081
5741 2340
5742 1050
5743 5015
5744 1474
5745 540
5746 1095
5747 4908
5748 237
5749 2334
5750 4915
5751 845
5752 2863
5753 4485
5754 4334
5755 4468
5756 4558
5757 1586
5758 3207
5759 4257
5760 530
5761 4094
5762 4233
5763 4465
5764 148
5765 1070
5766 4971
5767 1003
5768 4945
5769 3903
5770 3732
5771 972
5772 155
5773 573
5774 4857
5775 4997
5776 4236
5777 4341
5778 387
5779 1803
5780 2820
5781 3453
5782 1365
5783 4034
5784 866
5785 2861
5786 2426
5787 4886
5788 2183
5789 1730
5790 1877
5791 2323
5792 3636
5793 3913
5794 434
5795 3744
5796 4312
5797 82
5798 761
5799 1085
5800 62
5801 4502
5802 3575
5803 4570
5804 4979
5805 3643
5806 2302
5807 4569
5808 2253
5809 493
5810 4810
5811 4542
5812 942
5813 3909
5814 119
5815 1095
5816 4744
5817 4082
5818 1246
5819 325
5820 5120
5821 2261
5822 1956
5823 4608
5824 3800
5825 1536
5826 985
5827 2298
5828 4227
5829 4540
5830 4848
5831 2516
5832 810
5833 330
5834 4508
5835 3995
5836 3968
5837 4597
5838 1060
5839 4070
5840 1013
5841 3649
5842 3043
5843 1846
5844 434
5845 3740
5846 532
5847 2994
5848 2231
5849 3254
5850 542
5851 3107
5852 2777
5853 3999
5854 4001
5855 410
5856 2282
5857 564
5858 3139
5859 3999
5860 4616
5861 1397
5862 4141
5863 3919
5864 1202
5865 4927
5866 5006
5867 1776
5868 3850
5869 560
5870 631
5871 4692
5872 3600
5873 2118
5874 3171
5875 3247
5876 4020
5877 3880
5878 2160
5879 5092
5880 3185
5881 2914
5882 3193
5883 3244
5884 4510
5885 4893
5886 1028
5887 4195
5888 1057
5889 187
5890 32
5891 3522
5892 4641
5893 3377
5894 4050
5895 4569
5896 4648
5897 2829
5898 1051
5899 5116
5900 3052
5901 2837
5902 3133
5903 5085
5904 4924
5905 2236
5906 5104
5907 4540
5908 1763
5909 4195
5910 3780
5911 4067
5912 2817
5913 3789
5914 1518
5915 2401
5916 3374
5917 425
5918 3109
5919 4702
5920 1324
5921 4285
5922 1127
5923 1085
5924 4912
5925 4811
5926 4748
5927 658
5928 5034
5929 3480
5930 4242
5931 4899
5932 1076
5933 4419
5934 3902
5935 2102
5936 1460
5937 2579
5938 2863
5939 3490
5940 1656
5941 1306
5942 4970
5943 189
5944 2856
5945 199
5946 4798
5947 4734
5948 4478
5949 3947
5950 1264
5951 325
5952 428
5953 2531
5954 183
5955 3813
5956 3872
5957 1826
5958 4013
5959 4691
5960 3460
5961 4435
5962 971
5963 1617
5964 2762
5965 4500
5966 4305
5967 1706
5968 3779
5969 2547
5970 1104
5971 1097
5972 1356
5973 4335
5974 4539
5975 1083
5976 3497
5977 4888
5978 913
5979 3918
5980 1507
5981 3400
5982 1849
5983 4793
5984 3072
5985 958
5986 1096
5987 3115
5988 918
5989 1082
5990 4477
5991 4611
5992 1103
5993 4272
5994 5104
5995 3349
5996 3851
5997 4515
5998 3497
5999 4003
6000 3131
6001 348
6002 2822
6003 3868
6004 3769
6005 4062
6006 1454
6007 2820
6008 2556
6009 4824
6010 4884
6011 2058
6012 3813
6013 196
6014 4777
6015 5
6016 1337
6017 3561
6018 3132
6019 5108
6020 1211
6021 624
6022 4144
6023 240
6024 2890
6025 2676
6026 4804
6027 4434
6028 216
6029 5107
6030 1695
6031 1134
6032 3419
6033 1365
6034 3965
6035 3221
6036 4746
6037 4581
6038 2817
6039 4852
6040 4805
6041 1448
6042 4991
6043 1282
6044 1573
6045 1610
6046 2961
6047 4480
6048 4020
6049 4273
6050 2478
6051 1079
6052 926
6053 4345
6054 2491
6055 1954
6056 715
6057 5094
6058 2539
6059 3737
6060 5111
6061 3999
6062 4334
6063 2088
6064 4437
6065 3580
6066 4882
6067 715
6068 2788
6069 1559
6070 2032
6071 3986
6072 4011
6073 3013
6074 3593
6075 4904
6076 4212
6077 1927
6078 3769
6079 609
6080 2603
6081 1539
6082 4869
6083 3253
6084 2948
6085 1507
6086 2241
6087 1417
6088 3965
6089 2852
6090 411
6091 284
6092 4662
6093 3895
6094 4667
6095 48
6096 3820
6097 1463
6098 4295
6099 3894
6100 3892
6101 4782
6102 3024
6103 4862
6104 4394
6105 3770
6106 1266
6107 1974
6108 4384
6109 248
6110 756
6111 934
6112 1003
6113 77
6114 3956
6115 3647
6116 2698
6117 4892
6118 2124
6119 4423
6120 1552
6121 1716
6122 194
6123 1199
6124 2279
6125 4865
6126 4246
6127 324
6128 305
6129 5017
6130 3498
6131 258
6132 3803
6133 4642
6134 4277
6135 3764
6136 4687
6137 416
6138 3889
6139 4155
6140 1853
6141 3325
6142 3837
6143 322
6144 4257
6145 3555
6146 4561
6147 4805
6148 1638
6149 4035
6150 2407
6151 476
6152 4625
6153 2329
6154 3780
6155 4918
6156 3673
6157 4288
6158 2687
6159 4674
6160 257
6161 4166
6162 280
6163 3952
6164 1300
6165 3024
6166 1311
6167 2649
6168 1321
6169 1774
6170 4421
6171 2216
6172 1190
6173 2588
6174 4986
6175 4455
6176 3779
6177 5076
6178 4846
6179 4028
6180 4133
6181 4592
6182 3355
6183 4331
6184 771
6185 4718
6186 4455
6187 1829
6188 1146
6189 2225
6190 765
6191 5012
6192 718
6193 3320
6194 3466
6195 697
6196 2154
6197 1698
6198 4529
6199 2829
6200 4916
6201 72
6202 4423
6203 2796
6204 4388
6205 4609
6206 5099
6207 689
6208 2741
6209 4441
6210 2277
6211 4351
6212 2037
6213 4059
6214 1895
6215 3908
6216 4278
6217 3190
6218 4274
6219 2241
6220 3757
6221 3858
6222 1233
6223 4527
6224 3857
6225 3838
6226 4720
6227 4405
6228 1686
6229 2791
6230 3980
6231 3953
6232 1552
6233 1968
6234 4839
6235 560
6236 1550
6237 2589
6238 4796
6239 3163
6240 4756
6241 1035
6242 5108
6243 4927
6244 2258
6245 773
6246 222
6247 3798
6248 4191
6249 2440
6250 2706
6251 1271
6252 3814
6253 3568
6254 3870
6255 805
6256 4609
6257 4745
6258 4498
6259 362
6260 2932
6261 4398
6262 803
6263 1388
6264 4039
6265 1856
6266 2877
6267 1076
6268 4734
6269 1553
6270 397
6271 3412
6272 3720
6273 3244
6274 197
6275 1059
6276 52
6277 1756
6278 3618
6279 335
6280 3903
6281 1164
6282 4715
6283 3864
6284 5053
6285 3186
6286 10
6287 4734
6288 2810
6289 3655
6290 4276
6291 4192
6292 4545
6293 1620
6294 289
6295 1029
6296 4008
6297 2514
6298 3883
6299 2005
6300 4040
6301 4976
6302 4881
6303 1535
6304 1925
6305 4934
6306 2260
6307 4070
6308 3813
6309 2948
6310 1064
6311 2808
6312 800
6313 1840
6314 2213
6315 1674
6316 4365
6317 620
6318 4485
6319 2426
6320 4493
6321 2487
6322 795
6323 4286
6324 4527
6325 1632
6326 2005
6327 1693
6328 3864
6329 3770
6330 658
6331 5053
6332 3657
6333 4206
6334 1051
6335 1925
6336 4240
6337 4530
6338 996
6339 3630
6340 4040
6341 660
6342 4244
6343 5021
6344 5051
6345 3984
6346 5050
6347 3977
6348 5096
6349 4635
6350 4019
6351 5053
6352 3469
6353 156
6354 3890
6355 5013
6356 1499
6357 2566
6358 2427
6359 668
6360 4078
6361 3789
6362 3145
6363 4695
6364 2518
6365 2906
6366 1425
6367 951
6368 4704
6369 4161
6370 3452
6371 4994
6372 3732
6373 2730
6374 1349
6375 5121
6376 1400
6377 3490
6378 851
6379 3413
6380 2154
6381 3675
6382 4101
6383 4087
6384 2959
6385 4914
6386 96
6387 3656
6388 4582
6389 2596
6390 1329
6391 31
6392 3646
6393 4033
6394 3535
6395 566
6396 3800
6397 3314
6398 4119
6399 1255
6400 5069
6401 3667
6402 3809
6403 484
6404 1941
6405 3185
6406 1271
6407 4203
6408 4446
6409 3520
6410 3204
6411 1283
6412 4984
6413 4769
6414 4650
6415 990
6416 1405
6417 1869
6418 3510
6419 181
6420 247
6421 3989
6422 4762
6423 3292
6424 2265
6425 3011
6426 4672
6427 1236
6428 2864
6429 1309
6430 2632
6431 2998
6432 4495
6433 4542
6434 915
6435 4479
6436 288
6437 3243
6438 2745
6439 4199
6440 4309
6441 1342
6442 712
6443 3758
6444 1721
6445 888
6446 2889
6447 457
6448 2130
6449 3261
6450 1761
6451 3115
6452 2214
6453 1109
6454 1992
6455 5021
6456 891
6457 4576
6458 3289
6459 1655
6460 4860
6461 4404
6462 50
6463 4152
6464 900
6465 598
6466 4256
6467 4564
6468 4583
6469 3647
6470 3115
6471 4700
6472 1727
6473 3854
6474 4915
6475 2975
6476 4821
6477 3715
6478 2601
6479 3255
6480 3082
6481 4929
6482 1068
6483 4388
6484 3596
6485 5081
6486 4700
6487 3526
6488 1304
6489 3632
6490 4257
6491 3995
6492 2670
6493 2551
6494 125
6495 3951
6496 1961
6497 4116
6498 4459
6499 2479
6500 1005
6501 696
6502 1983
6503 3298
6504 393
6505 2175
6506 3314
6507 4967
6508 3209
6509 867
6510 1967
6511 985
6512 1268
6513 4577
6514 714
6515 1359
6516 1791
6517 948
6518 3748
6519 4564
6520 2617
6521 2256
6522 3969
6523 2156
6524 4503
6525 4532
6526 2375
6527 4113
6528 3576
6529 4377
6530 1075
6531 1458
6532 220
6533 1037
6534 4657
6535 3591
6536 817
6537 1706
6538 4384
6539 2079
6540 3430
6541 575
6542 4845
6543 2591
6544 2510
6545 3227
6546 3448
6547 4857
6548 2788
6549 1002
6550 4070
6551 3714
6552 3190
6553 4225
6554 81
6555 3013
6556 3589
6557 2033
6558 842
6559 3510
6560 2584
6561 983
6562 670
6563 4629
6564 3837
6565 3751
6566 2996
6567 522
6568 520
6569 1728
6570 2334
6571 3701
6572 4396
6573 4836
6574 4849
6575 97
6576 2612
6577 2147
6578 2810
6579 772
6580 3070
6581 4390
6582 3365
6583 1882
6584 4195
6585 169
6586 4710
6587 3732
6588 2315
6589 1177
6590 1737
6591 5059
6592 953
6593 5006
6594 1508
6595 4123
6596 3845
6597 3650
6598 3818
6599 2394
6600 3898
6601 4121
6602 3187
6603 1275
6604 2687
6605 1905
6606 3739
6607 4571
6608 2387
6609 5119
6610 4887
6611 2208
6612 4292
6613 3252
6614 1070
6615 3399
6616 4099
6617 657
6618 4592
6619 3157
6620 27
6621 2609
6622 2312
6623 1249
6624 2856
6625 5005
6626 1288
6627 1499
6628 4182
6629 3411
6630 3417
6631 4387
6632 1096
6633 747
6634 2950
6635 1305
6636 2217
6637 1780
6638 2810
6639 203
6640 1782
6641 3186
6642 3617
6643 1769
6644 1535
6645 3395
6646 2928
6647 2744
6648 4756
6649 5063
6650 1566
6651 4746
6652 2667
6653 742
6654 4415
6655 4517
6656 3782
6657 1658
6658 4085
6659 4627
6660 3551
6661 4382
6662 3567
6663 1987
6664 1513
6665 3411
6666 1573
6667 1170
6668 4832
6669 4578
6670 3312
6671 2177
6672 4323
6673 3479
6674 3621
6675 3258
6676 484
6677 5028
6678 2122
6679 1816
6680 1781
6681 3277
6682 4723
6683 4253
6684 4353
6685 4751
6686 3066
6687 301
6688 2001
6689 4053
6690 4334
6691 4111
6692 69
6693 3823
6694 4060
6695 3123
6696 4051
6697 4331
6698 4452
6699 621
6700 4663
6701 3434
6702 3797
6703 27
6704 585
6705 3602
6706 4140
6707 1499
6708 4387
6709 3861
6710 3689
6711 879
6712 4719
6713 2511
6714 274
6715 4923
6716 2256
6717 1110
6718 4715
6719 4569
6720 972
6721 2955
6722 4368
6723 4568
6724 4691
6725 501
6726 3185
6727 3721
6728 4695
6729 4048
6730 983
6731 4269
6732 23
6733 3957
6734 1035
6735 5089
6736 4920
6737 2504
6738 4186
6739 1437
6740 2775
6741 4362
6742 1530
6743 4840
6744 4266
6745 3070
6746 3527
6747 4800
6748 4259
6749 3994
6750 575
6751 360
6752 3405
6753 2169
6754 1554
6755 4139
6756 2820
6757 842
6758 5087
6759 2313
6760 3303
6761 4090
6762 2747
6763 4373
6764 66
6765 2566
6766 2841
6767 1172
6768 2387
6769 463
6770 2213
6771 889
6772 4561
6773 4791
6774 223
6775 979
6776 696
6777 727
6778 3921
6779 338
6780 3151
6781 3252
6782 1074
6783 5049
6784 735
6785 3190
6786 3852
6787 3183
6788 1976
6789 4680
6790 584
6791 2796
6792 2038
6793 4184
6794 5059
6795 413
6796 965
6797 2005
6798 4898
6799 4155
6800 2239
6801 4718
6802 4008
6803 4119
6804 4047
6805 4762
6806 3402
6807 2043
6808 279
6809 2130
6810 969
6811 3452
6812 1578
6813 2881
6814 4693
6815 3745
6816 2871
6817 1706
6818 1203
6819 3674
6820 2851
6821 3837
6822 843
6823 3589
6824 4548
6825 4739
6826 1314
6827 4347
6828 751
6829 4676
6830 3867
6831 4167
6832 1271
6833 3598
6834 659
6835 5
6836 1163
6837 1406
6838 3851
6839 838
6840 4797
6841 3215
6842 4493
6843 3238
6844 3405
6845 4857
6846 236
6847 3468
6848 757
6849 1485
6850 1249
6851 4486
6852 568
6853 792
6854 2261
6855 4024
6856 1967
6857 808
6858 1774
6859 1038
6860 5105
6861 4666
6862 2482
6863 1762
6864 2574
6865 74
6866 2877
6867 484
6868 4574
6869 1132
6870 1016
6871 4744
6872 2246
6873 3231
6874 3763
6875 240
6876 1917
6877 5035
6878 4753
6879 1941
6880 4704
6881 3776
6882 2391
6883 140
6884 4391
6885 3968
6886 3081
6887 1201
6888 3868
6889 1266
6890 5002
6891 1809
6892 4457
6893 4336
6894 732
6895 4999
6896 191
6897 5092
6898 1143
6899 808
6900 3933
6901 3120
6902 5076
6903 1920
6904 3669
6905 805
6906 1107
6907 3209
6908 951
6909 193
6910 3490
6911 4853
6912 349
6913 2556
6914 3539
6915 2325
6916 2389
6917 3487
6918 2185
6919 4211
6920 1914
6921 1608
6922 867
6923 4134
6924 3062
6925 1734
6926 4324
6927 179
6928 583
6929 81
6930 5013
6931 984
6932 1647
6933 3958
6934 2495
6935 615
6936 1889
6937 4675
6938 966
6939 1292
6940 4855
6941 4475
6942 387
6943 4652
6944 765
6945 1997
6946 4185
6947 163
6948 2818
6949 3227
6950 3171
6951 5132
6952 819
6953 4156
6954 4505
6955 3917
6956 1822
6957 1620
6958 5033
6959 1962
6960 3774
6961 2885
6962 3758
6963 4363
6964 3703
6965 4916
6966 3215
6967 3532
6968 3679
6969 2167
6970 3884
6971 3991
6972 2829
6973 4041
6974 4479
6975 3172
6976 3917
6977 4671
6978 89
6979 4107
6980 5099
6981 4489
6982 3381
6983 4694
6984 4331
6985 244
6986 157
6987 1683
6988 1033
6989 1760
6990 1464
6991 786
6992 833
6993 1027
6994 3330
6995 3004
6996 1931
6997 630
6998 3927
6999 3326
7000 5112
7001 657
7002 62
7003 3388
7004 3292
7005 1255
7006 4847
7007 3370
7008 2031
7009 3727
7010 4511
7011 3435
7012 4331
7013 4244
7014 1287
7015 2365
7016 4343
7017 1597
7018 3810
7019 3518
7020 3469
7021 194
7022 1444
7023 4875
7024 3730
7025 1737
7026 4298
7027 1229
7028 235
7029 1647
7030 3974
7031 1712
7032 4667
7033 4191
7034 4499
7035 2727
7036 4947
7037 3323
7038 679
7039 3616
7040 3085
7041 3540
7042 3072
7043 5057
7044 3388
7045 866
7046 1337
