2574 34
4557 41
3778 3
4046 6
4859 12
5413 18
1827 45
5232 32
5401 16
5274 14
3806 31
5684 8
4784 16
5438 13
321 8
5340 46
5516 12
2122 29
5351 9
5858 45
5874 16
5551 1
5043 27
2158 7
3645 33
5643 5
5706 16
5294 15
5226 1
5923 13
2234 33
4993 2
4521 14
5737 9
5866 13
1100 6
2881 24
3873 3
4201 16
1918 8
5890 13
5349 3
1407 31
4763 15
2248 25
5253 15
4034 16
5702 1
2754 42
5455 16
1457 12
3704 32
155 3
5501 15
5868 14
1435 35
5961 48
2924 32
5289 5
5414 35
1863 5
4610 8
5698 29
5683 14
5958 16
477 9
4718 14
2681 15
5023 16
4490 22
5287 31
4026 22
3274 22
3912 15
217 9
5137 16
1004 14
4854 16
5376 5
4765 14
5082 31
5553 4
5327 7
4419 35
3319 32
3309 13
5404 3
5762 27
2641 27
401 31
283 34
2153 22
3146 34
3874 45
4307 5
162 43
2753 8
5317 24
3822 41
5156 5
2081 19
5106 22
610 6
5701 2
4964 8
3399 12
3199 19
5503 3
5264 16
692 12
5427 19
4360 9
4619 16
2032 8
1091 46
5510 15
5910 15
5675 5
347 31
4413 12
5898 8
5532 3
2906 27
5938 24
5845 27
5113 32
5416 5
3696 24
665 9
5254 9
1585 37
5824 2
4350 34
3906 7
5149 4
3472 32
3600 14
5301 13
3371 24
5371 21
3404 5
601 22
4591 13
4200 15
5782 27
5308 9
1636 8
2769 15
2072 31
5218 15
5478 13
1962 5
1484 42
5163 13
5942 15
5030 21
3208 22
2509 42
1259 32
5805 5
5336 35
4554 19
423 31
4289 27
5934 5
4368 20
5167 3
4504 27
5134 13
159 8
2152 8
5605 15
4274 15
4528 34
3453 22
4832 16
1472 13
5466 8
2936 29
835 24
5234 3
771 12
5513 2
1210 8
2997 22
5135 32
332 8
2485 31
5178 19
4071 6
2074 32
5888 5
5889 26
5891 3
220 46
5392 15
1084 13
4813 6
5322 32
1621 24
5364 13
5810 13
817 12
5956 15
3044 12
5657 26
5223 13
2467 29
5462 19
5157 13
4147 34
3308 24
1433 24
4488 7
1994 8
5634 24
4475 31
5631 49
5467 35
5542 12
329 13
4919 3
5500 9
3995 29
221 8
5435 4
5835 15
5252 4
5833 13
3305 17
5487 15
1022 42
3259 27
5343 18
5231 3
5851 19
4883 19
5283 12
3065 6
5783 15
5333 26
5802 16
4385 32
5450 2
4141 3
2891 22
2945 8
292 22
2811 45
1265 8
4913 16
2490 16
5803 23
526 28
5424 4
5739 8
4645 5
3190 31
2593 13
4352 4
3439 12
5331 3
434 9
3541 5
3634 31
5422 4
5423 6
3080 9
308 14
5400 29
4072 12
2560 1
2854 15
4891 17
5185 29
2496 8
2579 27
5085 8
4463 15
3363 15
4604 12
507 25
1246 8
5719 16
5930 15
5940 13
1969 32
5346 9
5529 34
5581 18
175 35
5922 0
1499 24
5194 1
5065 27
4873 22
4330 32
5665 14
5773 15
3746 35
4005 43
5221 15
563 31
5476 32
4438 46
804 9
5278 27
5470 18
5133 15
4837 7
5607 24
1883 13
5566 14
2285 0
5655 4
4064 7
829 17
4116 24
1099 31
5765 7
5788 13
5269 5
3897 22
3077 46
5801 13
5901 8
5535 27
4906 30
1069 13
5861 15
5366 19
2804 22
5222 18
5630 15
285 24
5017 29
5444 13
5867 15
156 32
5909 16
5307 3
3426 27
5696 27
1066 54
5561 5
1830 32
119 8
2761 27
5306 13
5398 6
5865 9
2307 34
4156 27
5098 22
5484 16
1761 30
5112 32
3358 25
4165 31
4654 35
125 26
4694 27
5169 5
253 33
4397 5
5880 1
3886 16
4534 35
5205 10
5039 33
5196 15
3367 35
4041 16
2446 14
5959 15
4586 17
1406 28
5941 31
4396 5
5492 18
5170 13
5368 13
3827 8
4996 3
5183 22
793 15
5191 32
5045 34
752 54
3910 31
3967 16
4277 6
5751 15
5242 18
2173 29
5207 32
3 1207
4 4104
5 542
6 5957
8 5590
9 5879
11 3121
13 2768
16 5619
24 4551
28 2550
29 5133
32 1065
33 4921
34 5382
36 5941
37 5382
39 1869
40 1864
42 500
44 2000
46 1920
47 793
51 700
52 1689
54 798
56 3367
58 4596
59 2317
61 3721
63 2649
67 5424
68 1139
71 2820
72 452
73 952
78 4310
85 26
86 4798
87 4433
89 5275
91 3113
95 2672
97 863
98 5728
100 3377
101 5573
105 250
110 3658
113 3687
122 1521
123 5472
124 4042
126 5647
127 2211
129 5886
131 1058
135 4251
138 2021
144 2222
145 5281
146 5377
149 5531
151 2032
152 53
153 362
157 5628
161 4409
163 1846
164 1181
166 5332
169 5373
170 1024
171 4911
174 5934
178 5447
179 5221
182 5357
184 1142
185 4161
188 4920
191 5911
192 680
194 638
195 1410
196 5161
202 4319
204 1955
207 3235
211 3347
213 4647
215 4956
222 5869
223 5461
225 5556
226 2313
228 3827
230 570
235 1048
240 3677
241 5949
242 659
244 409
247 239
249 724
254 3234
257 3460
258 2877
262 3346
265 3235
266 1410
268 2370
271 3154
274 4906
278 5318
280 2620
281 1115
282 1582
287 64
288 5082
289 5494
290 5754
291 3193
297 4060
298 5342
299 30
301 3808
302 1702
304 4308
305 1655
309 1203
312 1645
318 2772
320 1171
326 5003
327 4378
334 294
340 5714
341 4891
345 1273
346 4744
351 5723
352 3574
353 4557
356 4081
357 5220
360 2761
363 1002
364 3978
365 115
369 2722
370 4144
371 5614
376 279
377 4587
378 5063
379 5145
380 4873
382 4895
383 5178
384 270
385 984
386 140
389 3177
390 4310
391 4476
393 3960
395 4143
397 4919
399 1279
404 156
405 3787
407 2480
411 4376
412 4449
413 3482
414 103
415 96
419 3931
420 5895
422 1177
424 3585
426 3741
429 2850
430 5963
432 918
436 2877
438 5671
439 4724
440 5123
442 2425
445 3539
446 2168
447 4977
448 1484
450 4993
451 210
454 4068
455 417
456 2348
458 3123
459 3721
460 140
465 600
467 5855
471 5373
474 4677
475 2816
478 1217
480 4829
482 214
484 5244
485 922
486 336
487 5517
489 2404
490 3468
491 5394
493 3720
494 303
495 669
497 3687
498 4056
499 4833
502 4625
508 5378
510 261
511 5314
512 328
513 5135
514 1888
515 2874
516 5124
517 5600
518 1227
520 3109
522 2703
529 2095
532 5588
533 464
534 5188
535 5923
536 69
537 4625
538 5628
541 15
543 1217
544 4143
545 3044
548 5161
549 5953
551 5521
553 55
555 3217
557 3216
559 2358
561 5108
562 2322
566 5242
568 5201
569 5611
571 3462
574 4678
579 5307
582 1102
583 5602
587 4610
590 5751
592 3874
594 3170
595 5634
596 2840
598 5375
603 3037
605 600
607 5419
608 2846
609 2161
612 1139
613 5949
614 2989
616 2518
617 3163
618 5542
619 3144
624 1435
625 3696
626 1749
627 4752
628 5889
629 872
631 3886
633 4240
635 3352
636 5318
637 2708
640 2717
641 3498
642 272
643 2549
644 4161
646 2327
647 216
649 2348
650 2060
651 899
652 3404
655 43
662 5777
664 5654
666 5944
667 5179
670 434
675 2182
676 4649
678 5166
681 5682
682 2903
685 5684
691 1660
694 3144
695 1969
697 1060
698 2683
699 4847
701 2446
703 4942
704 3755
707 5821
708 5899
709 4407
711 3018
713 1280
717 5665
719 5321
720 588
721 1448
722 3727
723 5950
725 1758
726 4205
727 801
728 3431
729 3252
733 5866
734 4668
737 5675
739 4558
741 5192
742 1109
744 5881
745 4625
746 710
748 5475
749 5485
751 1377
753 1575
755 35
758 4738
759 3115
760 2499
761 3162
762 199
763 817
764 4116
765 4181
768 5375
769 5062
770 2603
774 2862
777 2507
779 5702
781 5122
783 2033
784 5825
787 295
788 5549
789 205
790 4584
791 2949
799 2110
803 5359
806 4579
807 5947
810 2480
812 408
813 3636
814 5942
816 884
819 5188
822 3676
823 133
827 2776
830 1717
831 1579
832 4837
834 1014
842 1621
844 809
846 2553
847 5947
848 845
849 5714
852 3387
853 5341
856 172
857 2725
858 2993
859 2661
860 2644
861 1352
862 2624
865 4005
869 4919
870 1584
873 1299
880 1424
883 5548
885 452
886 5162
887 2890
889 4067
890 1000
893 750
894 5875
897 530
900 250
901 4720
903 4060
905 5901
906 1645
907 5154
909 4917
911 1484
912 4067
913 4060
914 5591
915 3298
920 1347
921 1536
923 3070
925 4140
926 2322
928 5310
929 4596
930 942
932 5925
933 982
934 2614
935 2863
936 1076
938 527
939 5086
940 2277
941 4402
943 5194
944 3873
945 4584
946 5443
948 5143
949 3397
950 4202
951 5024
954 1601
955 3231
957 15
959 1000
960 4949
961 1143
962 5271
963 3918
964 1877
968 5137
971 2811
973 4567
974 5764
976 5816
977 829
978 2416
979 2857
980 5201
981 270
983 1516
986 1109
987 3954
989 1239
991 2803
992 361
993 330
994 3004
995 3844
996 5145
998 2370
999 2254
1007 5912
1008 5855
1009 5563
1010 5352
1012 3750
1015 4433
1017 4993
1018 3995
1019 4516
1021 2685
1023 1343
1031 5691
1034 714
1037 4850
1039 1712
1042 2881
1043 3247
1044 3438
1045 4518
1046 724
1047 5481
1049 5717
1050 5684
1051 4204
1053 878
1054 2891
1055 387
1057 311
1059 4831
1061 1894
1062 879
1063 5233
1070 2602
1071 3377
1074 4859
1075 1479
1080 1377
1081 5781
1082 3960
1085 884
1089 2780
1090 3751
1093 4142
1094 4832
1096 5553
1097 14
1101 5522
1103 3498
1104 1239
1108 5312
1110 3216
1111 5606
1113 4788
1114 5458
1116 5670
1117 5551
1120 882
1121 5610
1122 5413
1123 2812
1125 3694
1126 3914
1129 661
1130 1098
1134 5440
1136 5064
1138 1769
1140 1582
1141 3054
1144 3305
1145 1405
1147 2763
1148 4654
1154 2863
1155 5521
1156 118
1157 5378
1159 3518
1161 1294
1162 2350
1163 1968
1165 3884
1166 2104
1168 5110
1178 1513
1179 4850
1182 5523
1183 4985
1185 5818
1188 92
1189 1992
1193 5467
1195 416
1196 5611
1197 3202
1200 3488
1201 1827
1204 4144
1205 767
1208 5851
1209 5459
1212 4116
1213 5385
1215 3104
1216 3368
1218 4466
1220 461
1223 5577
1224 2192
1228 3259
1232 5531
1233 5195
1234 3352
1235 3082
1236 942
1237 5294
1240 5431
1241 4327
1243 4444
1244 1601
1245 982
1247 4791
1249 771
1250 1658
1252 4192
1253 5312
1255 3615
1258 2854
1260 4306
1261 4779
1262 4419
1263 5278
1264 3645
1270 1033
1272 5045
1274 1135
1276 3995
1283 5677
1286 5419
1287 273
1288 1760
1292 5222
1293 5457
1295 2401
1296 5791
1302 3305
1303 1434
1306 5447
1309 5321
1310 1150
1315 864
1316 4368
1317 3441
1319 1164
1322 5070
1324 3808
1330 2919
1331 3348
1333 435
1335 4284
1336 433
1337 623
1339 5631
1340 4288
1341 837
1346 4993
1348 5485
1350 2804
1353 5248
1354 3965
1355 1706
1357 5193
1359 3263
1360 5520
1363 206
1364 4180
1367 94
1369 5875
1374 5793
1382 1328
1383 3652
1384 286
1386 3059
1389 4193
1391 3185
1393 835
1395 4426
1399 1131
1400 5632
1401 1760
1403 902
1404 4743
1408 837
1412 5479
1414 3543
1416 5929
1417 5679
1418 2410
1422 4666
1423 5313
1425 5159
1426 1077
1428 5156
1429 1809
1431 4035
1432 3004
1436 3635
1438 3252
1439 5607
1440 1628
1441 1343
1443 4056
1444 3467
1446 4438
1447 4299
1449 5709
1450 3921
1451 4829
1453 5860
1454 3886
1456 5544
1460 2894
1461 1347
1462 5550
1464 5650
1465 2072
1467 5533
1469 4288
1470 1697
1476 187
1478 250
1481 1616
1482 767
1488 1770
1489 782
1495 5744
1496 3938
1498 1184
1500 2655
1501 5378
1503 5483
1504 2193
1505 4710
1507 4849
1508 4668
1510 5853
1515 2437
1519 1513
1522 1100
1523 5078
1526 5452
1527 4020
1529 3817
1530 965
1531 1352
1532 3814
1534 5118
1539 4688
1541 5522
1542 3011
1544 4090
1545 431
1546 93
1547 4484
1549 3089
1550 2993
1552 5540
1554 2235
1556 3075
1560 3396
1561 2749
1562 4882
1563 5520
1564 724
1565 3519
1566 82
1569 4409
1570 2753
1571 3687
1572 5502
1574 773
1577 410
1578 2686
1580 1912
1581 4081
1588 3986
1589 4367
1590 683
1592 2433
1594 4396
1596 3206
1597 212
1598 1968
1599 1088
1602 5258
1603 64
1604 5139
1605 5259
1607 5651
1609 5110
1610 3185
1611 260
1613 5217
1614 4769
1615 5184
1617 5487
1618 578
1620 5901
1622 5452
1623 5325
1625 2681
1626 5042
1627 5604
1629 5773
1631 2431
1632 2521
1633 4488
1638 4784
1639 5408
1642 3168
1643 2655
1646 3033
1648 696
1649 2226
1650 5907
1651 4489
1652 5808
1656 398
1657 4580
1662 2049
1664 387
1665 1480
1666 5953
1667 3880
1668 45
1669 599
1672 1640
1673 4449
1674 1853
1675 3753
1679 1647
1680 96
1682 5797
1684 3676
1688 2624
1692 5568
1693 2396
1695 5190
1696 2392
1698 2822
1700 2593
1701 5584
1703 3315
1704 1091
1705 3876
1707 5725
1709 2313
1710 3770
1713 2372
1715 2123
1718 250
1719 5367
1720 4021
1723 1402
1724 4476
1725 2688
1726 347
1729 1722
1730 4481
1731 5741
1733 1658
1734 1056
1736 2722
1737 1608
1738 1065
1739 740
1740 5533
1742 1671
1744 4039
1745 141
1750 855
1751 5585
1752 3910
1753 2180
1754 5530
1755 5940
1757 526
1759 5931
1762 245
1764 4778
1765 273
1767 5794
1768 5103
1771 2346
1773 3904
1774 2356
1776 1153
1777 1239
1779 660
1789 4783
1790 4755
1791 1455
1793 2322
1794 5353
1796 206
1797 2644
1798 3967
1800 3812
1801 5939
1804 5921
1805 5151
1807 4285
1808 3519
1810 2634
1811 2634
1812 5614
1813 108
1814 3921
1815 4603
1816 5583
1817 2119
1819 3694
1820 1732
1823 4042
1824 1778
1825 1513
1826 527
1828 552
1829 5487
1832 5405
1833 5244
1834 2565
1837 5805
1838 1084
1839 3874
1841 1124
1842 5963
1843 5421
1844 5565
1845 2877
1847 2337
1848 1281
1849 1013
1851 1992
1855 449
1857 1242
1858 21
1860 5479
1861 3225
1862 4372
1865 5667
1868 3262
1871 5922
1872 5158
1873 5832
1874 5264
1875 221
1876 3914
1878 5332
1879 3757
1881 5210
1884 5407
1885 2345
1886 3461
1891 5929
1892 245
1893 1356
1895 1702
1896 5272
1897 743
1898 4942
1900 5211
1901 5802
1902 5665
1903 74
1905 1107
1906 314
1907 5659
1908 1702
1909 4941
1910 2147
1911 1778
1917 3460
1919 5674
1921 3719
1922 193
1924 2924
1925 888
1928 1540
1929 410
1930 5936
1931 1969
1933 2235
1934 3420
1935 5073
1936 3745
1939 5635
1942 1194
1943 232
1944 1712
1946 1433
1949 5117
1950 3679
1951 4603
1953 3371
1954 406
1956 4012
1957 1084
1958 3869
1959 4785
1960 4980
1961 1913
1963 1781
1964 5868
1965 3560
1966 4649
1967 5941
1970 5380
1971 519
1972 2165
1973 5682
1975 5924
1976 3677
1978 4934
1980 4611
1981 5613
1982 1671
1983 5311
1984 5236
1985 3874
1986 5143
1987 5805
1991 4694
1993 5951
1995 724
1996 3100
1997 2880
1998 4413
1999 233
2001 4567
2002 1585
2003 1788
2004 1041
2006 2993
2007 2536
2009 5185
2010 5864
2011 5706
2015 4766
2016 1584
2017 5464
2018 4449
2022 398
2027 5619
2028 7
2029 431
2030 1778
2036 4790
2039 1327
2040 5686
2042 307
2043 2112
2044 1152
2045 3533
2047 2567
2048 5403
2052 3501
2053 1758
2055 238
2056 408
2057 3927
2059 5582
2061 5120
2062 4227
2064 1199
2065 661
2066 5817
2067 3595
2068 3999
2069 638
2070 1376
2073 1660
2075 325
2076 5616
2077 4610
2078 2749
2080 5251
2082 5669
2083 3969
2085 5746
2086 3064
2089 3855
2091 1181
2092 5540
2096 3137
2097 1506
2098 1573
2099 5441
2105 4340
2106 5548
2107 4845
2111 1882
2114 5040
2115 5838
2116 795
2117 4926
2118 3168
2120 1259
2126 4743
2129 3174
2131 3652
2132 5901
2134 1206
2135 5657
2136 4788
2138 3778
2139 3704
2140 5408
2141 4193
2142 611
2143 3770
2144 1210
2145 3992
2146 5890
2148 634
2149 5182
2150 311
2154 3645
2155 4129
2157 2549
2159 5366
2164 3941
2169 2725
2170 5172
2171 2624
2172 5532
2174 5244
2176 821
2177 1344
2178 771
2179 4349
2181 3749
2183 3521
2184 2299
2186 5472
2187 4787
2188 5421
2190 4319
2191 1273
2194 3449
2195 3896
2196 5270
2197 5804
2198 5501
2199 1394
2200 1864
2201 3823
2202 5818
2203 3914
2204 1206
2205 3460
2207 252
2210 5803
2212 4534
2213 1758
2214 3652
2218 4041
2219 3776
2220 186
2223 5393
2225 792
2227 5007
2228 2436
2230 5068
2232 3533
2236 3202
2238 1365
2240 3533
2244 656
2245 3270
2246 1923
2249 2542
2250 5555
2252 218
2255 3623
2256 1915
2259 5279
2260 1269
2261 5864
2262 2624
2264 4934
2265 5591
2266 5574
2267 3061
2269 1112
2270 4846
2271 4951
2273 3319
2274 1761
2276 303
2278 738
2280 2531
2281 2722
2282 575
2284 2014
2286 5314
2287 1290
2288 1343
2289 1433
2290 2153
2291 5339
2292 1525
2293 4596
2295 5261
2296 5679
2297 3954
2298 1127
2300 5897
2302 3808
2304 5931
2305 3855
2308 1702
2310 4976
2312 4397
2315 3512
2316 328
2318 4090
2320 3154
2321 3863
2323 621
2324 3921
2325 554
2326 1770
2328 3668
2329 4478
2330 5181
2331 5130
2332 786
2333 2679
2334 333
2338 2319
2339 5182
2340 524
2341 3952
2342 5713
2343 1000
2344 1904
2347 1184
2351 5105
2353 1345
2354 3467
2359 4866
2360 684
2361 1463
2362 4907
2363 5416
2366 5727
2367 4788
2368 5226
2369 93
2371 4858
2374 4151
2378 3234
2379 1327
2380 4956
2381 4153
2382 606
2384 3209
2386 916
2388 1493
2389 5419
2390 5195
2391 4083
2393 817
2394 3675
2397 836
2398 3965
2399 4604
2402 4302
2403 344
2405 4340
2406 4165
2408 103
2409 3080
2411 1175
2412 1989
2413 5202
2415 4898
2417 2875
2418 924
2419 5378
2420 3704
2421 5737
2422 3639
2423 3225
2424 5362
2427 3170
2430 5925
2432 5532
2435 5199
2438 2392
2439 1072
2441 2772
2443 88
2444 5824
2445 3624
2447 3144
2448 1916
2450 5620
2451 5429
2452 3999
2454 3869
2456 5605
2457 665
2458 5381
2459 2624
2460 3021
2463 2093
2464 1630
2465 1619
2466 5520
2468 5383
2469 5354
2470 5251
2472 4913
2474 437
2475 871
2476 3699
2477 1792
2478 1890
2479 203
2481 464
2483 5592
2487 5272
2491 5793
2494 3753
2495 3426
2498 5041
2501 660
2502 5255
2503 1176
2505 2574
2508 2158
2511 5251
2512 4192
2513 5237
2514 5911
2515 2661
2516 5333
2519 3912
2520 3267
2523 692
2524 2764
2525 5789
2526 554
2527 2025
2528 2589
2530 5362
2532 877
2534 1479
2535 4440
2540 21
2541 1380
2544 4637
2545 354
2547 1853
2548 462
2552 2804
2554 2081
2555 5738
2559 479
2561 5229
2563 1387
2564 5720
2566 4849
2568 1285
2569 4199
2572 5020
2573 2772
2575 1463
2576 4384
2577 156
2578 565
2580 5180
2581 431
2582 5398
2583 5305
2584 125
2585 2635
2586 1676
2590 2778
2592 3184
2596 4917
2599 4644
2604 2722
2605 2453
2606 1338
2607 2156
2610 5965
2611 5333
2613 1637
2615 142
2616 757
2619 4786
2621 2355
2622 2350
2623 4056
2626 5472
2628 3564
2629 3866
2630 3522
2631 4478
2636 3199
2638 1888
2639 3484
2640 4516
2642 5323
2643 1407
2645 3206
2648 531
2651 1485
2652 5393
2656 2822
2657 3655
2658 1608
2659 1846
2662 1654
2663 5777
2665 2357
2666 4284
2669 5663
2671 5635
2673 5549
2674 1210
2676 5857
2677 3658
2678 4761
2680 3671
2682 917
2684 3484
2689 3917
2690 3252
2692 610
2695 102
2696 3615
2697 5691
2698 1390
2699 4372
2700 1210
2701 2247
2702 4710
2706 1332
2707 5734
2709 1361
2710 111
2711 5742
2712 5367
2713 5688
2715 5443
2716 966
2718 60
2719 4360
2724 3757
2729 3005
2730 1167
2731 5254
2732 2510
2733 277
2734 5804
2736 1169
2737 3882
2738 1041
2739 2761
2740 4988
2742 2704
2744 2349
2745 771
2748 5450
2750 4656
2751 4717
2752 5658
2756 1176
2757 3519
2758 2221
2759 817
2762 2778
2765 3766
2767 4856
2770 2627
2773 3352
2774 4208
2779 1321
2781 1100
2782 116
2783 3984
2785 2
2786 5377
2787 824
2789 5259
2791 443
2792 542
2793 5347
2795 5584
2798 4062
2799 5825
2800 1661
2801 272
2802 5435
2806 5762
2807 2050
2808 5211
2815 5860
2818 3000
2821 956
2823 584
2824 2442
2825 2755
2826 1311
2828 1792
2829 4572
2830 118
2831 5668
2832 1301
2834 1254
2836 3899
2837 1379
2838 130
2843 3491
2845 449
2847 5134
2848 4829
2849 136
2851 5393
2852 331
2856 5820
2859 3488
2864 5805
2866 4117
2867 4883
2868 2185
2869 5090
2870 272
2872 4193
2873 5235
2876 1795
2878 2050
2879 5264
2883 782
2884 155
2885 234
2888 5238
2889 3789
2892 4033
2893 5624
2896 4918
2898 4812
2899 137
2900 0
2901 610
2902 5355
2904 1894
2905 1831
2907 5409
2910 3560
2912 5395
2913 5699
2914 1150
2915 2229
2916 220
2917 1506
2918 4028
2920 604
2921 3040
2922 4007
2925 1913
2927 4557
2929 3450
2933 5410
2937 3171
2939 325
2940 3734
2941 4144
2942 4440
2943 2437
2944 4976
2946 556
2950 3253
2951 4829
2953 2437
2955 5663
2956 4199
2957 3003
2959 1601
2961 5281
2962 2717
2963 2650
2964 5427
2965 2574
2966 5197
2969 874
2972 418
2975 879
2976 5575
2977 2090
2978 5158
2979 4716
2980 5877
2981 5184
2982 573
2983 3523
2984 5943
2985 5961
2986 3690
2987 2095
2988 236
2991 1827
2992 5118
2994 3414
2995 3232
2996 1636
2998 1968
3001 1351
3006 829
3007 5852
3009 5485
3012 851
3014 2603
3016 1323
3017 5351
3019 3718
3022 4789
3023 3214
3024 421
3025 4277
3026 585
3028 4724
3029 2175
3030 3649
3031 477
3032 5487
3034 5540
3035 5550
3036 5822
3038 1945
3041 850
3042 1251
3045 4278
3046 3342
3048 796
3049 2490
3050 4893
3052 5847
3053 25
3055 5869
3057 168
3067 2688
3068 5565
3071 3136
3073 255
3074 531
3076 3434
3078 5733
3079 1434
3081 1586
3083 409
3084 2125
3085 4806
3086 2251
3087 4133
3091 4128
3092 2088
3093 473
3094 2531
3095 1282
3097 3234
3098 891
3101 3114
3105 5809
3107 1691
3108 5571
3110 1466
3111 4100
3112 580
3116 4543
3117 5212
3118 1927
3119 953
3122 2263
3125 81
3126 3080
3128 5501
3129 5910
3131 5741
3132 3981
3134 528
3135 464
3138 854
3141 5312
3142 5493
3147 867
3148 5538
3151 4398
3152 5488
3153 1557
3155 5449
3159 1065
3161 563
3164 5215
3165 5283
3166 1788
3167 2020
3169 572
3173 1280
3176 1397
3179 5832
3180 5823
3181 99
3182 1442
3183 3917
3186 5316
3189 2790
3192 1202
3194 3880
3195 2597
3196 578
3197 1548
3198 5357
3200 3931
3203 1616
3205 4181
3207 2263
3210 303
3212 66
3213 1518
3215 5721
3218 2072
3220 3960
3222 5015
3223 3102
3226 248
3228 5464
3229 1135
3230 1342
3233 4596
3237 1743
3239 1587
3240 3238
3241 1099
3242 1821
3244 4821
3245 3728
3246 5169
3248 5104
3249 425
3250 821
3251 5709
3254 5664
3255 2410
3256 3040
3257 5475
3260 1487
3264 5152
3265 5444
3266 5417
3268 1677
3269 5693
3271 5806
3272 3109
3273 5289
3275 863
3276 1095
3278 473
3279 4845
3281 3322
3282 4568
3283 5775
3285 53
3286 782
3287 470
3288 5040
3289 2462
3292 4245
3293 1060
3294 4585
3296 2813
3297 5391
3299 3569
3300 4517
3310 2839
3311 5302
3312 2113
3313 3719
3314 5382
3317 5234
3318 5700
3320 5253
3323 337
3324 5902
3325 3058
3328 5068
3329 2428
3331 1867
3332 5103
3334 5143
3336 3263
3337 5680
3338 321
3339 2033
3340 1591
3341 2764
3343 4980
3344 1229
3345 5660
3350 4921
3351 5239
3353 1273
3354 5378
3355 2257
3356 2760
3357 706
3360 1948
3361 3592
3362 5312
3364 5361
3366 3047
3369 500
3372 854
3373 423
3376 706
3378 3764
3381 1918
3384 5911
3386 5724
3388 4041
3389 2233
3390 5339
3391 5546
3392 140
3393 3295
3394 5721
3401 4792
3403 479
3405 5133
3406 3290
3408 5873
3409 2072
3410 5117
3413 4581
3415 1370
3416 2661
3417 5293
3421 5124
3422 4078
3423 4778
3424 5337
3425 21
3427 660
3428 4183
3429 1827
3433 3813
3436 4214
3443 1311
3444 2990
3446 4102
3447 5341
3448 3970
3451 2589
3452 2133
3456 2014
3458 5641
3463 5169
3464 237
3465 3144
3466 4028
3469 2217
3470 1990
3471 4275
3473 2113
3474 3571
3475 4743
3476 3862
3477 2588
3478 5156
3479 2346
3480 1533
3483 3259
3485 396
3486 3064
3487 3199
3489 3904
3492 2147
3494 5103
3497 5340
3499 2063
3504 5543
3505 3202
3506 5211
3507 5754
3508 251
3509 4225
3511 2746
3517 5474
3520 1407
3524 2357
3525 322
3527 4311
3529 3188
3530 5667
3531 5770
3534 820
3536 4119
3537 259
3540 1846
3542 4986
3544 1494
3545 3058
3546 4499
3547 2970
3549 2489
3550 965
3551 1840
3552 5958
3553 311
3554 1660
3555 3437
3556 3533
3559 2533
3566 1809
3567 3115
3568 3871
3572 4962
3573 942
3577 5368
3578 1068
3580 3315
3582 155
3583 4478
3586 2654
3587 4407
3589 3766
3590 5232
3591 5806
3596 2336
3597 2303
3598 4319
3599 3077
3601 1176
3602 5605
3603 2440
3605 2233
3607 3955
3609 4215
3610 4148
3611 1409
3612 5851
3613 3824
3618 5927
3620 5654
3621 5416
3625 5554
3627 2521
3628 5854
3629 4579
3630 5267
3631 5298
3632 4809
3633 5765
3637 5322
3638 5241
3640 2788
3642 1118
3643 1225
3646 3671
3647 634
3651 2335
3653 5293
3654 5387
3659 1670
3661 5392
3664 5321
3665 773
3670 4340
3672 3776
3673 4400
3674 1349
3678 1229
3681 5952
3682 5609
3684 1376
3686 2088
3688 5050
3689 528
3691 5616
3692 5779
3695 1246
3697 1582
3698 572
3700 5136
3705 5441
3707 4046
3708 49
3709 1022
3710 5366
3715 2874
3716 3910
3723 3371
3724 4007
3729 525
3730 1883
3732 5662
3735 2506
3736 4291
3737 2650
3739 4604
3740 295
3742 1002
3743 239
3744 1038
3748 1248
3752 1326
3754 5466
3756 3015
3759 5949
3760 4705
3761 2973
3762 4215
3763 1186
3765 740
3767 3881
3768 317
3769 3974
3771 800
3773 437
3774 5177
3775 2110
3779 4174
3780 5823
3781 1988
3782 156
3783 1480
3784 193
3786 5687
3790 5667
3792 5501
3793 3562
3796 342
3797 3795
3799 3712
3800 3844
3802 5879
3803 5309
3805 4715
3807 2433
3809 645
3810 1840
3811 3713
3816 5703
3818 1091
3819 2467
3820 22
3821 5322
3826 1328
3828 5120
3829 1647
3830 21
3831 2633
3832 876
3835 5436
3836 30
3837 277
3838 2612
3841 2602
3842 5412
3843 5882
3845 3795
3846 4172
3847 1513
3848 5331
3851 1219
3852 3882
3853 3491
3854 3346
3856 5762
3857 5201
3858 1084
3859 1732
3860 3704
3861 3969
3864 5468
3865 473
3867 2624
3868 117
3872 990
3875 5356
3877 591
3878 2509
3879 5731
3883 210
3885 5538
3887 772
3889 1490
3892 4179
3893 5920
3894 1332
3895 5818
3898 3178
3900 27
3901 4100
3902 336
3905 5746
3907 1601
3908 5913
3909 4444
3911 3468
3913 5265
3915 5892
3919 2587
3920 5585
3922 3115
3926 837
3929 1785
3930 3503
3932 4956
3934 4156
3935 5106
3936 2668
3937 1977
3939 917
3943 5621
3945 147
3946 4692
3947 5753
3949 5590
3950 2557
3951 1952
3958 3177
3959 5959
3962 1102
3963 2484
3964 680
3966 5064
3968 3137
3971 4688
3973 4829
3975 4956
3976 5780
3977 1938
3979 5116
3980 79
3985 985
3987 2881
3988 5145
3990 5004
3991 3348
3993 255
3996 4372
3997 5726
3998 5284
4001 3600
4003 5902
4004 347
4006 2777
4008 2890
4009 4368
4010 433
4011 3234
4013 5947
4014 5382
4016 2257
4017 953
4019 1769
4022 2686
4023 2816
4024 1600
4025 580
4029 1887
4030 1840
4036 362
4037 3500
4038 5936
4040 715
4044 1239
4048 700
4049 4389
4050 3149
4052 4707
4054 5688
4059 5892
4061 5903
4063 2670
4066 5289
4069 5766
4073 5494
4074 125
4075 5449
4076 4129
4077 2407
4079 5706
4080 468
4082 2376
4084 1940
4085 1685
4086 4041
4089 229
4091 1060
4093 5244
4094 4410
4096 3600
4098 2850
4099 79
4101 4496
4103 2794
4106 3187
4107 4426
4108 5218
4109 5342
4110 5251
4111 1
4112 444
4113 4116
4114 1279
4115 2303
4121 4334
4122 2467
4123 1284
4124 5647
4125 1375
4126 5398
4130 3414
4131 5134
4132 5848
4134 435
4136 5506
4138 5519
4139 4334
4146 3000
4150 4478
4152 3619
4154 4951
4158 1173
4159 5304
4160 772
4162 5440
4163 5568
4164 5334
4167 3657
4169 4334
4170 4201
4171 26
4175 5682
4176 5113
4177 2842
4178 1041
4184 4388
4185 4965
4186 167
4188 1647
4189 809
4190 1027
4191 1150
4194 5421
4196 5359
4197 2587
4198 5301
4203 4586
4206 5391
4207 3731
4209 3400
4210 5246
4211 2509
4212 5123
4213 82
4218 1567
4219 5680
4221 31
4223 2375
4224 5007
4228 2024
4229 4239
4230 2819
4232 4869
4233 766
4234 710
4235 5884
4236 2034
4237 815
4241 5122
4242 3576
4244 2345
4246 5448
4247 2355
4249 139
4252 5705
4253 5639
4254 3562
4255 5633
4256 4865
4257 5099
4258 5718
4259 2272
4260 5381
4262 4071
4265 3751
4266 4969
4267 2603
4268 5683
4269 917
4270 116
4271 2124
4272 1347
4273 5229
4279 5895
4280 1579
4281 1524
4282 4543
4283 5214
4290 1184
4292 4878
4293 5323
4294 5479
4296 3063
4297 5501
4298 5627
4303 1568
4305 1084
4313 1033
4315 361
4316 5575
4317 3481
4318 5516
4320 5024
4321 4220
4322 1191
4323 4400
4324 2337
4325 5735
4326 5364
4331 3871
4333 1300
4335 2251
4337 4243
4338 1282
4339 239
4341 1455
4344 1118
4345 5130
4351 5428
4353 4829
4354 2248
4355 1376
4356 155
4357 4518
4358 1948
4361 1060
4362 1479
4363 3706
4365 5303
4366 5397
4370 5610
4371 1109
4373 5411
4374 4846
4375 3461
4377 881
4379 93
4380 2930
4381 5370
4383 5615
4387 5103
4390 4021
4391 4227
4393 840
4395 5669
4399 3850
4401 5936
4403 577
4404 2761
4405 5050
4406 2093
4408 5136
4411 1230
4412 5840
4414 2356
4415 3123
4416 3750
4417 5409
4418 2079
4420 5657
4421 1421
4422 3335
4423 4884
4424 1661
4428 3280
4430 5862
4431 4056
4434 3144
4436 5323
4437 3003
4439 839
4441 4895
4442 4384
4445 3745
4446 5651
4447 3274
4451 5930
4452 509
4453 1988
4455 1787
4456 1457
4457 684
4459 1671
4460 4856
4461 5203
4464 206
4465 4883
4467 1381
4468 5531
4469 2023
4470 319
4472 684
4473 276
4474 1940
4477 4045
4479 4981
4480 3377
4482 5693
4483 1013
4486 4862
4487 3445
4491 2653
4493 1870
4494 2720
4495 5495
4497 1072
4498 5264
4500 3608
4501 4012
4506 599
4507 1281
4508 348
4511 4811
4512 5936
4514 5176
4519 4153
4522 374
4524 2543
4527 1314
4529 330
4532 5453
4535 2839
4537 4347
4538 3813
4539 248
4540 1712
4544 1743
4545 1372
4547 2237
4548 5740
4550 798
4552 5779
4553 1747
4555 5650
4556 2989
4559 531
4560 154
4561 899
4562 431
4563 5069
4564 639
4565 1806
4566 3571
4569 2387
4570 3918
4571 2993
4575 2385
4576 2345
4577 4755
4578 634
4582 3172
4589 1004
4590 3776
4593 5343
4594 5324
4595 4847
4600 303
4601 128
4602 1491
4605 255
4606 416
4607 1782
4608 3870
4609 5155
4612 3234
4613 466
4614 4153
4615 797
4617 5558
4618 597
4620 3321
4621 3904
4622 4202
4624 3967
4626 2589
4627 330
4628 116
4629 3787
4630 780
4634 602
4635 5677
4636 4672
4638 5532
4642 2529
4643 5485
4646 4673
4648 863
4650 5389
4651 1630
4652 4314
4653 965
4655 5269
4657 2161
4658 3261
4659 2894
4660 4619
4661 5289
4662 374
4663 1028
4664 5447
4665 115
4671 4678
4676 3100
4679 1859
4680 3139
4681 5151
4682 2166
4683 1785
4684 4988
4685 5378
4686 3667
4690 5541
4691 5676
4693 4231
4695 5870
4696 3676
4697 2935
4698 5020
4699 1254
4700 5609
4701 5240
4702 3690
4703 4378
4704 3495
4706 77
4708 2175
4711 1640
4712 1888
4713 3757
4714 1311
4719 5788
4721 14
4722 5835
4723 2881
4725 3291
4726 1203
4727 586
4728 752
4729 5170
4730 5283
4732 4526
4733 1058
4737 15
4739 5934
4740 660
4741 3072
4745 4744
4746 3541
4748 1831
4749 1686
4750 5589
4751 5886
4753 4830
4754 5761
4756 2891
4757 5286
4759 1712
4760 5287
4762 5525
4764 3298
4767 4342
4768 5103
4771 1058
4773 133
4774 5699
4775 1003
4776 5062
4777 5738
4780 3020
4782 4347
4794 5541
4796 3606
4797 5443
4799 4906
4800 3363
4801 4378
4802 1127
4803 5727
4804 5680
4805 5887
4807 5075
4808 5446
4810 1016
4815 1257
4817 2492
4818 757
4819 2725
4820 3385
4822 2108
4824 3855
4825 4982
4826 2683
4827 866
4834 5305
4836 3232
4839 96
4840 3904
4841 826
4842 4319
4843 5305
4848 1513
4851 104
4853 5154
4861 5474
4863 3616
4867 1003
4868 5535
4870 237
4871 5493
4872 2625
4874 4831
4877 5500
4879 1002
4880 693
4881 5211
4885 2990
4886 5679
4887 2617
4888 5957
4889 3308
4890 3258
4894 5422
4896 4220
4899 5938
4900 2809
4904 2814
4905 2960
4908 4145
4909 293
4910 3058
4914 3725
4915 1297
4916 476
4922 5513
4924 3788
4925 972
4927 2431
4928 5666
4929 5446
4931 1485
4932 1681
4935 2387
4936 3956
4937 824
4939 5468
4940 3075
4943 2895
4944 5960
4945 3301
4947 3849
4950 5396
4954 2123
4955 5705
4960 2909
4963 2428
4966 5493
4967 5317
4968 372
4970 3795
4971 2587
4972 2594
4973 3365
4978 828
4984 5942
4987 5631
4989 104
4990 4546
4991 1128
4992 3687
4994 5685
4997 5373
4998 310
4999 5617
5000 872
5006 1381
5009 895
5011 45
5012 3923
5014 3113
5016 4859
5018 5649
5025 1419
5031 229
5033 1115
5036 927
5038 3558
5044 5851
5046 4168
5048 5177
5049 344
5052 3234
5053 4151
5055 2473
5056 5927
5057 1365
5058 5678
5059 5841
5066 3693
5067 5203
5072 1377
5074 2880
5076 466
5080 4847
5081 910
5083 483
5084 1410
5089 5169
5092 5888
5093 2301
5094 1437
5096 5490
5100 3840
5102 550
5125 581
5681 143
5749 5307
5896 5812
5967 2679
5968 3657
5969 2754
5970 3305
5971 3404
5972 5158
5973 5504
5974 5168
5975 1052
5976 5678
5977 4042
5978 3106
5979 5265
5980 5825
5981 5937
5982 396
5983 2909
5984 1347
5985 251
5986 5897
5987 4672
5988 392
5989 5570
5990 5724
5991 4911
5992 3822
5993 4549
5994 3668
5995 3634
5996 5204
5997 1889
5998 1483
5999 3263
6000 1694
6001 2031
6002 4531
6003 5794
6004 4295
6005 2593
6006 2127
6007 4151
6008 2722
6009 525
6010 43
6011 4143
6012 77
6013 2882
6014 3884
6015 2614
6016 5280
6017 1424
6018 659
6019 2958
6020 855
6021 3880
6022 750
6023 5936
6024 3099
6025 3725
6026 659
6027 4053
6028 269
6029 5120
6030 2243
6031 1285
6032 5422
6033 4913
6034 5370
6035 5399
6036 209
6037 5663
6038 3375
6039 3813
6040 4090
6041 3614
6042 5410
6043 3788
6044 1635
6045 27
6046 3571
6047 5153
6048 5483
6049 4670
6050 5779
6051 5503
6052 3130
6053 5915
6054 5225
6055 2681
6056 5796
6057 5822
6058 2928
6059 4034
6060 355
6061 5442
6062 1048
6063 1192
6064 4051
6065 5153
6066 5791
6067 677
6068 4392
6069 879
6070 3301
6071 1066
6072 5599
6073 3163
6074 5658
6075 4314
6076 2049
6077 2231
6078 5280
6079 3924
6080 5004
6081 5319
6082 3115
6083 5242
6084 4946
6085 358
6086 1994
6087 5034
6088 4656
6089 5359
6090 5807
6091 236
6092 2072
6093 5040
6094 5463
6095 1914
6096 1345
6097 4039
6098 3813
6099 3069
6100 4148
6101 5869
6102 1294
6103 5885
6104 470
6105 248
6106 5175
6107 4986
6108 5375
6109 1474
6110 805
6111 443
6112 2948
6113 4930
6114 3701
6115 4876
6116 3037
6117 4448
6118 881
6119 586
6120 2012
6121 3450
6122 35
6123 1254
6124 1634
6125 2688
6126 4419
6127 176
6128 5065
6129 5106
6130 1732
6131 1514
6132 4747
6133 1780
6134 4396
6135 2895
6136 5925
6137 5702
6138 5160
6139 1457
6140 5257
6141 5361
6142 2049
6143 5471
6144 5047
6145 187
6146 918
6147 5356
6148 130
6149 4433
6150 3137
6151 4312
6152 3238
6153 2081
6154 452
6155 5585
6156 1486
6157 5019
6158 1913
6159 4045
6160 1637
6161 1124
6162 5068
6163 2565
6164 4656
6165 5142
6166 4769
6167 3435
6168 5548
6169 2081
6170 2121
6171 10
6172 5855
6173 1206
6174 1778
6175 107
6176 2909
6177 1056
6178 2562
6179 5558
6180 2754
6181 5338
6182 3561
6183 2480
6184 1344
6185 2277
6186 665
6187 4187
6188 2130
6189 3696
6190 1799
6191 1836
6192 2850
6193 5350
6194 3247
6195 1003
6196 5165
6197 3309
6198 5375
6199 5825
6200 5275
6201 4951
6202 3133
6203 2923
6204 5234
6205 2193
6206 4444
6207 3948
6208 5199
6209 4633
6210 4525
6211 5582
6212 1135
6213 3033
6214 488
6215 2162
6216 2151
6217 1766
6218 5877
6219 4687
6220 2364
6221 4215
6222 5386
6223 1184
6224 5320
6225 5765
6226 453
6227 5124
6228 5699
6229 798
6230 4770
6231 2094
6232 5297
6233 1242
6234 3738
6235 1852
6236 5328
6237 2587
6238 4596
6239 2817
6240 1035
6241 4287
6242 5738
6243 735
6244 1298
6245 4849
6246 5654
6247 828
6248 2930
6249 279
6250 1711
6251 2130
6252 1349
6253 1030
6254 5174
6255 3160
6256 5551
6257 3941
6258 2558
6259 5605
6260 5022
6261 4958
6262 3375
6263 3171
6264 5191
6265 1459
6266 4119
6267 4332
6268 5608
6269 1904
6270 898
6271 1048
6272 2763
6273 3969
6274 2127
6275 5551
6276 1916
6277 261
6278 175
6279 5609
6280 778
6281 1198
6282 1916
6283 3658
6284 1528
6285 772
6286 5960
6287 5941
6288 5963
6289 5786
6290 1016
6291 3666
6292 3039
6293 4934
6294 279
6295 5437
6296 4005
6297 5617
6298 5448
6299 1083
6300 500
6301 5476
6302 4689
6303 5005
6304 3308
6305 5744
6306 3382
6307 3747
6308 1040
6309 5725
6310 3454
6311 7
6312 3616
6313 2005
6314 5413
6315 5560
6316 591
6317 5229
6318 5077
6319 4838
6320 5360
6321 5690
6322 4592
6323 1483
6324 2728
6325 1186
6326 2574
6327 5910
6328 4755
6329 4982
6330 1587
6331 3295
6332 5328
6333 4263
6334 3280
6335 238
6336 80
6337 128
6338 4149
6339 4866
6340 4919
6341 2429
6342 2691
6343 2587
6344 5266
6345 5936
6346 2309
6347 231
6348 5898
6349 5087
6350 3127
6351 328
6352 688
6353 4669
6354 3813
6355 4410
6356 5860
6357 910
6358 45
6359 3764
6360 5502
6361 4809
6362 5196
6363 2810
6364 3163
6365 1203
6366 776
6367 1352
6368 3367
6369 3662
6370 1630
6371 4856
6372 406
6373 1107
6374 4216
6375 4202
6376 2032
6377 3884
6378 3140
6379 4386
6380 5238
6381 4407
6382 5961
6383 874
6384 5488
6385 1149
6386 4666
6387 4227
6388 1637
6389 4129
6390 4488
6391 1474
6392 1585
6393 5527
6394 5256
6395 5585
6396 5458
6397 3515
6398 220
6399 5773
6400 108
6401 1606
6402 5108
6403 2094
6404 2542
6405 4641
6406 3099
6407 5717
6408 5091
6409 417
6410 5700
6411 2025
6412 5800
6413 2553
6414 4225
6415 1265
6416 3592
6417 4301
6418 3569
6419 5321
6420 4402
6421 4367
6422 952
6423 4747
6424 1559
6425 4852
6426 5579
6427 392
6428 409
6429 4311
6430 4227
6431 5902
6432 62
6433 567
6434 5800
6435 2797
6436 4499
6437 2185
6438 4274
6439 4137
6440 331
6441 2130
6442 5890
6443 5577
6444 5708
6445 5452
6446 3140
6447 931
6448 10
6449 130
6450 374
6451 578
6452 3450
6453 5266
6454 3616
6455 3309
6456 1888
6457 2990
6458 5428
6459 2949
6460 3063
6461 4668
6462 5951
6463 4584
6464 5321
6465 1342
6466 3137
6467 3316
6468 547
6469 4368
6470 77
6471 5779
6472 4883
6473 2704
6474 428
6475 4502
6476 5686
6477 591
6478 1342
6479 5595
6480 4149
6481 4859
6482 3140
6483 5462
6484 1064
6485 5017
6486 5117
6487 3677
6488 4489
6489 4319
6490 4672
6491 3430
6492 3741
6493 2285
6494 504
6495 5906
6496 5475
6497 5113
6498 5029
6499 77
6500 3663
6501 3795
6502 1990
6503 5658
6504 1275
6505 1887
6506 2909
6507 3712
6508 3326
6509 5151
6510 43
6511 523
6512 5443
6513 4866
6514 3641
6515 5119
6516 205
6517 3557
6518 5556
6519 2854
6520 1040
6521 4429
6522 5164
6523 5842
6524 4466
6525 4225
6526 1473
6527 3995
6528 4736
6529 466
6530 4285
6531 1661
6532 434
6533 219
6534 918
6535 5213
6536 2814
6537 5660
6538 5676
6539 1187
6540 1575
6541 3634
6542 2897
6543 5893
6544 5559
6545 1840
6546 5780
6547 927
6548 2618
6549 2886
6550 1494
6551 5153
6552 2747
6553 1177
6554 3411
6555 3227
6556 5720
6557 245
6558 109
6559 5943
6560 1835
6561 1290
6562 4873
6563 1265
6564 80
6565 3080
6566 427
6567 1030
6568 4208
6569 5418
6570 5114
6571 5192
6572 1471
6573 3519
6574 5655
6575 1338
6576 5306
6577 2589
6578 3833
6579 3863
6580 611
6581 3481
6582 3109
6583 1644
6584 381
6585 300
6586 4675
6587 108
6588 5117
6589 3214
6590 5339
6591 638
6592 1512
6593 2928
6594 2035
6595 730
6596 5130
6597 5885
6598 3461
6599 1385
6600 3941
6601 2804
6602 5270
6603 4846
6604 2809
6605 4104
6606 1376
6607 1203
6608 5878
6609 5309
6610 5306
6611 2021
6612 5268
6613 3420
6614 4957
6615 2993
6616 141
6617 5085
6618 5389
6619 1653
6620 2079
6621 1133
6622 3871
6623 632
6624 2531
6625 5385
6626 778
6627 5667
6628 5144
6629 871
6630 809
6631 688
6632 5386
6633 5845
6634 5542
6635 1712
6636 2858
6637 4119
6638 1388
6639 4402
6640 5434
6641 5189
6642 2533
6643 5297
6644 260
6645 5814
6646 5954
6647 5398
6648 3004
6649 5956
6650 3072
6651 1424
6652 3136
6653 5314
6654 593
6655 577
6656 4261
6657 5597
6658 5610
6659 1883
6660 1827
6661 581
6662 2794
6663 2923
6664 5936
6665 5950
6666 4694
6667 5456
6668 5919
6669 3513
6670 4245
6671 4592
6672 2100
6673 3005
6674 5451
6675 5195
6676 5705
6677 1525
6678 2531
6679 2461
6680 2952
6681 1128
6682 5218
6683 3503
6684 3398
6685 4348
6686 1267
6687 4891
6688 5338
6689 402
6690 4005
6691 1137
6692 1474
6693 2704
6694 5453
6695 2165
6696 3794
6697 5692
6698 757
6699 1459
6700 453
6701 5938
6702 2137
6703 539
6704 4187
6705 5136
6706 5416
6707 4859
6708 4388
6709 2924
6710 5893
6711 5611
6712 3804
6713 4898
6714 5318
6715 3948
6716 159
6717 27
6718 5042
6719 1690
6720 4668
6721 70
6722 5238
6723 3156
6724 5474
6725 4489
6726 3897
6727 2788
6728 1521
6729 5187
6730 2241
6731 1100
6732 4301
6733 2935
6734 5612
6735 756
6736 1661
6737 2855
6738 2416
6739 3814
6740 4517
6741 4427
6742 4398
6743 1472
6744 821
6745 5812
6746 5050
6747 2019
6748 5646
6749 5550
6750 5611
6751 3177
6752 879
6753 3569
6754 5909
6755 3788
6756 5723
6757 2301
6758 4763
6759 477
6760 630
6761 5864
6762 4368
6763 4021
6764 3982
6765 1030
6766 1190
6767 3778
6768 3974
6769 5607
6770 3102
6771 2809
6772 5571
6773 5608
6774 2158
6775 84
6776 4299
6777 428
6778 5471
6779 2565
6780 2971
6781 2601
6782 573
6783 1119
6784 4100
6785 462
6786 1994
6787 1297
6788 5535
6789 5136
6790 2094
6791 1325
6792 3123
6793 5960
6794 5613
6795 5912
6796 5700
6797 1281
6798 4558
6799 2364
6800 4656
6801 2746
6802 4632
6803 3751
6804 421
6805 2908
6806 5831
6807 663
6808 5677
6809 17
6810 2538
6811 323
6812 4007
6813 815
6814 5499
6815 3626
6816 1587
6817 4986
6818 5805
6819 661
6820 752
6821 4813
6822 1437
6823 3749
6824 1528
6825 5846
6826 2243
6827 1947
6828 4217
6829 2557
6830 5256
6831 5394
6832 5087
6833 1517
6834 2285
6835 504
6836 392
6837 5209
6838 3177
6839 540
6840 5481
6841 5186
6842 4410
6843 2303
6844 4000
6845 5306
6846 5550
6847 4846
6848 4128
6849 4554
6850 5454
6851 5532
6852 5677
6853 111
6854 4047
6855 388
6856 4328
6857 5355
6858 1174
6859 1809
6860 2840
6861 5325
6862 3592
6863 1206
6864 4153
6865 5413
6866 1706
6867 2346
6868 3426
6869 5007
6870 730
6871 4654
6872 3387
6873 4031
6874 4028
6875 1366
6876 4329
6877 5421
6878 4239
6879 5305
6880 4225
6881 2812
6882 5034
6883 26
6884 5054
6885 1920
6886 5667
6887 3258
6888 5692
6889 5127
6890 5222
6891 433
6892 2935
6893 3563
6894 45
6895 4454
6896 1770
6897 4920
6898 3380
6899 1641
6900 899
6901 3588
6902 795
6903 5287
6904 3727
6905 5150
6906 3484
6907 1653
6908 339
6909 1772
6910 736
6911 201
6912 5377
6913 5965
6914 5477
6915 5843
6916 3925
6917 5930
6918 5358
6919 5905
6920 2309
6921 3526
6922 1644
6923 3005
6924 1334
6925 5413
6926 5766
6927 4301
6928 94
6929 5112
6930 5778
6931 5630
6932 5676
6933 1040
6934 4018
6935 2886
6936 5463
6937 5806
6938 4348
6939 284
6940 2482
6941 1149
6942 2947
6943 4981
6944 2032
6945 3089
6946 2461
6947 5783
6948 5779
6949 3896
6950 1328
6951 3806
6952 1102
6953 21
6954 1048
6955 3588
6956 5410
6957 5213
6958 1802
6959 342
6960 2277
6961 2609
6962 4056
6963 1799
6964 3449
6965 584
6966 1064
6967 2803
6968 238
6969 2137
6970 3755
6971 3635
6972 139
6973 5921
6974 4720
6975 5340
6976 5578
6977 700
6978 3462
6979 5303
6980 4986
6981 4778
6982 3252
6983 4481
6984 5436
6985 5852
6986 4179
6987 2809
6988 3284
6989 5443
6990 5211
6991 112
6992 354
6993 4979
6994 2032
6995 5223
6996 2768
6997 1702
6998 4581
6999 3888
7000 3957
7001 5526
7002 3876
7003 1392
7004 5839
7005 5199
7006 358
7007 5474
7008 5889
7009 1743
7010 1472
7011 1528
7012 5316
7013 3514
7014 5021
7015 773
7016 1413
7017 1512
7018 4205
7019 851
7020 5538
7021 4857
7022 5219
7023 4240
7024 1318
7025 49
7026 387
7027 1735
7028 5431
7029 5844
7030 738
7031 5914
7032 4041
7033 4388
7034 2570
7035 5088
7036 1947
7037 5420
7038 2771
7039 3978
7040 5220
7041 261
7042 2805
7043 1455
7044 4364
7045 187
7046 1109
