4766 49
763 21
821 24
4907 5
3857 9
6077 30
6283 15
6304 3
6270 29
6232 18
168 30
6377 13
5763 34
4057 18
6338 3
928 21
691 32
362 12
6183 15
1279 8
6231 15
2121 1
3837 41
6277 49
3035 9
5794 8
6123 8
4409 16
5999 0
6014 24
5950 1
3361 3
2020 31
2614 42
5260 1
6280 16
5963 4
6409 19
4487 49
6336 5
5390 16
6219 0
5841 16
6268 16
6179 1
6271 16
2663 34
4580 9
5519 21
5299 9
6263 13
422 43
2703 45
6340 27
5086 8
5929 28
1030 32
6066 7
6379 16
2743 7
3737 14
6339 13
663 22
4732 29
2972 22
6319 13
6149 22
738 0
3841 7
6067 15
6376 7
2770 14
6154 10
6039 16
1963 0
5756 4
1879 27
6094 13
4246 54
5114 3
6405 7
3316 10
3533 42
6294 16
2101 45
6165 7
2808 42
6218 29
3155 22
3901 5
1385 23
5806 33
5119 6
2830 45
6266 15
6300 22
2502 22
1057 36
6144 3
6327 5
6406 8
5533 6
6215 15
6100 13
5088 21
3490 39
1784 36
6202 25
2047 35
4425 34
1614 27
2638 17
4158 13
6368 9
6257 13
3933 8
3772 42
613 33
1171 35
3526 7
2146 21
5972 13
3808 24
2335 45
1725 32
6021 16
3688 1
1010 24
1453 41
6112 16
4160 4
2176 41
6407 8
6033 5
6054 15
6296 42
6360 3
4714 16
6226 15
6297 22
2438 13
2450 27
6128 41
480 27
1486 8
6186 19
1817 13
5537 32
2659 4
4232 8
5633 34
475 25
6239 22
5983 13
5075 47
5974 13
6237 6
1276 4
2458 13
4942 42
5097 35
2920 8
5604 22
2977 8
5140 12
6134 15
5069 35
5531 30
1338 26
2853 45
2435 24
6074 15
5968 13
2739 32
1206 3
4443 7
5969 13
908 27
67 13
5981 24
5651 16
6328 15
5214 5
6216 27
1626 21
6364 8
6355 13
3543 12
1587 35
6287 7
6070 31
6161 7
5986 48
6366 23
6106 13
343 34
158 49
1601 49
6045 8
784 32
4412 30
6155 4
3183 24
6248 8
5797 18
6288 16
3579 5
5982 15
3551 42
4036 7
97 27
6158 8
6087 0
5979 16
5591 29
1866 25
4484 35
3576 32
6276 18
4687 32
4746 47
4122 18
982 21
6000 47
3408 27
6428 16
5992 4
6201 26
5000 22
1448 23
934 27
5362 34
1544 12
4267 32
4827 2
4894 54
6137 45
3386 6
2604 5
1395 51
6142 15
5369 10
5856 4
3927 32
5129 21
6120 8
578 18
6181 13
6260 16
6005 19
5933 8
5618 18
1864 13
2263 32
3563 12
5448 34
6012 2
1769 29
5894 13
4761 30
6030 15
5328 32
5920 16
6146 16
5601 27
2937 13
5380 7
549 15
5121 17
5911 46
6378 42
5645 15
3531 23
5781 5
4426 45
6043 13
3963 6
3548 42
6157 19
2597 32
6329 12
6098 16
4074 37
3825 3
4142 5
4464 16
4812 40
6178 16
4095 41
6381 8
116 44
6301 1
5284 19
1655 31
6156 49
5811 24
6425 0
6092 38
6398 29
5962 19
1871 47
4875 37
2443 27
6404 16
2085 9
6419 41
6269 8
6322 13
2692 21
1786 10
6160 13
6071 14
6236 16
6267 13
1098 34
4035 39
6184 36
6020 16
703 8
3311 29
2270 12
6061 20
5211 31
2456 21
5037 7
1821 48
3913 22
3810 45
430 7
5505 24
3834 29
3964 8
3281 22
5903 18
5653 5
5350 46
234 15
6189 10
537 16
6402 9
6096 32
3052 19
2411 8
2949 17
3589 32
3492 24
5907 23
4928 22
998 19
6286 15
6333 25
6331 4
4174 8
3464 15
3092 35
802 28
2841 13
5965 9
6353 8
6427 16
5554 15
887 18
4337 12
4699 23
3538 31
2359 42
6150 16
2317 24
2160 33
5821 19
6372 3
4465 42
3959 41
6031 5
3776 22
3660 0
72 7
5964 5
4354 26
6313 27
6290 13
0 4039
1 5029
2 4630
3 3877
4 1064
7 3204
8 5094
9 1377
11 2217
13 1671
14 5309
15 5720
17 3171
18 4104
19 2668
20 2492
24 969
28 3039
29 1856
30 4951
33 1056
34 418
36 2695
37 3560
39 5742
40 6166
41 1630
42 3490
45 999
46 3315
47 5703
50 3372
51 4755
56 947
61 112
63 809
66 1682
68 6059
69 6296
71 1402
74 4167
77 3938
78 6286
79 937
82 6195
83 2824
87 3155
88 6232
89 5984
91 5008
93 483
95 5447
96 5690
98 1626
100 6187
104 143
105 3952
108 3021
110 2331
114 5979
118 6262
119 5517
121 1974
123 3538
124 3703
125 1583
126 1304
127 6365
129 5451
135 786
138 4884
140 5920
141 715
142 4515
144 1624
145 4039
146 5945
148 6173
149 6096
150 5456
151 1446
152 3497
153 2461
154 5433
155 267
156 5
159 3714
160 2982
161 3753
162 5062
163 5214
164 5051
167 2238
170 5526
171 4515
172 1699
174 4409
175 2777
176 4971
178 5648
179 2919
182 65
183 5384
184 481
186 3594
187 4372
188 6158
194 6255
195 731
196 5479
197 6038
198 3652
201 5228
202 3202
203 6276
206 58
207 2154
208 4122
210 3158
213 418
217 4412
218 5951
220 6163
221 1085
222 2366
223 3781
225 4084
226 4032
228 1781
230 4921
235 3826
241 3117
242 2703
248 3227
249 6016
253 2127
257 2346
258 1821
261 3354
262 6165
263 1939
265 3290
266 630
268 3702
270 4934
274 4780
278 956
280 6199
283 2324
285 5037
286 5439
287 962
288 2492
291 4329
292 2437
293 2238
295 6330
296 6389
298 372
299 209
302 6296
308 908
309 505
310 2990
312 4056
314 2742
317 982
318 2342
320 5742
321 1368
322 3086
326 4446
329 4884
331 1170
332 2771
333 6328
340 2523
341 4264
344 6117
345 5840
347 4384
350 1940
351 1747
352 3574
353 1835
356 1040
358 6073
363 5195
364 6428
365 6104
369 1030
370 282
371 1233
374 780
376 3106
377 1098
378 6429
379 5661
380 1817
382 5848
383 2861
384 5795
385 6132
386 3377
389 3296
390 5844
391 4858
393 5774
394 1741
395 1655
396 3141
397 697
398 509
399 2335
400 1644
401 2948
405 4884
408 6050
410 1064
411 2755
412 5791
413 2858
414 1634
417 1021
419 3027
420 1932
421 2795
423 2154
424 6186
426 5197
429 1968
432 1254
433 2243
434 889
435 6108
436 6385
438 3801
440 6139
442 65
443 1735
444 4125
445 2270
446 4761
447 1780
448 3451
450 3651
451 2818
454 1844
458 5676
459 6196
460 5292
463 2364
466 5363
467 3321
470 5937
473 2378
474 3244
476 2831
477 483
478 32
482 166
484 6185
485 4592
486 3479
488 541
489 3963
490 1020
491 1509
492 5589
493 189
494 4027
495 3543
497 5008
498 4752
500 5130
502 58
503 3325
504 2911
507 5405
508 5189
511 6063
512 6139
514 2937
515 6128
516 6100
517 1786
518 1637
519 4153
522 2919
523 4104
525 6275
526 3226
527 3692
529 2035
531 2233
532 245
533 6299
534 5951
535 5991
536 5244
538 1509
542 5389
543 3408
544 5005
545 1971
550 2193
551 803
553 5679
555 1885
557 5295
559 5071
560 576
561 6095
562 691
563 4222
564 6248
565 3157
566 2378
568 3141
571 3244
574 6048
575 5946
577 2934
579 4484
582 334
583 2088
585 3925
587 2306
590 5844
592 3658
593 1151
594 5533
595 6378
598 4670
601 2938
602 6284
603 5299
605 5834
606 3808
609 2911
610 3687
612 5904
614 6392
615 2112
616 5984
617 73
618 1702
619 2292
622 5103
624 4783
625 2599
626 6080
627 1085
628 4744
629 6218
633 44
635 2630
636 3205
637 5108
638 2192
640 216
642 6123
643 3127
645 874
646 1038
647 6085
648 6184
650 3486
651 1327
652 4135
658 3808
660 3242
662 1163
664 5029
665 3069
666 2410
667 6293
668 1870
671 456
674 5267
678 5886
679 1968
680 5141
682 750
683 5296
684 3141
685 2909
686 3457
692 4744
693 6411
694 4605
696 6386
699 388
702 858
704 2354
707 2850
708 6256
709 3066
712 4358
713 4823
717 2778
719 60
720 2923
721 1638
723 6081
725 5606
726 4864
728 576
729 1760
732 1961
733 3775
734 4930
735 496
737 5041
739 3052
740 1492
741 6386
745 5380
746 5653
747 3921
748 6149
749 3175
751 2739
752 6383
753 5993
756 5689
758 3776
759 1074
760 1050
761 2555
762 1076
764 2024
765 4458
767 847
770 4574
771 185
774 2853
776 1889
777 1956
778 3776
779 3753
781 5954
782 1316
783 6331
785 584
788 2675
789 6362
790 3927
792 1316
793 6182
795 381
798 6303
799 6015
804 5495
806 1315
807 1992
808 5389
811 5903
812 3882
813 1206
814 3882
816 2584
817 3581
818 4407
819 1521
820 903
822 480
823 5945
824 3307
825 5713
826 2831
827 6421
829 3457
830 6112
833 1746
834 2208
835 5729
837 102
841 2178
845 23
846 6054
848 993
849 1085
853 773
856 6117
857 4830
859 496
860 5061
861 6040
862 5482
864 3162
865 1090
866 5908
869 5237
871 1184
872 5669
873 4928
879 5654
883 2051
886 2797
888 5869
891 2101
893 2711
894 4321
896 6147
897 3539
901 1958
904 233
905 2765
906 3538
907 3855
911 4237
912 6237
913 6180
914 2729
915 3284
917 1644
919 3010
920 718
921 5946
922 6338
923 2857
925 2589
926 1175
929 2989
933 3281
938 1336
939 4864
940 6379
941 1131
942 3974
943 1376
944 2770
945 1351
946 4881
949 1012
954 1207
955 2066
959 6171
960 5460
961 5302
963 3853
966 5485
967 4895
968 744
971 5758
972 6412
973 6374
974 3850
977 1634
978 4858
980 2207
981 1943
983 2588
985 6030
986 952
987 4734
988 2128
989 2214
991 2851
992 2354
994 2937
995 1698
997 611
1004 3413
1007 6367
1008 5844
1011 569
1013 3565
1014 5667
1018 691
1019 4087
1022 6118
1023 2161
1026 6442
1029 1251
1031 3177
1033 5250
1034 2258
1036 1107
1039 3612
1042 4625
1043 1229
1044 1294
1046 1134
1047 4217
1048 1879
1049 4376
1052 5589
1054 505
1055 2546
1060 2146
1061 5204
1062 1377
1063 5606
1066 5202
1068 2392
1069 3599
1071 2297
1072 5988
1073 6115
1075 6281
1077 5730
1080 1454
1082 1578
1083 1326
1084 6044
1086 5774
1088 4429
1089 191
1091 3089
1092 1207
1093 932
1094 6015
1097 4250
1099 2437
1100 2914
1101 1197
1103 1057
1105 4930
1106 4995
1108 3128
1110 2808
1111 4090
1112 4205
1113 2720
1115 5999
1116 1573
1117 5271
1119 2736
1120 3563
1121 6228
1123 6045
1125 2058
1126 4844
1129 802
1130 3140
1132 4083
1133 5288
1138 1128
1140 1926
1142 5937
1144 1390
1145 4564
1146 5410
1147 1344
1148 1197
1149 6078
1154 690
1155 5907
1156 687
1161 6048
1162 4479
1165 6342
1166 5304
1167 1143
1168 5533
1169 6261
1176 3315
1177 852
1178 5952
1182 305
1185 2826
1189 464
1191 6076
1193 1251
1195 6097
1196 6054
1199 6126
1200 5443
1201 3497
1204 4646
1205 6251
1208 3753
1210 2134
1212 6350
1214 1548
1215 2928
1216 6055
1218 2808
1220 930
1223 4057
1224 5563
1226 1297
1232 4134
1234 1612
1236 3498
1237 5736
1238 3515
1239 3801
1240 1640
1241 5704
1242 5447
1243 5635
1244 1395
1246 5794
1247 769
1248 4464
1250 4664
1252 5041
1253 3551
1255 2460
1256 2066
1257 3450
1258 4104
1259 6391
1260 6020
1261 2161
1262 3753
1263 6032
1265 209
1269 2767
1272 1181
1273 3451
1274 3106
1277 4364
1280 328
1282 1451
1283 6249
1285 2440
1286 556
1287 1326
1288 1511
1291 4648
1292 1006
1295 6397
1296 1221
1301 3575
1302 2484
1303 281
1306 5097
1307 934
1308 4630
1309 1158
1310 375
1313 3697
1317 6180
1318 5481
1319 1127
1321 5517
1322 6188
1323 5651
1328 5203
1330 755
1331 1671
1332 2777
1333 4812
1335 260
1337 2633
1339 3205
1340 1163
1341 3383
1342 1950
1345 736
1346 6224
1350 6132
1352 2637
1353 5863
1354 5506
1355 1557
1357 3823
1358 4916
1360 3573
1361 3486
1362 3543
1364 5165
1365 4938
1366 5388
1369 192
1372 4541
1373 1249
1374 3365
1378 6106
1381 2977
1382 5647
1383 6188
1384 6379
1386 4714
1389 2019
1391 4755
1392 1844
1393 6278
1394 5550
1399 832
1401 3513
1404 588
1406 1956
1407 3921
1408 4386
1409 70
1411 5967
1412 1711
1413 2523
1416 4900
1417 6274
1418 3238
1419 6203
1421 854
1422 52
1423 5954
1426 4032
1428 1676
1429 1375
1431 2594
1432 3104
1433 1025
1435 520
1436 1206
1437 4869
1438 2833
1440 307
1441 675
1442 868
1447 244
1449 2648
1450 3931
1452 5945
1456 877
1457 2206
1458 122
1459 1336
1460 649
1461 927
1462 6352
1469 4465
1470 4002
1471 6240
1472 569
1474 874
1476 271
1477 1107
1478 3437
1479 1207
1480 5433
1482 2500
1484 6375
1487 1890
1488 2358
1490 3430
1493 2101
1495 2672
1496 4036
1497 6305
1498 3412
1499 3035
1500 54
1501 5927
1504 1525
1506 6028
1507 5912
1510 4127
1513 4865
1517 1601
1519 2324
1520 5590
1522 6074
1526 2980
1527 3086
1529 4816
1530 6329
1531 6160
1532 700
1534 1081
1537 3380
1538 3560
1539 6013
1540 4668
1541 5544
1542 5703
1543 2241
1545 3043
1546 5088
1547 269
1549 4942
1552 6156
1556 3132
1560 6186
1562 3990
1563 3290
1564 5613
1565 2042
1568 6128
1569 2227
1570 6425
1571 2121
1572 4059
1574 1425
1575 2096
1576 2039
1581 898
1584 6336
1585 3576
1589 4300
1590 6317
1592 5856
1593 5725
1594 5590
1595 958
1597 1943
1598 1661
1599 6429
1602 3168
1604 6275
1605 4830
1606 1815
1608 3238
1609 5590
1613 2214
1615 5742
1616 1065
1617 2649
1618 6057
1620 2833
1621 6242
1622 6050
1627 6034
1629 6066
1631 5498
1632 5591
1633 6009
1636 3938
1639 4928
1641 4205
1642 2999
1643 2505
1645 4407
1646 1505
1647 3175
1649 2649
1650 1081
1651 6431
1652 2314
1654 6055
1660 5405
1662 5795
1663 2751
1664 1279
1665 6179
1666 2408
1667 5372
1668 6106
1669 5150
1672 1415
1673 3998
1674 6238
1675 368
1677 5546
1679 3635
1680 5375
1681 5834
1684 6425
1686 2977
1687 5275
1688 3686
1690 2863
1691 5204
1692 964
1693 623
1694 1278
1695 757
1696 1315
1700 6070
1703 464
1704 2343
1705 5995
1707 1338
1708 303
1712 932
1713 3807
1718 909
1720 5224
1722 361
1723 2247
1724 4062
1726 5526
1727 404
1728 5715
1729 2033
1730 5703
1731 3054
1733 1315
1734 828
1736 6009
1739 5759
1744 3437
1745 1040
1749 5791
1750 547
1753 6021
1754 6038
1755 3666
1759 112
1761 3492
1762 6016
1764 2162
1768 5329
1770 1001
1771 1706
1773 5295
1774 6421
1775 1758
1776 3550
1777 599
1778 3737
1779 4326
1785 620
1787 1735
1790 2723
1791 1566
1792 3255
1793 4167
1794 4799
1795 2751
1796 4734
1797 6098
1798 3391
1800 3121
1801 5601
1807 1035
1809 506
1810 4479
1811 3299
1812 5603
1813 5640
1814 2224
1816 5587
1819 5229
1820 5596
1822 1466
1823 5367
1824 3936
1825 4464
1826 2112
1827 3015
1829 1405
1830 1661
1832 4838
1837 1102
1838 1455
1839 4074
1841 1923
1842 6050
1843 2879
1845 6038
1847 1515
1851 2597
1855 313
1857 6142
1858 452
1860 3801
1861 4852
1862 5618
1863 1523
1865 1864
1868 5882
1869 6096
1872 1344
1873 1781
1874 1748
1875 3414
1880 1628
1881 979
1882 6347
1883 858
1884 903
1886 4153
1891 706
1892 5285
1894 97
1895 1551
1896 5583
1897 70
1899 3070
1900 3088
1901 3451
1902 354
1904 3992
1905 457
1906 1834
1907 6061
1908 3099
1909 4875
1910 951
1913 3927
1916 1465
1917 1523
1918 6112
1919 2622
1921 3766
1922 3933
1924 5138
1925 5919
1928 1304
1929 1740
1930 1623
1931 6143
1933 1032
1934 5887
1935 6116
1936 6243
1938 3547
1942 315
1944 5758
1945 4427
1946 3716
1947 6068
1949 3522
1952 313
1953 6447
1955 5994
1957 2458
1959 1396
1960 4378
1962 1348
1964 1486
1965 2479
1966 6281
1967 1514
1969 6208
1970 6354
1972 2224
1973 6295
1975 5250
1976 6270
1978 6040
1980 2982
1981 3981
1982 6413
1983 6166
1984 4142
1985 3712
1986 2594
1987 6415
1988 5491
1989 5886
1991 354
1993 215
1994 6447
1995 57
1996 6118
1997 956
1998 6433
1999 3855
2002 3816
2003 6124
2004 2692
2006 3360
2007 1898
2009 3209
2010 111
2012 1079
2013 6395
2015 6136
2016 99
2017 3648
2018 3092
2021 2060
2023 3457
2025 5907
2026 2093
2027 784
2028 6094
2029 815
2030 12
2032 3171
2034 6378
2036 113
2044 2841
2045 2102
2046 6360
2048 3290
2052 5756
2055 338
2056 2213
2057 102
2059 1977
2061 5711
2062 3734
2063 4095
2064 716
2065 5062
2067 4479
2068 4739
2070 962
2071 6299
2072 4425
2073 718
2074 5632
2075 703
2076 6125
2077 4059
2080 1150
2081 5985
2082 4857
2083 1628
2086 4271
2087 5088
2089 6431
2091 6422
2092 842
2095 2600
2097 1006
2099 169
2104 5621
2105 2911
2106 6271
2108 3881
2110 952
2111 2038
2113 2211
2114 2803
2115 6198
2116 4952
2117 2833
2118 303
2120 5004
2122 5708
2123 6106
2124 243
2126 3360
2129 6425
2131 1640
2132 2320
2133 3172
2135 4415
2137 4898
2138 6179
2140 4028
2141 3043
2142 6382
2143 5448
2144 569
2145 2450
2149 6148
2150 6260
2152 1871
2153 3230
2155 4918
2157 6367
2158 6137
2159 6178
2164 3877
2165 5090
2170 1347
2171 5197
2173 1638
2174 5731
2175 5972
2177 6038
2179 1045
2181 5800
2186 1041
2187 6158
2188 4892
2191 2596
2194 305
2196 4551
2197 254
2198 6057
2200 5955
2201 6426
2202 2221
2203 5105
2204 5606
2210 984
2212 1836
2215 2982
2216 5359
2219 5220
2220 4308
2222 6203
2223 934
2225 588
2226 4132
2228 6440
2230 6038
2232 3766
2234 4403
2237 1951
2239 2533
2240 2724
2242 5976
2244 2161
2246 3703
2248 5563
2250 5329
2252 2040
2253 1682
2254 355
2255 1626
2256 5303
2259 2770
2260 6075
2261 6020
2262 4401
2264 5894
2265 54
2266 4329
2267 3246
2271 1311
2272 558
2273 6079
2274 1783
2276 1367
2278 6306
2279 2214
2280 3398
2281 189
2282 4558
2284 5572
2285 5690
2286 697
2287 3931
2288 2332
2290 2863
2293 1213
2295 392
2296 6143
2298 1427
2299 5116
2301 4772
2304 3881
2305 357
2307 5979
2309 2277
2310 5964
2311 3921
2312 1289
2316 6103
2318 4875
2321 1974
2322 2313
2323 6332
2326 5945
2327 5271
2329 6350
2330 4795
2333 5224
2336 4911
2337 5944
2338 2534
2339 855
2340 630
2344 5362
2345 5766
2347 2184
2349 1657
2350 3862
2351 307
2353 1430
2356 4752
2357 3608
2360 935
2361 2795
2362 1152
2363 2039
2367 6003
2368 2916
2369 3539
2371 2720
2372 99
2374 6140
2375 1835
2377 367
2379 5069
2380 2670
2381 2916
2382 5482
2384 6165
2385 387
2386 5569
2388 5689
2389 5201
2390 6342
2391 6076
2393 1315
2397 5037
2398 3086
2399 5685
2400 5543
2402 5295
2403 3460
2405 2736
2406 1784
2407 1890
2409 5225
2412 5390
2413 2877
2416 588
2417 439
2418 6061
2419 6108
2420 48
2421 1939
2422 2569
2423 1671
2424 4212
2425 6201
2427 5790
2428 3232
2429 990
2430 4599
2432 6407
2436 139
2439 672
2441 4450
2442 6056
2444 5921
2445 5661
2446 5569
2447 1187
2448 6283
2449 3632
2451 6054
2452 5434
2453 5711
2454 5843
2457 3384
2459 2184
2463 5711
2464 1577
2465 3267
2466 4231
2467 547
2468 2703
2469 3381
2470 392
2472 6045
2473 3140
2474 2315
2476 2069
2481 2443
2483 199
2485 4894
2487 6310
2488 1186
2489 106
2490 4812
2491 832
2493 6276
2495 229
2496 3925
2498 5386
2501 653
2503 5362
2504 607
2507 3500
2508 1566
2509 2989
2510 6364
2511 5667
2512 1067
2513 5296
2514 6248
2515 2808
2516 2728
2519 5981
2520 4349
2524 267
2525 3648
2526 4407
2527 5847
2528 6020
2530 6001
2531 2172
2532 5370
2536 4898
2537 2609
2538 1003
2539 5071
2540 4321
2542 6103
2544 3132
2545 166
2547 5987
2548 5690
2549 2994
2550 1174
2551 1379
2552 1005
2553 5649
2554 5557
2556 1184
2557 6195
2559 260
2560 6423
2561 1518
2565 1316
2566 4401
2568 4934
2571 5129
2572 2686
2573 4974
2574 3386
2575 244
2576 2749
2577 3639
2578 2850
2579 2324
2580 951
2582 5787
2583 372
2585 3968
2586 2749
2587 2862
2591 4799
2592 4858
2593 4510
2598 6281
2601 6123
2602 6187
2605 1297
2607 5309
2611 5299
2612 5859
2613 3242
2615 5439
2616 1706
2619 2805
2620 3003
2621 1591
2624 3959
2626 427
2628 2609
2629 2819
2632 1030
2634 4682
2639 715
2640 6007
2641 3531
2642 4983
2643 4409
2644 2167
2645 6422
2647 6040
2650 1940
2652 4217
2653 3808
2655 1473
2657 281
2658 4083
2660 4979
2661 336
2662 2231
2664 3066
2665 6030
2669 1555
2673 736
2674 620
2677 1548
2678 334
2680 5912
2681 6059
2683 375
2684 1293
2685 1963
2689 6206
2690 6308
2696 4153
2698 5836
2699 1968
2700 6344
2701 3589
2702 4746
2704 5774
2705 5195
2706 6272
2707 2166
2708 6167
2709 5842
2710 1190
2712 2942
2713 3127
2716 567
2717 1815
2719 4125
2721 4358
2726 2352
2730 6428
2731 403
2732 2053
2733 3262
2734 5493
2737 2980
2738 215
2740 276
2744 5215
2745 92
2746 1289
2748 2218
2750 2627
2752 5784
2753 4337
2754 2890
2756 4406
2757 6021
2758 3153
2759 2932
2761 934
2762 2797
2764 6361
2769 5681
2773 6033
2774 6100
2776 821
2779 4105
2780 2224
2781 441
2782 6117
2783 5859
2784 4792
2785 59
2786 2604
2787 1278
2791 1706
2792 731
2793 5869
2794 2777
2796 6426
2798 6115
2799 5139
2800 6003
2802 3589
2804 5969
2807 2595
2809 2663
2811 3714
2813 5919
2814 2001
2815 1009
2820 2040
2821 730
2822 4742
2823 2720
2825 4648
2828 4640
2829 1580
2832 2494
2834 3132
2836 1601
2838 5577
2839 4855
2842 219
2843 4000
2845 3333
2846 1206
2847 4679
2848 2084
2849 4752
2854 4838
2855 2505
2856 5454
2859 3992
2864 3921
2866 3306
2867 5177
2868 4036
2869 521
2870 1782
2871 993
2872 3869
2873 103
2874 5871
2876 430
2878 6227
2880 1979
2881 4039
2882 6341
2883 6122
2884 656
2887 1491
2891 1483
2892 3904
2896 1580
2897 3952
2898 934
2901 80
2902 900
2904 1752
2905 6007
2906 928
2907 1131
2910 2169
2912 1515
2913 2167
2917 3365
2918 5498
2921 1038
2922 5913
2924 1293
2925 3823
2927 1067
2929 367
2930 4118
2931 5000
2933 1914
2936 1735
2939 5
2940 381
2941 5193
2943 185
2944 246
2945 2235
2946 892
2947 4679
2950 6406
2951 6395
2953 6091
2955 5266
2956 3986
2957 1742
2961 215
2964 2676
2965 4317
2966 4465
2967 1990
2969 4561
2971 2687
2974 2088
2975 2763
2976 3775
2978 2294
2979 4364
2981 2475
2983 3126
2984 3277
2985 6308
2986 3017
2987 6088
2988 4930
2991 573
2992 4308
2995 6025
2996 5073
2997 5637
2998 2960
3001 1702
3002 3461
3004 1577
3006 5061
3007 2909
3009 25
3011 1058
3013 1889
3014 3099
3016 2818
3018 6145
3019 264
3020 6262
3022 2909
3023 1483
3024 219
3025 3137
3026 5114
3028 5385
3029 5682
3031 281
3032 796
3034 1344
3036 3798
3037 2247
3038 5731
3040 1278
3042 5203
3044 4517
3045 828
3046 3187
3047 2102
3048 3160
3049 4944
3051 558
3053 6320
3055 2862
3056 2692
3057 1153
3059 3999
3060 3745
3064 2033
3065 1465
3067 908
3068 5987
3071 5927
3073 5980
3074 5571
3076 775
3077 3262
3078 975
3079 4140
3080 4579
3081 1032
3083 2851
3084 2020
3087 1017
3091 324
3094 1231
3095 5780
3096 3187
3097 3461
3098 1710
3100 5697
3101 3127
3103 6384
3105 903
3107 6181
3108 5202
3109 3952
3110 3831
3111 5292
3112 441
3114 1979
3115 6265
3116 2942
3118 576
3119 809
3122 3244
3123 1380
3125 2236
3129 4946
3131 5957
3133 4426
3134 3219
3135 578
3138 2499
3139 1264
3142 3106
3146 305
3147 3106
3148 2401
3150 6430
3151 3556
3152 730
3154 131
3156 4830
3159 3359
3161 1268
3163 1634
3164 4511
3165 5965
3166 200
3167 2718
3169 3086
3170 6076
3173 5963
3174 5736
3176 4592
3178 6015
3179 524
3180 6082
3181 4752
3182 1327
3185 2835
3186 5929
3188 5479
3189 2224
3190 4020
3191 177
3192 3218
3194 6359
3195 6199
3196 6425
3197 4435
3198 337
3199 1463
3200 5594
3201 2249
3203 1415
3207 5071
3208 4599
3210 730
3211 6171
3212 1228
3213 5238
3216 3043
3217 5528
3220 5441
3221 710
3222 6034
3223 839
3225 3826
3228 251
3229 6297
3231 5075
3233 3434
3237 6017
3239 1689
3240 3594
3241 4312
3243 5869
3245 6138
3247 899
3248 700
3249 979
3250 6410
3251 4512
3252 4400
3253 5458
3254 1923
3256 3788
3257 2505
3259 5332
3260 5969
3261 2151
3263 1001
3264 4567
3265 4772
3266 5993
3268 3789
3269 6161
3272 3140
3274 900
3275 4212
3276 3925
3278 5742
3282 6308
3283 2771
3286 216
3287 5073
3288 3352
3292 6075
3293 5019
3294 6120
3297 6390
3300 2937
3301 5303
3303 1249
3304 101
3305 5916
3308 4202
3309 4028
3310 1623
3312 5946
3314 6141
3317 4884
3319 3589
3320 1324
3324 3862
3329 3887
3331 3917
3332 5830
3334 1514
3336 6279
3337 3606
3338 5161
3339 4772
3340 2760
3342 479
3343 2770
3344 3721
3345 1489
3348 5624
3349 2396
3350 5780
3351 3066
3353 3882
3355 6136
3356 2342
3357 663
3358 659
3362 3843
3363 6092
3364 31
3366 5836
3367 1410
3368 5821
3369 1305
3371 2715
3373 5558
3375 4250
3376 2366
3378 4363
3379 2235
3387 1926
3388 6245
3389 5616
3390 2475
3392 1559
3393 4857
3394 932
3397 4443
3399 3686
3402 4965
3403 1624
3404 6207
3405 6390
3406 6429
3409 630
3410 1716
3416 5639
3417 6121
3419 381
3420 1661
3421 6367
3422 2768
3423 1368
3424 1536
3425 5209
3426 5577
3427 2923
3428 6289
3429 193
3431 1160
3432 5713
3433 6046
3436 5319
3438 1979
3439 2803
3442 305
3443 113
3444 4934
3445 5531
3446 1769
3448 5459
3449 273
3452 935
3453 1001
3454 4153
3455 3654
3456 4466
3458 6257
3459 5041
3462 2494
3463 6299
3465 5078
3466 1515
3468 6155
3470 6252
3472 3810
3473 530
3474 2355
3475 130
3476 1656
3477 1095
3478 1588
3480 3593
3481 3035
3483 6341
3485 572
3487 2741
3488 1941
3489 2714
3491 6295
3493 1783
3494 800
3495 5220
3499 1756
3502 2297
3503 2404
3504 6312
3505 122
3506 5572
3507 6201
3508 3557
3509 2119
3510 4055
3511 1289
3512 6150
3514 2736
3516 3960
3517 1557
3519 1756
3520 2728
3521 5815
3524 3328
3525 301
3527 6395
3528 5136
3530 3075
3532 6084
3534 1349
3536 1163
3541 236
3542 1586
3544 2243
3545 55
3546 6012
3552 1784
3553 5468
3554 5929
3555 3010
3558 868
3559 899
3562 3313
3564 3959
3566 5772
3567 4039
3568 1038
3569 3377
3571 521
3572 3015
3577 4474
3578 5904
3580 6408
3582 5160
3583 4018
3584 4512
3586 851
3590 6442
3591 4717
3595 1343
3596 5869
3597 4510
3598 4195
3600 6437
3603 6219
3605 541
3607 3649
3609 6005
3610 1941
3611 5844
3613 5955
3614 1923
3620 6112
3621 6427
3622 2410
3624 1181
3627 3482
3629 6393
3631 3267
3633 6397
3634 4515
3636 387
3637 2649
3638 5641
3640 5310
3642 2042
3643 2827
3644 6155
3645 1977
3647 5591
3650 3372
3653 5862
3657 1871
3659 3090
3661 4789
3663 5260
3664 875
3665 5758
3668 2404
3669 5710
3670 2300
3671 2434
3672 1473
3673 843
3674 5399
3675 1518
3676 2456
3677 6357
3680 1582
3681 3745
3682 5213
3683 6007
3684 4667
3685 506
3689 6045
3690 3585
3691 4525
3695 2014
3696 23
3698 4427
3700 472
3704 6216
3705 139
3707 5530
3708 2837
3710 6203
3711 3311
3713 4926
3715 2982
3717 1057
3718 5394
3719 5766
3720 1483
3722 1076
3723 1948
3724 4687
3727 6362
3728 3840
3729 1760
3732 2890
3735 578
3736 2596
3739 1249
3740 496
3741 3615
3742 5681
3743 1958
3744 1756
3746 5052
3748 5054
3749 4316
3751 2671
3752 3838
3754 3702
3755 5943
3756 844
3757 903
3759 1297
3760 858
3761 772
3762 3377
3763 5198
3764 6230
3765 957
3767 6031
3768 4232
3769 1349
3770 4329
3771 2915
3773 3747
3774 2156
3777 3560
3778 6015
3779 200
3780 750
3782 6062
3783 3556
3784 2928
3786 136
3790 3526
3791 475
3792 6165
3793 48
3794 4474
3795 1578
3796 117
3797 2533
3799 1846
3800 1271
3804 537
3805 3043
3806 5818
3809 1305
3811 2011
3814 2355
3817 2325
3818 5193
3819 2919
3820 483
3821 1747
3822 3136
3824 2835
3827 3625
3828 1387
3829 6361
3830 6037
3832 1890
3833 4581
3835 5479
3836 964
3839 6211
3845 461
3846 5778
3847 4161
3848 3547
3849 4516
3851 4028
3854 6260
3856 5832
3858 6373
3859 1625
3860 6371
3861 6160
3864 889
3865 90
3866 1370
3867 5247
3868 750
3870 4367
3872 6024
3873 1172
3874 3823
3876 168
3878 3214
3879 6314
3883 5369
3885 4923
3886 599
3889 4426
3890 1912
3891 1856
3892 5794
3893 4855
3894 5881
3895 6293
3897 5032
3898 26
3900 6268
3902 3884
3903 5138
3905 3579
3906 1852
3907 1528
3908 324
3910 4333
3911 6056
3912 895
3914 5034
3915 5031
3916 1002
3918 6133
3919 6248
3920 2636
3922 1717
3924 2649
3929 5434
3930 1714
3932 1518
3934 6111
3935 1624
3937 431
3939 969
3940 3418
3941 5599
3942 5275
3943 673
3946 5382
3947 3322
3949 3302
3950 3437
3951 828
3953 2727
3955 2742
3958 950
3961 6216
3962 5895
3965 3576
3966 3061
3967 2139
3969 5181
3970 5924
3971 984
3973 2275
3975 1227
3976 2770
3977 6422
3979 775
3980 3396
3982 5121
3983 6189
3984 81
3985 5764
3987 158
3988 1890
3989 4847
3991 4127
3993 5790
3994 5638
3995 3242
3996 22
3997 205
4001 3214
4003 5651
4005 998
4006 4316
4010 2635
4011 5227
4013 786
4014 1815
4016 1548
4017 6125
4019 1009
4021 631
4022 1315
4023 3501
4024 1284
4026 3384
4029 4709
4030 2693
4034 4965
4037 6405
4040 115
4041 6309
4042 5863
4043 1732
4044 3928
4045 3130
4046 540
4048 1314
4049 4478
4050 4226
4051 3000
4052 4516
4053 528
4054 3646
4060 5713
4061 1587
4063 3896
4064 3788
4065 2522
4066 768
4067 4579
4068 3772
4069 55
4071 6310
4072 2667
4073 5203
4075 5180
4076 5993
4077 1217
4079 5267
4080 6037
4081 3758
4082 5022
4085 2633
4086 5108
4088 5928
4089 4412
4092 6021
4093 1349
4094 1940
4096 1968
4097 524
4098 5947
4100 3219
4101 5875
4102 1746
4103 996
4106 3826
4107 219
4108 6055
4109 1050
4110 681
4111 415
4113 4579
4114 6341
4115 1502
4116 58
4117 2914
4119 2584
4120 4689
4121 5489
4123 6230
4124 1535
4126 2492
4130 4876
4131 1020
4133 935
4136 2308
4137 5618
4138 5544
4139 6097
4141 1898
4143 1558
4144 755
4145 1056
4146 4474
4147 5920
4148 2404
4149 5978
4150 1225
4151 1443
4152 4892
4154 5606
4155 2675
4156 1334
4159 5843
4162 1583
4163 990
4164 1336
4165 3149
4166 1557
4168 5380
4169 5731
4170 6036
4171 471
4172 3141
4175 2134
4176 1898
4177 6361
4178 6192
4179 5899
4180 1566
4181 4857
4182 6365
4183 2492
4184 1579
4185 537
4186 3052
4187 1377
4189 5126
4191 3226
4192 840
4194 2837
4196 4167
4197 5323
4198 2694
4199 1699
4200 6276
4201 3082
4203 5859
4206 4611
4207 2214
4208 6278
4209 330
4210 1467
4213 4308
4214 4587
4216 4759
4218 1453
4219 937
4220 3875
4221 6034
4223 4127
4228 641
4229 903
4230 1558
4233 6185
4234 2324
4235 4516
4236 5247
4238 984
4239 5028
4240 199
4241 5714
4242 703
4243 5266
4244 5975
4247 6405
4248 6082
4249 6082
4251 3513
4252 5870
4253 1009
4254 1005
4255 5202
4256 1003
4257 1735
4258 1159
4259 271
4260 6408
4261 5662
4262 4392
4263 996
4265 2214
4266 62
4268 4862
4269 3926
4270 3565
4272 3090
4273 5229
4274 5411
4277 6230
4278 1131
4279 1324
4280 4846
4281 5341
4282 5756
4283 6004
4284 5399
4285 5550
4286 6005
4287 10
4289 6295
4290 21
4291 3560
4292 3725
4293 1267
4294 1221
4296 4288
4297 5056
4298 730
4302 1131
4303 5569
4304 2818
4306 596
4307 229
4309 4099
4310 1512
4313 6128
4315 5432
4318 12
4319 2928
4320 2060
4322 1000
4324 267
4325 1887
4327 6212
4330 2206
4336 5957
4338 1002
4339 3281
4341 4714
4343 2830
4344 690
4345 6278
4347 6062
4348 6100
4350 2292
4351 1118
4352 1131
4353 3061
4355 3535
4357 1511
4360 5711
4361 4489
4362 6189
4365 4946
4366 6399
4368 3635
4369 3660
4370 3333
4371 4789
4373 3321
4374 4316
4375 3616
4377 2128
4379 2455
4380 5130
4381 3730
4382 1685
4385 6183
4387 5847
4388 875
4389 5071
4390 3812
4393 5399
4394 6002
4395 6252
4396 5088
4397 3395
4398 4549
4402 6000
4404 3085
4405 5638
4408 2217
4410 5633
4411 6248
4413 338
4414 2277
4416 855
4418 1740
4419 5519
4420 6438
4421 4056
4422 596
4423 4581
4424 6385
4428 6386
4430 5180
4431 3137
4432 1867
4433 1074
4434 3396
4436 2858
4437 1558
4438 107
4439 5596
4440 1508
4441 3608
4442 4838
4444 2952
4447 6125
4448 5384
4449 6235
4451 5506
4452 1150
4453 4020
4455 1098
4456 2189
4459 3656
4460 1657
4461 5689
4463 3881
4467 3008
4468 2090
4469 5296
4470 5479
4472 6430
4473 1786
4475 90
4477 5008
4480 375
4481 2770
4482 5571
4483 4401
4485 147
4486 1290
4488 573
4490 4774
4491 6258
4492 2479
4493 5869
4494 1528
4495 689
4496 3204
4497 2722
4498 1591
4499 2667
4500 4580
4502 3017
4503 3869
4504 4687
4505 6323
4506 6403
4507 2637
4508 2358
4509 1229
4514 5579
4519 6449
4520 4091
4521 1380
4522 1977
4523 4581
4524 6430
4526 2630
4527 2043
4528 6229
4529 2767
4530 521
4531 6019
4532 2183
4533 1877
4534 632
4535 6323
4536 343
4537 5937
4538 2054
4539 580
4540 6011
4544 2343
4545 3175
4546 3921
4547 2342
4548 139
4550 3326
4552 5738
4554 4224
4555 4276
4556 5050
4557 2251
4559 5589
4560 2146
4562 4664
4563 4454
4565 5989
4566 2014
4568 1424
4570 573
4571 43
4572 4193
4573 1294
4575 2315
4576 21
4577 4717
4578 836
4582 2482
4583 1533
4586 1225
4588 1783
4589 5266
4590 236
4591 5635
4593 3070
4594 2084
4595 111
4596 2355
4597 1939
4598 5599
4600 4789
4602 6205
4604 214
4606 6447
4607 6203
4608 887
4609 1961
4610 2993
4612 4446
4613 43
4614 2342
4615 5015
4616 3753
4617 6150
4618 4926
4619 343
4621 3450
4622 3679
4623 5916
4624 730
4626 4862
4627 3871
4628 3193
4629 5815
4631 6082
4632 2747
4634 5052
4635 323
4636 315
4638 5949
4639 3699
4642 418
4643 3382
4644 1398
4645 687
4647 4759
4649 600
4651 2440
4652 620
4653 934
4654 2627
4655 1697
4657 2772
4658 1741
4659 2715
4660 6258
4661 1864
4662 1377
4663 4640
4665 2686
4666 2522
4671 2755
4672 4983
4675 1184
4676 2401
4677 4772
4678 4288
4680 1152
4681 4755
4683 5678
4685 5119
4688 3160
4690 103
4691 407
4692 3430
4694 5682
4695 4930
4696 656
4697 2739
4698 5244
4700 3539
4701 1656
4702 6312
4703 3377
4704 209
4706 2084
4708 6258
4711 81
4712 691
4713 31
4715 4686
4718 3766
4719 2033
4721 2535
4722 2008
4723 3299
4724 916
4725 3136
4726 4190
4727 2772
4728 6076
4729 1866
4731 5830
4733 3850
4735 6220
4737 895
4738 2193
4740 6205
4741 6245
4743 6340
4745 2011
4747 5008
4749 3840
4750 4858
4751 5425
4753 5618
4754 6174
4756 805
4757 4484
4760 6189
4762 6226
4763 3437
4765 4167
4767 1209
4768 3714
4769 2735
4770 6166
4771 4125
4773 690
4775 2670
4776 6447
4777 2728
4778 3277
4779 1818
4782 2098
4784 2648
4785 681
4788 5697
4790 996
4793 1118
4794 655
4796 1789
4797 4569
4798 2595
4800 1390
4801 2217
4802 701
4803 496
4804 5160
4805 1444
4807 2088
4808 2915
4810 599
4811 5430
4813 1349
4814 4949
4815 52
4817 2482
4818 736
4819 909
4820 982
4821 5713
4822 2958
4824 2268
4825 2954
4826 5916
4828 4378
4829 2060
4831 5723
4832 847
4833 6314
4834 5649
4837 5587
4839 392
4840 1551
4841 3960
4842 430
4843 4844
4845 3537
4850 3227
4851 2294
4853 5208
4854 6399
4856 3155
4859 1625
4860 4742
4861 5531
4863 4848
4867 801
4868 2156
4870 3702
4871 6312
4872 5644
4873 111
4874 2484
4877 3414
4879 5710
4880 2790
4882 6367
4883 2500
4885 1135
4886 2599
4887 5531
4888 85
4889 950
4891 4941
4893 6028
4896 6224
4897 855
4899 5344
4901 1102
4904 4869
4905 2319
4906 6168
4908 3604
4909 3990
4910 3382
4913 4739
4914 1275
4915 3209
4917 3626
4919 3954
4920 3017
4924 2546
4925 5687
4927 334
4929 2543
4931 6357
4932 1698
4935 1228
4936 1281
4937 6000
4939 1682
4940 1783
4943 2599
4945 2069
4947 2724
4953 5795
4954 2618
4955 5369
4956 6356
4959 5119
4960 1035
4961 2818
4962 2033
4963 2949
4964 584
4966 5962
4967 2213
4970 6247
4972 6175
4973 6017
4977 5498
4978 1045
4982 2885
4984 1095
4986 681
4987 4979
4989 1941
4990 5920
4991 724
4992 1961
4993 1131
4994 5577
4996 1379
4997 259
4999 586
5001 999
5003 4603
5010 1359
5012 6267
5014 6351
5016 4542
5017 1009
5018 5482
5020 1611
5021 2543
5023 620
5024 4342
5025 117
5027 3880
5030 6017
5033 143
5036 2718
5038 839
5039 4204
5043 3033
5044 5589
5045 1607
5046 5967
5047 3202
5048 3576
5049 1781
5053 1954
5055 6175
5057 456
5058 5832
5065 3798
5066 2269
5067 687
5068 3214
5070 1502
5072 2633
5074 5279
5076 387
5077 5731
5079 6259
5080 6338
5081 653
5082 2332
5083 3039
5084 1388
5085 6107
5089 244
5091 4391
5092 5960
5093 4838
5096 5597
5098 5209
5099 1742
5100 908
5102 4384
5104 3365
5106 4501
5107 2084
5111 3412
5112 3460
5113 6087
5115 2224
5120 1887
5123 6183
5124 289
5125 3236
5128 722
5131 4334
5133 5903
5134 4744
5135 5229
5137 26
5144 2154
5145 236
5146 6343
5147 2128
5149 5613
5152 1174
5155 5633
5156 5531
5157 4787
5158 701
5159 5653
5162 6274
5163 1135
5164 3130
5167 5225
5168 6246
5169 5419
5170 1721
5172 5498
5173 6168
5175 6254
5178 608
5179 3500
5182 275
5183 5611
5184 6082
5185 2795
5186 116
5187 4846
5188 3380
5190 2079
5191 5564
5194 2395
5196 5887
5199 3986
5205 1611
5206 4774
5207 3385
5210 272
5217 6050
5218 6434
5221 3054
5222 5729
5223 4603
5226 3496
5230 4933
5231 5433
5232 3882
5233 4542
5234 5365
5235 2569
5240 3082
5241 4806
5242 6082
5243 3666
5248 6110
5251 2603
5252 3884
5253 794
5254 5978
5255 6404
5256 5279
5257 3464
5259 6005
5261 3888
5262 3106
5263 6414
5264 86
5265 3789
5268 1211
5269 1658
5272 5875
5274 4153
5277 6161
5278 1489
5280 5902
5281 6091
5282 1184
5283 3386
5286 1948
5287 4367
5289 6450
5290 4308
5291 2875
5293 5384
5294 644
5297 964
5298 1152
5300 6396
5301 1400
5305 336
5306 1903
5307 5604
5308 3501
5311 468
5312 31
5313 2209
5314 6156
5315 5489
5317 3972
5318 6112
5320 5489
5321 548
5322 1067
5324 4592
5325 6341
5326 6011
5327 2703
5330 1889
5331 3925
5333 1715
5334 5189
5336 2199
5337 6180
5339 5275
5340 2479
5343 1780
5345 1040
5346 6407
5347 6292
5348 2885
5349 4340
5351 3205
5352 3529
5353 1293
5354 5310
5356 5035
5357 5742
5358 5908
5360 5954
5361 5078
5364 763
5366 1879
5368 1644
5371 6141
5373 2687
5374 5635
5376 5658
5377 5451
5378 5622
5381 2172
5387 204
5392 2163
5393 6089
5395 4217
5396 870
5397 5471
5398 6242
5400 5059
5401 3382
5403 3666
5404 634
5406 6347
5408 5531
5412 1067
5413 2766
5414 1410
5415 1846
5416 416
5417 2462
5418 4174
5420 4709
5421 5136
5422 3315
5423 6036
5424 3787
5426 690
5427 6310
5429 5632
5435 2378
5436 927
5438 6028
5440 1877
5442 1515
5444 900
5445 1451
5446 2715
5449 2603
5450 1035
5452 2462
5453 289
5455 3775
5457 1756
5461 3537
5462 2970
5463 2916
5464 5375
5465 2435
5466 5095
5467 4684
5469 6438
5470 6359
5472 5953
5473 4211
5474 4971
5476 2960
5477 2636
5478 3850
5480 1271
5483 2058
5484 5933
5487 3616
5488 5985
5490 1716
5492 5863
5496 2497
5497 407
5500 1151
5501 677
5503 1492
5504 2817
5507 821
5508 21
5509 4903
5510 6004
5511 387
5512 4237
5513 2477
5516 4033
5518 4541
5520 6283
5521 6041
5522 1528
5523 52
5524 6269
5525 2435
5527 3490
5529 430
5532 2865
5535 2835
5536 2546
5538 3326
5539 6128
5540 4875
5541 5143
5542 1890
5545 5363
5548 509
5549 6184
5551 5964
5552 5161
5553 3540
5555 6074
5556 4225
5560 4008
5561 3089
5566 1021
5567 5992
5568 5914
5570 342
5573 6065
5574 6057
5575 3346
5576 3630
5578 5624
5580 348
5581 1937
5582 6390
5584 1065
5586 1887
5588 49
5592 669
5598 2031
5605 5994
5607 4957
5608 2618
5610 1971
5612 6118
5614 2739
5617 1298
5620 5203
5623 6385
5625 6212
5627 6140
5628 3570
5630 6276
5631 6383
5634 5052
5636 1614
5642 6296
5643 3008
5646 6401
5650 2895
5655 1395
5656 5661
5657 2749
5659 6233
5660 115
5663 2729
5664 357
5665 1893
5666 1702
5668 120
5670 5976
5671 1015
5674 2103
5675 6343
5677 5238
5680 4167
5683 3635
5684 4806
5688 6253
5691 5448
5692 252
5694 6188
5695 6164
5696 5514
5698 306
5699 3648
5701 4894
5702 4553
5705 1159
5706 4846
5707 1485
5709 4884
5712 5304
5716 31
5717 2810
5719 6223
5721 3928
5722 5338
5726 548
5727 4332
5734 6282
5735 2051
5737 3882
5739 59
5740 403
5741 3441
5744 38
5746 6072
5747 139
5749 1491
5750 1363
5751 2050
5752 168
5753 456
5754 2858
5755 6125
5757 854
5760 3381
5761 5006
5762 4720
5765 4018
5768 3880
5769 4518
5770 2686
5771 5784
5773 832
5775 5350
5779 5031
5782 6250
5783 6230
5785 2376
5786 1045
5788 768
5789 3601
5792 6373
5793 1866
5796 4295
5798 1081
5799 1455
5801 3612
5802 4567
5803 2562
5804 6235
5805 5569
5807 6277
5808 6195
5810 94
5814 5319
5816 6089
5817 2166
5819 6128
5820 5583
5822 1954
5824 2959
5825 4328
5827 1717
5828 6178
5829 6241
5831 1788
5833 6022
5835 3550
5838 2440
5845 5644
5850 342
5851 6109
5852 1671
5853 158
5854 3401
5855 6056
5857 6433
5858 6188
5860 325
5861 1221
5865 427
5866 6330
5867 3703
5868 2899
5872 6294
5873 3457
5874 4969
5877 6236
5878 2020
5879 461
5880 570
5884 6062
5885 1175
5888 621
5889 2724
5890 6176
5891 6395
5892 3913
5893 5386
5896 2094
5897 4425
5898 2315
5901 2443
5905 3008
5906 1573
5909 5341
5910 524
5917 6261
5918 5774
5922 6148
5923 4070
5925 6097
5926 4668
5930 3834
5931 5927
5932 3137
5934 2235
5935 4401
5936 5140
5938 3232
5940 5443
5941 2303
5942 878
5948 3479
5956 5621
5958 3307
5959 3492
5961 1600
6023 6261
6326 5138
6346 6054
6348 4934
6439 5841
6446 2595
6451 3745
6452 3415
6453 5599
6454 1325
6455 311
6456 3070
6457 2156
6458 6248
6459 5849
6460 3244
6461 5920
6462 2178
6463 730
6464 375
6465 2630
6466 5736
6467 381
6468 5921
6469 5195
6470 6057
6471 1434
6472 6085
6473 6285
6474 2292
6475 3486
6476 4311
6477 6226
6478 5842
6479 3005
6480 6093
6481 1233
6482 6035
6483 4884
6484 3561
6485 3386
6486 5073
6487 1122
6488 1550
6489 3956
6490 2370
6491 3082
6492 5363
6493 5141
6494 2724
6495 2543
6496 2900
6497 5596
6498 5475
6499 4400
6500 5200
6501 1251
6502 578
6503 2928
6504 6367
6505 5672
6506 3440
6507 2714
6508 244
6509 2168
6510 1078
6511 4250
6512 75
6513 5362
6514 2970
6515 1971
6516 3090
6517 996
6518 3400
6519 4884
6520 5883
6521 6186
6522 2103
6523 3881
6524 3501
6525 3877
6526 6406
6527 842
6528 3515
6529 4276
6530 3896
6531 3632
6532 3486
6533 6134
6534 6245
6535 1738
6536 4329
6537 3187
6538 874
6539 6280
6540 3738
6541 6371
6542 5054
6543 5973
6544 6394
6545 6207
6546 3702
6547 1486
6548 5590
6549 2088
6550 5764
6551 6245
6552 4142
6553 2691
6554 4705
6555 2695
6556 5979
6557 5514
6558 3701
6559 6445
6560 6095
6561 3206
6562 3881
6563 165
6564 969
6565 1864
6566 2533
6567 5821
6568 3917
6569 5728
6570 2534
6571 687
6572 2343
6573 416
6574 5434
6575 5830
6576 6124
6577 3089
6578 780
6579 4025
6580 573
6581 889
6582 2366
6583 3968
6584 1090
6585 5622
6586 3747
6587 2039
6588 6081
6589 2461
6590 215
6591 5097
6592 2952
6593 4780
6594 4693
6595 475
6596 6155
6597 4025
6598 572
6599 471
6600 5964
6601 4780
6602 469
6603 3963
6604 5585
6605 999
6606 1558
6607 2659
6608 2050
6609 800
6610 5189
6611 6253
6612 5332
6613 3617
6614 3945
6615 5220
6616 2770
6617 5776
6618 5907
6619 5126
6620 3230
6621 5071
6622 4215
6623 744
6624 3617
6625 4988
6626 3884
6627 304
6628 4933
6629 6197
6630 2862
6631 5708
6632 3498
6633 6437
6634 6101
6635 1446
6636 281
6637 3699
6638 336
6639 2218
6640 4944
6641 2863
6642 5730
6643 3913
6644 1951
6645 4857
6646 586
6647 6393
6648 133
6649 3490
6650 6379
6651 6249
6652 6267
6653 5933
6654 878
6655 5388
6656 6287
6657 4070
6658 4734
6659 1017
6660 3522
6661 3321
6662 462
6663 3960
6664 6258
6665 5064
6666 404
6667 5372
6668 738
6669 3999
6670 2438
6671 5914
6672 6205
6673 3588
6674 4367
6675 215
6676 1640
6677 3227
6678 2332
6679 4276
6680 1548
6681 3842
6682 3209
6683 5181
6684 5180
6685 2958
6686 3875
6687 1264
6688 5097
6689 2277
6690 4922
6691 5203
6692 6012
6693 4090
6694 5479
6695 537
6696 3646
6697 5362
6698 2167
6699 1808
6700 1803
6701 449
6702 3414
6703 5051
6704 6204
6705 4983
6706 4980
6707 775
6708 6130
6709 1864
6710 3692
6711 4849
6712 4898
6713 3157
6714 6234
6715 4710
6716 388
6717 1619
6718 6274
6719 5758
6720 6081
6721 5640
6722 6177
6723 1577
6724 608
6725 4246
6726 5844
6727 2455
6728 1104
6729 6290
6730 3869
6731 3844
6732 851
6733 2999
6734 6141
6735 4400
6736 3601
6737 4912
6738 32
6739 6170
6740 1757
6741 850
6742 6356
6743 1445
6744 5714
6745 6268
6746 1465
6747 4342
6748 1235
6749 5350
6750 1451
6751 2166
6752 5844
6753 4865
6754 2934
6755 4926
6756 1903
6757 5213
6758 6182
6759 6423
6760 672
6761 3968
6762 6016
6763 889
6764 4900
6765 1356
6766 189
6767 669
6768 5687
6769 5618
6770 3307
6771 620
6772 697
6773 372
6774 1009
6775 5019
6776 3623
6777 2257
6778 325
6779 3798
6780 2478
6781 6144
6782 6241
6783 2224
6784 1118
6785 4705
6786 3246
6787 4895
6788 3699
6789 6265
6790 2728
6791 5686
6792 6139
6793 2625
6794 5389
6795 5652
6796 269
6797 701
6798 5389
6799 6313
6800 2797
6801 4301
6802 3384
6803 2162
6804 6441
6805 6029
6806 743
6807 6269
6808 5778
6809 5949
6810 5447
6811 509
6812 6103
6813 1711
6814 3857
6815 6060
6816 1937
6817 1221
6818 1311
6819 5963
6820 1711
6821 2926
6822 1555
6823 3072
6824 109
6825 6276
6826 4836
6827 772
6828 1503
6829 4847
6830 2617
6831 3952
6832 1635
6833 6301
6834 5215
6835 2040
6836 6192
6837 6284
6838 5590
6839 335
6840 1400
6841 6048
6842 1267
6843 5544
6844 6092
6845 6287
6846 1682
6847 710
6848 2676
6849 264
6850 1786
6851 6217
6852 5032
6853 1637
6854 5447
6855 1624
6856 1889
6857 4928
6858 5899
6859 4057
6860 6310
6861 6001
6862 4458
6863 2594
6864 1491
6865 3518
6866 1850
6867 4903
6868 3106
6869 569
6870 1878
6871 4458
6872 2051
6873 6112
6874 5160
6875 52
6876 6197
6877 4998
6878 5372
6879 958
6880 2963
6881 6077
6882 1157
6883 5273
6884 6357
6885 6328
6886 1634
6887 5900
6888 1524
6889 3017
6890 6241
6891 2348
6892 16
6893 6015
6894 5212
6895 1271
6896 441
6897 537
6898 1249
6899 4858
6900 4009
6901 2060
6902 1270
6903 453
6904 1025
6905 851
6906 969
6907 6268
6908 227
6909 2319
6910 2297
6911 3172
6912 3869
6913 6408
6914 6204
6915 6222
6916 3745
6917 3500
6918 1711
6919 5434
6920 2831
6921 5649
6922 3271
6923 3579
6924 2697
6925 5554
6926 3831
6927 6094
6928 5846
6929 3813
6930 6123
6931 6262
6932 4587
6933 754
6934 3725
6935 406
6936 5458
6937 4791
6938 2085
6939 1297
6940 1516
6941 5876
6942 3921
6943 6190
6944 2084
6945 1512
6946 558
6947 6186
6948 1230
6949 3052
6950 6196
6951 1439
6952 6216
6953 1443
6954 2486
6955 2597
6956 4358
6957 5882
6958 5309
6959 472
6960 6347
6961 5641
6962 6160
6963 6006
6964 584
6965 4674
6966 5342
6967 227
6968 3043
6969 1207
6970 6278
6971 5904
6972 25
6973 1380
6974 698
6975 3702
6976 659
6977 5613
6978 6338
6979 3238
6980 304
6981 1371
6982 5678
6983 1781
6984 2890
6985 931
6986 1625
6987 899
6988 457
6989 4376
6990 5837
6991 4039
6992 2366
6993 2221
6994 731
6995 3639
6996 5758
6997 1567
6998 469
6999 1772
7000 2751
7001 600
7002 4975
7003 4949
7004 3277
7005 6027
7006 4070
7007 5733
7008 2096
7009 5195
7010 6265
7011 4157
7012 2789
7013 3258
7014 5161
7015 3316
7016 335
7017 4650
7018 5390
7019 632
7020 881
7021 6036
7022 84
7023 169
7024 4950
7025 5559
7026 5174
7027 6422
7028 2824
7029 998
7030 2861
7031 1624
7032 5411
7033 5638
7034 1840
7035 6024
7036 3692
7037 5589
7038 4033
7039 1284
7040 4686
7041 3193
7042 5673
7043 5969
7044 4827
7045 4930
7046 5921
