3676 12
6110 33
6032 23
2657 12
4882 45
4179 31
4462 49
5172 43
2357 0
858 45
122 21
6617 16
6173 13
6403 33
6759 9
6341 35
129 79
2625 27
3105 24
6719 16
2286 57
3417 81
6539 21
5850 60
1979 46
6193 21
6505 34
6536 69
1808 41
5439 30
3230 25
6690 16
6699 9
4240 8
2599 42
1169 32
5680 19
679 61
5977 81
2573 11
1597 43
6553 10
4686 69
400 46
4188 79
3039 23
4259 69
6717 2
3617 79
831 57
6437 13
6584 1
3807 46
4890 42
1105 12
6741 29
6691 19
2507 21
4439 4
6667 62
3217 26
104 12
6603 5
6694 13
5883 81
2696 8
1693 59
6663 13
2887 32
4860 34
6484 16
3328 46
6122 66
4857 5
4961 29
2475 79
6108 38
4930 9
6468 3
6516 2
6650 13
6456 4
5367 45
6233 51
2338 61
3226 27
4479 42
5666 34
6494 15
2801 45
5971 41
4664 23
5577 32
2872 6
6746 16
6672 28
2288 27
882 42
1073 43
5770 24
6636 13
3878 27
6684 16
4829 32
5818 46
6634 13
6513 42
3136 46
6485 9
2656 39
6695 9
3764 16
1943 12
2813 30
5164 32
547 21
1568 85
6633 9
6050 34
101 42
6593 19
4605 56
902 82
4264 40
6744 59
6089 25
3160 79
5482 56
5044 4
4402 42
4097 48
4202 46
5595 8
5556 35
3558 34
6541 41
4677 29
6563 15
6457 0
6342 46
5820 3
6724 13
6713 81
5130 41
656 21
2155 21
304 61
3356 25
4271 27
6772 39
4187 84
6498 24
6608 21
6594 56
2325 61
6212 7
1548 59
6188 19
4790 30
2340 82
637 16
107 23
6455 15
5541 8
6001 79
6677 16
2495 59
756 69
5693 2
6097 16
909 32
3946 69
5068 9
5073 24
6703 27
6745 15
6490 13
1117 56
4133 36
4043 62
1437 41
6720 35
6668 82
4176 42
6618 15
2792 9
6053 25
6453 1
1600 24
1774 28
5912 23
4238 45
1551 46
4055 45
583 3
4226 34
1751 83
5332 12
2415 11
3289 27
6754 13
6528 27
4510 65
1059 29
6547 8
5187 20
5775 64
6675 37
2652 32
6512 25
6174 16
5745 19
6399 8
5111 15
2825 85
2271 22
6308 27
6411 42
6686 7
4346 41
2870 27
224 32
5145 8
5326 45
6641 16
1417 49
6531 0
6643 15
6526 31
6735 45
6766 16
473 46
5275 38
5735 32
6781 13
2491 38
5530 59
2996 82
6764 8
3877 33
3096 57
2812 85
2217 37
6559 15
4750 14
113 41
5110 31
5176 38
6574 13
6068 34
307 26
5559 0
3126 23
6573 19
5720 29
6549 15
6583 15
6394 3
2851 56
2483 10
6649 21
4132 0
6482 34
6452 7
1468 85
4815 49
6602 16
864 82
6714 10
2630 34
4101 42
3031 84
1461 34
5792 16
4531 81
3509 3
6733 43
3024 23
6500 13
5456 12
4143 8
6101 29
4695 29
4421 79
6722 9
1757 42
6671 17
6647 81
5574 18
6495 82
6491 13
1917 8
3795 27
6768 10
3920 49
6527 33
435 45
2708 11
6227 15
4533 12
595 79
1365 41
4253 10
2404 40
744 58
1740 34
5703 45
3454 83
5839 33
6707 2
6047 32
654 31
2393 48
6502 15
1925 34
3893 13
2806 24
2061 38
4576 81
6591 16
3511 3
6397 26
160 34
4015 27
1014 23
291 13
1345 84
1323 49
6708 30
1505 23
4953 31
6642 18
4113 84
1177 31
6348 3
6530 13
1977 22
6704 15
6658 13
2917 22
1878 37
5447 58
3469 12
4400 27
4403 56
6385 21
4792 56
2486 22
3980 7
0 5714
1 1194
3 5703
4 5068
5 6029
6 3712
8 4833
9 3096
12 4234
13 4070
14 290
16 5373
18 6737
19 2814
20 675
24 6688
27 6731
28 4620
29 4276
30 6475
31 316
32 1612
34 2224
36 2364
37 5004
39 2288
40 6710
41 2600
42 5341
43 3965
45 801
46 1132
47 6107
48 6594
50 5509
51 1887
52 6357
54 6273
56 6734
58 5067
63 3785
67 1751
68 6698
71 1461
72 6655
77 623
78 6312
81 4055
83 1041
84 2247
87 398
88 6359
89 3021
91 2309
92 338
95 5172
97 5994
98 575
99 6501
105 6295
106 6072
108 117
109 2090
110 5230
112 6252
114 3172
115 3514
116 5590
118 5829
119 392
120 792
123 2392
124 808
125 4132
126 661
127 2618
133 6709
134 1943
135 4888
136 2539
137 59
138 773
140 6781
144 64
145 4982
148 6447
149 6670
151 4890
152 5616
153 6543
154 4325
155 2400
156 4137
157 799
158 6212
159 2589
161 1743
162 2410
163 748
164 3849
166 6780
167 3741
168 4637
170 5166
171 5707
172 6581
174 3395
175 6633
176 4391
177 6780
178 3200
179 6614
180 291
182 756
183 3701
184 4958
187 6668
188 4520
190 6182
192 2331
194 2341
195 3134
196 1923
200 2766
201 1644
202 1047
203 4215
206 1732
207 6108
212 3728
213 1334
217 2184
220 826
221 3253
222 854
223 744
225 4734
226 773
228 1744
229 333
230 4958
231 3126
234 747
235 2609
237 2815
241 5718
242 2608
244 293
245 649
246 1619
247 3560
248 3599
249 1186
252 6781
253 554
255 1989
257 1040
258 2247
259 5141
262 4601
264 4811
265 6506
266 4564
267 4543
268 2061
270 6524
271 2239
274 2694
278 3738
279 525
280 2325
283 4922
285 6717
287 6784
288 6496
289 4791
292 5690
295 1659
296 4226
297 2957
298 6408
299 1104
302 4285
303 6690
308 2257
309 833
310 6015
311 2481
312 1361
314 5735
318 838
320 6466
321 6570
322 1040
324 4439
326 2500
329 6496
331 5745
332 5987
340 6390
341 1181
343 6646
344 4663
345 1285
346 2325
347 5864
351 3075
352 6610
353 4629
356 3547
357 6007
361 349
362 689
363 3198
364 4445
365 1415
367 487
368 6635
369 6497
370 2551
373 4736
374 2190
375 1351
376 6456
377 2656
379 5517
380 4558
382 5509
383 6780
384 6365
385 4525
386 6001
389 5597
390 4792
391 6396
393 6682
395 6488
399 5562
401 1758
402 3349
404 1267
405 5339
411 1326
414 4445
415 5245
417 6253
419 4388
420 4479
422 6664
423 2531
424 2651
426 5469
427 5384
429 3944
430 6497
432 3231
434 6709
436 6001
437 74
438 2364
440 6401
441 4202
442 6108
447 1203
448 6275
450 2315
451 1332
454 5355
455 4975
456 2195
457 57
460 797
461 797
462 5233
465 1268
466 1661
467 6484
471 5700
474 1422
475 5574
476 1567
477 2551
478 1638
480 4410
482 3301
483 6673
484 6365
485 6017
486 4432
488 1314
489 6575
490 6760
491 5512
492 2960
494 44
495 6612
497 1979
498 615
499 879
500 6742
501 4288
502 6223
503 5957
504 5859
505 6250
507 2394
508 6663
509 6725
511 4857
512 5834
514 3878
515 2762
516 891
517 65
518 1446
520 3777
522 5804
526 3730
529 1615
533 6233
534 1290
535 94
536 1712
537 410
538 2395
540 5238
541 6693
542 6639
543 6499
544 5272
545 5742
548 3198
549 3252
550 6167
551 5047
553 1802
555 2589
557 6574
559 2051
560 3574
561 282
562 991
563 3313
564 6783
565 2185
566 2800
571 735
574 1070
578 3972
579 5977
581 5268
582 1096
587 5636
590 2686
592 4531
594 3158
600 2767
601 6326
602 5124
603 6357
604 5032
605 4957
608 6557
609 1104
610 4171
612 3863
613 6611
614 3010
616 5210
617 1295
618 4097
619 1624
624 6015
625 5166
626 3656
627 5488
628 1961
632 5321
633 6118
634 6399
636 2600
640 2661
641 2383
642 6717
643 6451
646 185
647 6591
650 2488
651 2515
652 3134
653 2653
657 3781
658 2886
660 1597
662 6019
663 6062
664 5808
665 2033
667 586
669 80
671 3162
674 1282
682 2343
685 5842
691 6363
692 4204
694 2653
695 4129
696 2137
699 4574
700 6285
703 4926
704 1795
705 6312
706 5077
707 6029
708 74
709 3547
710 6760
713 6630
714 4716
717 6461
719 6618
720 5740
721 4948
723 6720
725 2631
726 5549
727 5386
729 841
732 2679
733 3354
734 683
737 5261
738 2383
739 3445
741 2393
742 2749
745 2675
746 4331
749 3000
751 2695
752 6166
753 958
754 4579
755 313
758 1876
759 3718
760 4208
761 1735
762 4829
763 6426
764 2850
765 5486
766 4348
768 5615
770 1502
771 4387
772 1686
775 1141
776 2271
777 1890
781 4583
783 5711
784 6615
788 5013
789 6655
790 4833
793 3702
795 920
802 2172
803 2031
804 1229
806 6624
807 1687
810 4002
812 5915
814 1945
816 6538
817 2685
818 4833
820 6089
821 468
822 2747
823 898
825 4076
827 1493
829 6387
830 6570
832 6656
834 444
835 4180
842 1109
843 819
844 80
846 4782
847 449
848 3750
849 3585
850 4230
853 6710
855 181
856 1075
857 6306
859 4479
860 4772
861 433
862 282
865 132
866 743
869 6217
871 5359
872 6391
873 5837
875 797
876 1597
878 5118
883 185
884 4188
885 210
886 4285
887 3890
890 3751
893 5068
894 6126
895 6703
897 5896
901 3307
905 5051
907 5718
908 5095
911 735
912 3398
913 1699
914 5590
915 4291
921 5124
922 6520
923 2434
925 1607
926 6627
928 2851
932 757
933 917
934 1829
935 6171
937 6038
938 2653
939 1807
941 82
942 831
943 1586
944 2139
945 3460
946 3584
947 5822
948 2792
949 6527
950 3356
954 6284
955 2890
959 6508
960 3447
961 6256
963 6729
966 4092
968 1160
973 1941
974 2088
977 4461
978 256
979 3471
980 683
981 1579
982 6746
983 2306
986 6446
987 4949
988 1654
989 572
993 1689
994 5692
997 1466
998 5871
1000 5452
1003 4866
1004 4366
1005 1593
1007 3301
1008 796
1010 680
1013 5095
1016 2893
1017 1471
1018 5095
1019 354
1022 5915
1023 6018
1024 2785
1025 6741
1027 2021
1028 75
1029 6606
1030 4376
1032 6445
1034 6438
1035 3646
1039 6395
1043 1159
1044 6761
1045 3701
1046 6751
1049 208
1050 2596
1054 2357
1055 6543
1057 3550
1060 5912
1061 5389
1062 3547
1063 6188
1064 3676
1065 951
1066 5124
1067 6672
1069 5209
1071 6620
1079 6667
1080 2495
1081 2746
1082 1640
1084 6516
1086 1443
1088 468
1089 3105
1091 687
1092 1105
1093 5546
1094 1935
1097 4957
1098 639
1099 1147
1100 6471
1101 6501
1103 5587
1106 6089
1108 33
1110 261
1111 3980
1113 4454
1116 2205
1118 396
1119 3158
1120 3730
1121 6221
1122 4376
1123 1051
1125 1876
1126 107
1127 6720
1129 1421
1130 6685
1137 2589
1138 1732
1140 1489
1143 1781
1144 2722
1145 142
1146 668
1148 3010
1149 224
1150 779
1154 1040
1155 2416
1156 6493
1157 854
1161 532
1162 965
1163 5842
1165 6769
1166 2472
1168 4333
1170 1783
1171 1160
1173 1595
1175 607
1178 5051
1179 5859
1182 6528
1185 5100
1187 3535
1189 1694
1193 443
1195 4695
1196 4065
1200 722
1201 3072
1204 49
1205 863
1206 1359
1208 3920
1210 1596
1212 2983
1213 965
1215 1990
1216 5056
1218 6068
1220 2416
1221 5262
1222 6668
1223 3923
1226 5357
1228 1781
1232 621
1234 1887
1235 1437
1236 4968
1237 3178
1238 2810
1240 3924
1241 996
1243 459
1244 3428
1246 819
1247 631
1250 1425
1252 6533
1253 6507
1255 4462
1258 4938
1259 996
1260 4640
1261 2934
1262 2040
1265 4215
1266 5244
1269 3730
1271 794
1272 910
1273 2824
1274 224
1276 6343
1277 11
1279 150
1280 6207
1283 4237
1284 1114
1286 3888
1287 1589
1288 5151
1292 5758
1293 4129
1294 1183
1296 4388
1299 3445
1301 5987
1302 1671
1303 3787
1306 191
1307 701
1308 637
1309 1606
1310 799
1311 1251
1315 6173
1318 6694
1319 2410
1321 4314
1322 3787
1324 5458
1330 841
1331 4143
1335 1233
1336 5644
1337 1850
1338 510
1339 2608
1340 227
1341 4515
1342 5953
1346 3535
1348 2870
1350 5026
1353 3139
1354 2037
1355 6002
1357 6426
1358 6495
1360 2162
1363 3356
1364 5836
1366 6513
1367 6501
1368 104
1369 3904
1370 1892
1371 4675
1372 800
1373 4806
1374 1184
1375 2548
1379 611
1381 3945
1382 622
1383 6047
1384 3523
1385 2588
1386 5019
1387 117
1388 6730
1389 1473
1391 204
1392 277
1393 6387
1394 1325
1395 5580
1397 1741
1398 3788
1399 3777
1401 6684
1403 5615
1404 1951
1405 4865
1406 96
1407 6240
1408 6782
1409 2554
1411 4656
1416 6573
1418 4902
1419 774
1423 2824
1424 6551
1426 1606
1427 269
1428 1184
1429 3081
1430 1607
1431 874
1432 3585
1433 5474
1434 2631
1435 1525
1436 2840
1438 3370
1439 5447
1440 1758
1441 6125
1442 3556
1447 5235
1448 569
1449 5778
1450 750
1452 4969
1453 1890
1454 3407
1456 6651
1457 2588
1458 2104
1460 6279
1462 5006
1464 2722
1467 1451
1469 428
1470 1254
1472 3978
1476 6253
1478 6486
1480 2037
1481 4780
1482 510
1484 3888
1486 2942
1487 5666
1488 6140
1490 2489
1491 4239
1492 3326
1495 4790
1496 2322
1498 6408
1499 2162
1500 3652
1503 1002
1504 3718
1506 1943
1508 469
1510 3779
1511 2724
1512 4758
1513 5692
1514 2960
1516 199
1518 4957
1520 684
1524 6535
1526 5556
1527 493
1529 4726
1530 3031
1531 5184
1532 6653
1534 1732
1537 6564
1538 5201
1539 5692
1540 1009
1541 6625
1542 4966
1543 3231
1544 1740
1545 6487
1546 5128
1547 254
1549 6245
1550 3136
1552 2416
1553 6486
1556 4790
1558 6126
1560 1961
1562 940
1563 4372
1564 3652
1565 6648
1569 6393
1570 2518
1571 3501
1572 2529
1573 623
1574 2637
1576 1153
1578 6481
1580 649
1581 2306
1582 1400
1584 4171
1585 3989
1587 6103
1590 4950
1591 3953
1592 4864
1594 757
1598 4133
1599 1699
1601 2048
1602 198
1604 1536
1605 433
1608 1523
1609 684
1611 6320
1613 4388
1614 1217
1616 3523
1617 6590
1618 4856
1620 724
1621 3321
1623 5095
1626 1555
1627 1625
1628 104
1629 2346
1630 6572
1631 3121
1632 5947
1633 1349
1634 6567
1635 984
1636 6576
1639 2790
1642 328
1643 3537
1646 3330
1647 1412
1648 3130
1649 5980
1650 4902
1651 4852
1652 3880
1653 2751
1655 6652
1656 1870
1657 611
1662 216
1664 1999
1665 10
1666 1356
1667 4669
1668 3509
1669 165
1672 1694
1673 3123
1674 3225
1675 4489
1676 1021
1678 2315
1679 1047
1680 6051
1681 585
1684 6714
1688 6654
1691 5365
1692 4739
1695 956
1696 240
1697 2990
1698 2516
1701 5595
1702 6678
1704 5304
1705 5151
1707 808
1713 1345
1717 4301
1718 5847
1720 3839
1721 1880
1722 6624
1723 6771
1724 5563
1725 1577
1726 6456
1728 4921
1729 2571
1730 6597
1731 6174
1733 1802
1734 4460
1739 1751
1742 3144
1745 433
1749 1640
1750 269
1752 2271
1753 1489
1754 5957
1755 6490
1759 3200
1761 1736
1762 2839
1763 5743
1764 1270
1765 254
1767 2914
1768 2825
1769 35
1770 2283
1771 2048
1773 2839
1775 2672
1776 1073
1777 6199
1779 5596
1784 5250
1786 2923
1787 2258
1788 1002
1789 130
1790 6763
1791 2471
1793 1052
1794 3718
1796 4028
1797 6442
1798 1714
1800 3126
1801 3115
1804 4340
1810 5596
1811 1349
1812 4474
1813 3945
1814 3123
1815 4773
1816 6731
1817 4349
1818 4012
1819 6630
1820 59
1821 567
1822 4860
1823 366
1824 1151
1825 4739
1826 6552
1827 6163
1828 2554
1830 4328
1831 3803
1832 567
1833 1979
1834 4880
1835 975
1837 3779
1838 5847
1842 3364
1843 5577
1845 3263
1846 3683
1847 2215
1849 2292
1851 6524
1852 4343
1854 4601
1855 3779
1857 6426
1858 3099
1859 4510
1860 6072
1861 3462
1862 1579
1863 4846
1864 3460
1865 2506
1866 1677
1867 3535
1868 1400
1871 6599
1872 5064
1873 4961
1874 469
1875 1053
1879 1683
1881 6586
1882 3777
1883 6359
1884 2863
1886 4458
1891 2213
1894 6779
1895 2038
1896 3878
1897 3431
1898 59
1899 313
1900 4755
1901 6583
1902 428
1903 6560
1904 4892
1905 3896
1906 5764
1908 5569
1909 4670
1910 2060
1913 6552
1916 3217
1918 1610
1919 1699
1920 2102
1921 5642
1922 698
1924 5564
1926 6622
1927 539
1928 6437
1929 2500
1930 6572
1931 413
1932 1443
1933 774
1934 6705
1936 4280
1937 3171
1938 3558
1939 4525
1940 6737
1942 6575
1944 2610
1946 1085
1948 2886
1949 6521
1950 1038
1952 4811
1953 5563
1954 5584
1957 4444
1958 5425
1959 6060
1960 858
1962 3447
1963 2879
1964 6445
1965 953
1966 5855
1967 359
1969 6669
1970 1362
1972 5127
1973 4511
1974 3730
1975 181
1978 952
1980 1077
1981 957
1982 3223
1983 3200
1984 6481
1985 6544
1986 6745
1987 3938
1988 2352
1991 6776
1992 2820
1993 2391
1994 3144
1995 355
1996 2548
1997 1477
1998 403
2001 6622
2002 4686
2003 3000
2004 4959
2005 3218
2006 5593
2007 5818
2008 122
2009 3059
2010 2806
2011 6114
2012 3226
2013 6159
2016 3547
2017 3346
2018 2041
2020 186
2022 3676
2025 2340
2027 315
2028 409
2029 4515
2030 718
2032 2217
2034 409
2035 6028
2036 2392
2039 1217
2042 3082
2045 1766
2047 6469
2049 5937
2052 2090
2055 5544
2056 6777
2057 1766
2059 6147
2062 4000
2064 6729
2065 2373
2067 2431
2068 5686
2070 4866
2072 4043
2073 1475
2074 2654
2075 2917
2076 785
2077 2571
2080 79
2081 3217
2082 3712
2083 5710
2085 4208
2086 6359
2087 1961
2089 3661
2091 6493
2092 4276
2094 7
2097 2431
2099 6730
2101 731
2105 6225
2106 6234
2108 3438
2110 940
2111 6557
2113 2529
2114 6458
2115 6719
2116 1219
2117 4135
2119 2325
2120 6018
2121 1102
2122 6463
2124 2165
2126 6246
2127 2756
2128 2492
2129 5681
2131 6194
2132 3349
2133 596
2134 2756
2135 1501
2138 4225
2140 4656
2141 4888
2142 5957
2143 261
2144 1377
2145 1727
2146 1076
2147 5090
2148 5871
2149 4911
2150 5707
2151 990
2152 336
2153 3460
2154 443
2157 3537
2158 3618
2159 5142
2160 3646
2163 4454
2164 6514
2170 2362
2171 4395
2173 4860
2174 6295
2176 697
2177 547
2179 1263
2181 2539
2182 2571
2183 6019
2186 786
2187 527
2188 4144
2189 1059
2191 3514
2192 661
2194 5047
2196 4518
2197 5574
2198 3302
2199 4428
2200 276
2201 2817
2202 3212
2203 216
2204 2982
2209 3306
2210 4055
2211 3130
2212 6470
2214 852
2218 5101
2219 3516
2220 2486
2222 2657
2223 4388
2225 5118
2226 5740
2227 5896
2228 5549
2229 5339
2230 683
2232 748
2233 5621
2234 6357
2235 2288
2236 5544
2238 5233
2240 4934
2241 5924
2242 4188
2244 3061
2245 4222
2246 6672
2248 3238
2249 1479
2250 4406
2252 3795
2253 5212
2254 2825
2255 3033
2256 1660
2259 5201
2260 2919
2261 757
2262 996
2263 1880
2264 3585
2266 307
2267 2492
2268 6507
2270 5580
2272 3218
2273 5530
2274 1402
2275 6326
2276 881
2278 3680
2280 629
2281 1313
2282 3641
2284 6756
2285 406
2287 3225
2290 2033
2291 4829
2293 722
2294 2521
2295 4454
2296 2749
2298 6577
2299 6523
2301 6542
2304 1892
2305 6599
2307 4264
2308 5843
2310 6574
2311 6111
2312 5925
2314 2433
2316 956
2317 470
2318 580
2320 6449
2321 756
2323 5887
2324 623
2326 3187
2327 1557
2328 1112
2329 6317
2330 5787
2332 1073
2333 458
2335 4770
2336 2589
2337 824
2339 410
2342 6528
2344 661
2345 238
2348 2870
2349 4576
2350 2265
2351 4202
2353 2434
2354 3730
2355 2288
2356 3032
2359 4012
2360 4892
2361 6442
2363 6692
2367 1153
2369 5661
2371 1783
2372 6326
2374 4284
2375 2338
2376 1694
2379 1715
2380 5619
2381 4974
2382 1191
2384 2297
2385 3616
2386 6654
2388 5064
2389 6217
2390 2610
2397 2431
2398 5032
2399 6326
2402 567
2405 2410
2406 6429
2407 2269
2408 1589
2409 6421
2411 403
2412 3777
2413 2431
2414 481
2417 573
2418 656
2419 2492
2420 1078
2422 5826
2423 117
2424 3614
2425 5720
2426 5236
2427 2243
2428 2373
2429 3599
2430 3952
2432 6282
2435 3010
2436 301
2438 2724
2439 6468
2440 995
2441 5648
2442 6752
2443 6127
2444 576
2445 6130
2446 2968
2447 5569
2448 4779
2450 4331
2451 6240
2452 277
2453 1159
2456 397
2457 3200
2458 1914
2460 3699
2462 5486
2463 5026
2464 3650
2465 3608
2466 6780
2467 1554
2468 854
2469 2431
2470 5238
2474 1219
2476 6528
2477 6558
2478 3787
2479 3144
2485 596
2487 3904
2490 995
2493 2365
2496 782
2501 5262
2502 6171
2503 3884
2504 6356
2505 5019
2508 3298
2509 1615
2510 3059
2512 5209
2513 3149
2514 5032
2517 2630
2519 593
2520 591
2522 6105
2523 5425
2524 4284
2525 2806
2526 4601
2527 6385
2528 6560
2530 3882
2532 6234
2534 1011
2535 2822
2538 5441
2540 4787
2541 510
2542 2573
2544 2038
2545 435
2546 388
2547 3946
2549 4884
2552 5117
2556 6122
2559 6525
2560 5485
2561 6246
2563 888
2564 5977
2565 6496
2566 2793
2568 1376
2569 5217
2570 2825
2572 524
2574 6097
2575 3015
2576 1809
2577 3420
2578 6172
2579 4476
2580 5245
2582 2043
2583 6342
2584 3649
2585 4895
2586 6600
2587 792
2591 5678
2592 3617
2593 730
2594 5441
2595 6500
2597 1579
2602 1347
2604 4471
2605 996
2607 3557
2611 2084
2612 2368
2613 6477
2614 6625
2615 1521
2616 6576
2619 1515
2621 355
2623 6118
2626 4336
2628 5006
2629 6691
2633 5928
2636 1778
2638 1517
2639 991
2640 1856
2641 6118
2642 675
2643 6712
2644 5332
2645 5839
2646 3998
2648 5887
2649 142
2655 6423
2658 6041
2659 4497
2660 6198
2662 3720
2663 1207
2664 6471
2665 2790
2668 6644
2669 1040
2670 1151
2671 3697
2673 2516
2674 808
2677 1446
2678 3705
2680 2942
2681 70
2682 300
2683 1420
2684 6273
2687 6706
2689 2819
2690 1263
2691 683
2692 2391
2697 3234
2699 336
2700 6597
2701 4744
2702 3650
2703 3965
2704 1264
2705 5635
2706 6024
2707 6641
2709 6641
2710 6708
2712 1207
2713 6526
2714 355
2715 3716
2716 2472
2718 3323
2719 1956
2721 4129
2723 1365
2725 3484
2726 3787
2729 4078
2730 5864
2731 1686
2732 5822
2733 1312
2734 638
2735 6665
2736 5883
2738 575
2739 6749
2740 1612
2742 4742
2743 4133
2744 3702
2745 4239
2748 5530
2750 4724
2752 4309
2753 327
2754 6599
2757 6041
2758 6766
2759 6261
2760 4583
2761 3547
2763 6171
2765 3813
2768 2258
2769 240
2770 1076
2771 6244
2773 1917
2774 6521
2775 2051
2777 412
2779 6421
2782 2378
2783 3679
2784 1198
2786 6599
2787 2676
2788 2195
2789 193
2791 3430
2796 6467
2798 131
2799 3896
2802 4583
2803 1596
2804 6722
2807 570
2808 4217
2809 4789
2811 6700
2816 1443
2818 4815
2821 2277
2823 757
2828 6640
2829 2767
2830 1475
2831 496
2832 2755
2833 2695
2834 3356
2835 1535
2837 4323
2838 1112
2841 6646
2842 837
2843 2243
2844 6668
2845 3680
2847 5980
2848 3289
2849 6633
2852 4860
2853 5056
2854 6768
2855 3661
2856 3785
2857 4668
2858 4596
2859 3246
2860 931
2861 2172
2862 1085
2864 2185
2865 5669
2866 4583
2867 5437
2868 5727
2869 2434
2871 4429
2873 80
2876 2609
2877 4677
2878 189
2880 5006
2881 300
2882 6575
2883 2698
2884 5792
2888 3614
2891 1760
2892 6609
2896 6569
2897 3471
2898 889
2901 3398
2902 969
2904 1603
2905 6536
2906 1326
2907 6437
2908 5530
2910 3384
2912 4398
2913 1422
2918 970
2920 3679
2921 5635
2922 2033
2924 4888
2925 5523
2926 3158
2927 1746
2929 5863
2930 6645
2931 1332
2933 3787
2936 2471
2937 64
2938 4445
2939 412
2940 1012
2941 519
2944 649
2945 931
2946 5778
2948 3261
2949 992
2950 6346
2951 4984
2952 4215
2953 2271
2954 6664
2955 6459
2956 3844
2958 867
2962 683
2963 2319
2964 1437
2965 6051
2966 6108
2967 3261
2969 3391
2971 1840
2972 4677
2973 773
2974 104
2975 6712
2976 1345
2977 472
2978 2383
2979 232
2980 2279
2981 5676
2984 5603
2985 3948
2986 6387
2988 1658
2989 5363
2991 2058
2992 5648
2993 4595
2995 6571
2997 4866
2999 5378
3001 5747
3002 4531
3003 6346
3007 2383
3009 6235
3012 606
3013 1976
3014 111
3016 313
3017 5184
3018 3349
3019 4755
3020 4724
3022 5153
3023 2366
3025 5648
3026 2090
3028 6530
3029 2297
3034 6441
3035 6101
3036 5215
3037 2515
3038 5272
3041 2098
3042 6385
3044 1719
3045 3202
3046 2486
3047 1058
3048 6608
3049 2162
3050 5019
3051 6246
3052 6490
3053 690
3054 1640
3055 6464
3056 4668
3057 3728
3058 5339
3060 1345
3062 4667
3063 5569
3064 6732
3065 3500
3067 3666
3068 4239
3069 5090
3071 2720
3073 5626
3074 6641
3076 1026
3077 3840
3078 852
3079 5272
3080 408
3083 400
3084 556
3086 2551
3087 6579
3091 3420
3092 2319
3093 3134
3094 910
3095 4857
3097 3382
3098 1760
3101 6550
3103 3471
3107 1290
3108 6738
3109 5411
3110 3149
3111 5745
3112 815
3113 1505
3116 286
3117 5479
3118 6326
3119 572
3120 1083
3122 2061
3125 62
3127 6535
3129 4433
3131 5686
3133 666
3135 6143
3138 4047
3142 4895
3145 6635
3146 898
3147 4959
3148 1606
3150 2377
3151 4383
3152 1343
3153 3021
3154 6782
3155 2184
3156 1808
3157 4439
3159 2870
3161 2767
3163 3346
3164 5644
3165 3956
3166 6674
3167 4055
3168 6240
3169 251
3170 2911
3173 26
3174 6634
3175 588
3176 4888
3179 3718
3180 744
3181 920
3182 2934
3183 3924
3185 150
3186 3225
3188 272
3189 6343
3190 1169
3191 1002
3192 6468
3194 186
3195 113
3196 3217
3197 5850
3199 5248
3201 6418
3203 2165
3204 2313
3206 2300
3207 1270
3208 6166
3209 69
3210 6415
3211 111
3213 716
3214 4892
3216 204
3220 3224
3221 5481
3222 2473
3227 3678
3228 10
3229 1941
3233 2403
3237 6726
3239 837
3240 5235
3241 3862
3242 6740
3243 3321
3244 470
3245 1038
3247 3940
3248 4346
3249 6262
3250 5837
3251 6518
3254 2772
3255 5212
3256 4000
3257 1751
3258 3881
3259 1583
3260 5826
3262 2125
3264 1588
3265 6531
3266 6733
3267 6700
3268 2161
3269 6477
3271 940
3273 5590
3274 431
3275 4301
3276 1641
3277 5377
3278 3100
3279 21
3280 2776
3281 3004
3282 1577
3283 2058
3285 3128
3286 4287
3287 4679
3288 291
3291 1645
3292 1167
3293 2928
3294 5584
3296 1579
3297 1231
3299 2676
3300 670
3303 3469
3305 6162
3308 3139
3309 6088
3310 3557
3311 924
3312 2265
3314 4222
3315 3881
3316 2396
3317 623
3318 3333
3319 6083
3320 5425
3324 263
3325 6720
3327 5843
3329 1525
3331 2793
3332 6320
3334 4015
3336 4583
3337 4056
3339 4388
3340 6641
3341 3000
3342 2531
3343 3938
3344 2548
3345 5034
3350 1298
3351 6778
3352 1267
3353 2694
3355 5485
3357 1889
3358 1468
3360 3903
3361 1774
3362 3497
3363 1735
3365 6188
3366 5198
3367 3880
3368 2822
3369 2488
3371 1227
3372 1782
3373 76
3376 366
3377 3989
3378 5693
3379 6544
3380 2093
3383 1174
3385 1465
3386 2840
3387 1451
3388 1209
3389 1176
3390 1001
3392 6234
3393 3697
3394 6698
3397 678
3399 6395
3402 4226
3403 3217
3404 778
3405 191
3406 2711
3408 6668
3409 2810
3410 2805
3412 1947
3413 2894
3416 2043
3418 975
3419 1352
3421 130
3422 3844
3423 4259
3424 1806
3425 6453
3426 5850
3427 2300
3429 6370
3432 1840
3433 4842
3435 5479
3436 3742
3437 233
3439 1334
3442 1136
3443 2096
3444 4204
3446 1048
3451 6660
3452 6126
3453 6731
3456 5408
3458 5077
3459 2224
3463 6306
3464 1459
3465 2368
3466 4856
3470 3983
3472 4264
3473 5268
3474 3414
3475 3658
3476 2394
3477 3550
3478 2647
3479 4620
3480 1075
3483 3307
3485 6765
3486 4007
3487 6317
3488 2573
3489 6451
3490 4173
3491 5528
3492 2756
3493 338
3494 858
3495 4445
3496 3584
3498 4510
3499 3877
3502 800
3503 3626
3504 1586
3506 1304
3507 697
3508 1589
3510 2139
3512 1792
3517 680
3519 2031
3520 599
3521 173
3522 3375
3524 1708
3525 1328
3526 2216
3527 254
3528 1956
3529 1892
3530 1887
3531 2942
3532 1102
3533 697
3534 927
3536 354
3538 2486
3539 2874
3540 6739
3541 104
3542 2118
3543 3875
3544 1840
3545 1147
3546 4890
3548 2395
3549 3884
3551 2283
3552 2656
3553 656
3554 6725
3555 2672
3559 3982
3562 260
3563 3980
3564 1917
3565 1893
3566 5621
3567 5990
3568 2058
3569 5004
3570 6472
3572 323
3573 5319
3575 428
3576 6515
3577 1417
3578 199
3579 686
3580 3875
3582 2983
3583 6018
3586 1756
3587 6740
3588 3777
3589 546
3590 6777
3591 1624
3595 5587
3596 5357
3597 4204
3598 5238
3600 1400
3602 5745
3604 6513
3605 481
3607 6745
3609 3217
3610 6084
3611 6646
3612 6062
3613 1268
3615 6561
3619 1586
3620 4896
3621 4921
3622 132
3623 6095
3627 60
3629 2698
3631 3863
3632 1349
3633 2826
3634 6573
3636 2109
3637 4770
3638 1709
3639 813
3640 2813
3642 4572
3643 2872
3644 3515
3645 1522
3647 5378
3648 3920
3651 3509
3653 3441
3654 6486
3655 250
3657 5184
3659 6696
3660 2555
3662 381
3663 2840
3664 1041
3665 2555
3668 4583
3669 854
3670 6779
3672 4995
3673 2767
3674 6737
3675 6656
3677 6560
3681 3400
3682 678
3684 1414
3685 6603
3688 6392
3689 546
3690 5235
3691 1153
3693 3172
3694 2387
3695 2627
3696 1378
3698 2812
3700 6396
3703 3948
3704 898
3706 6504
3707 1095
3708 5177
3709 6648
3710 3338
3714 5955
3715 6454
3717 1362
3719 4866
3721 2630
3722 1011
3724 2947
3727 6024
3729 2785
3731 5225
3732 5924
3733 5028
3735 3785
3736 5361
3737 76
3739 780
3740 479
3743 4389
3744 4056
3745 711
3746 6348
3748 2942
3752 6770
3753 4208
3754 2103
3755 1152
3756 6621
3757 5766
3759 2996
3760 6306
3761 6423
3762 6694
3763 5820
3765 6459
3766 4328
3767 5672
3768 6321
3769 598
3770 4656
3771 4172
3772 4646
3773 2347
3774 323
3775 5359
3776 4398
3778 6223
3782 2237
3783 4543
3784 5378
3786 273
3790 410
3792 4664
3793 6770
3794 6143
3796 86
3797 3431
3798 4132
3799 3370
3800 3758
3801 5154
3802 6759
3805 5403
3806 1475
3808 1219
3809 2746
3810 354
3811 4092
3812 2162
3814 3349
3815 4770
3816 6528
3817 5693
3818 896
3819 2031
3820 880
3821 4520
3822 882
3823 786
3824 4316
3825 805
3826 870
3827 4684
3829 2023
3830 5056
3831 841
3832 2529
3833 6358
3834 1528
3835 3584
3836 5201
3837 5486
3838 1507
3841 6083
3842 6466
3843 3511
3845 1267
3846 1135
3847 4726
3848 4047
3851 2169
3852 917
3853 1257
3854 15
3855 1536
3856 2023
3857 5479
3858 4736
3859 4695
3860 1917
3861 6558
3864 730
3865 2781
3866 2300
3867 2600
3868 4640
3869 3635
3870 552
3871 2637
3872 2724
3873 1533
3874 4668
3876 1224
3879 6562
3883 85
3885 4717
3886 2373
3887 5615
3889 2797
3892 4276
3894 446
3895 4287
3897 113
3898 397
3899 2722
3900 6245
3901 4230
3902 4952
3905 1444
3906 1278
3907 4070
3908 1589
3909 3923
3910 2741
3911 6643
3912 1593
3913 1051
3914 5198
3915 4579
3916 6256
3917 4692
3918 1485
3919 143
3922 836
3925 6233
3926 191
3927 4143
3928 6740
3929 4656
3930 4986
3931 6193
3932 1425
3933 4430
3934 5326
3935 3100
3936 6397
3937 649
3939 1471
3941 1955
3943 1610
3947 4097
3949 1551
3950 4677
3951 5596
3957 4770
3958 4505
3959 2943
3960 6599
3961 798
3962 6647
3963 815
3964 4597
3966 6476
3967 4982
3969 3903
3970 568
3971 243
3973 4520
3974 82
3975 3301
3976 5669
3977 3401
3979 1164
3984 962
3985 6473
3986 276
3987 3716
3988 1699
3991 525
3993 6684
3994 1561
3995 1059
3996 6603
3997 5804
3999 453
4001 1443
4003 4921
4005 6702
4006 446
4008 6571
4009 4497
4010 3171
4011 6062
4013 5329
4014 5090
4016 2737
4017 3126
4019 3075
4022 1708
4023 748
4024 96
4025 4975
4026 1001
4027 6721
4029 6479
4030 6199
4031 6122
4032 3592
4034 4384
4035 5460
4036 6623
4037 4944
4038 5952
4040 1735
4041 3224
4042 3440
4044 6207
4046 6397
4048 316
4049 645
4050 23
4051 6439
4052 2175
4054 1807
4057 6710
4058 5259
4059 6403
4061 6533
4062 4285
4064 396
4066 6694
4067 831
4068 6253
4069 6591
4071 6486
4072 1117
4073 6208
4074 6018
4075 599
4077 2495
4079 2792
4081 6510
4082 6345
4083 1041
4084 4347
4085 3515
4086 6284
4087 6408
4088 5693
4089 2695
4090 6041
4091 6689
4093 3184
4094 2449
4095 2090
4096 1870
4098 5276
4099 5361
4103 2051
4104 6292
4106 1285
4107 6059
4108 975
4109 1710
4110 2217
4111 6423
4112 4398
4114 1351
4115 4007
4116 4815
4117 5905
4118 6763
4119 2169
4120 5329
4121 6727
4122 3253
4123 1737
4124 2289
4125 3218
4126 957
4130 6696
4131 2627
4134 3701
4136 2903
4138 3115
4139 2717
4140 218
4141 3469
4142 22
4146 1326
4147 5908
4149 874
4150 3571
4151 5176
4152 5238
4153 6418
4154 3734
4156 5187
4157 3661
4158 6598
4159 1198
4160 1400
4162 575
4163 4888
4164 1711
4165 355
4167 4405
4168 1413
4169 6642
4170 3560
4174 6345
4175 661
4177 4520
4178 38
4181 3375
4182 1410
4183 6584
4184 4856
4185 4187
4186 6566
4189 6548
4190 5915
4191 4301
4192 5077
4193 2431
4194 3893
4195 6683
4196 6676
4197 6628
4198 1935
4199 794
4200 4004
4201 3523
4203 6524
4206 5745
4207 5732
4209 4918
4210 5718
4211 3515
4213 2717
4214 6645
4216 250
4218 186
4219 1104
4220 1151
4221 6705
4223 757
4224 2130
4227 5403
4228 5669
4229 86
4231 6753
4232 2817
4233 6515
4235 4015
4236 6722
4241 6584
4242 3322
4243 672
4244 2015
4245 4392
4246 165
4247 1568
4248 5456
4249 1267
4250 568
4252 4968
4254 6545
4255 6223
4256 3137
4257 2292
4258 3804
4260 2193
4262 6207
4263 3692
4265 4834
4266 6385
4267 3398
4268 4709
4269 2747
4270 5678
4272 5672
4273 4102
4274 3088
4275 323
4277 2994
4278 3891
4279 3813
4281 2961
4282 293
4283 888
4286 3641
4289 5425
4290 2573
4292 4332
4293 1042
4294 2205
4296 1014
4297 2454
4298 6567
4300 1869
4302 4569
4303 2125
4304 3742
4306 1840
4307 1625
4308 6703
4310 6725
4311 1548
4312 1841
4313 5439
4315 2237
4317 2650
4318 6728
4319 2193
4320 3137
4321 1239
4322 6571
4324 4669
4326 6621
4327 1422
4330 1783
4334 1169
4337 3705
4338 6561
4339 2205
4341 3027
4344 4039
4345 1474
4350 1422
4351 1282
4352 3666
4353 3457
4354 3382
4355 701
4356 4215
4357 6571
4358 5329
4360 218
4361 1445
4362 6343
4363 275
4365 4132
4368 4782
4369 5990
4370 2531
4371 1257
4373 5482
4374 82
4375 4137
4377 2661
4379 6190
4380 3205
4381 4764
4385 328
4390 6710
4393 3414
4394 1712
4396 630
4397 1437
4399 6744
4401 2098
4404 756
4407 881
4408 1249
4409 1326
4411 2794
4412 2800
4413 2286
4414 60
4415 1990
4416 5509
4417 2610
4418 5595
4419 4259
4420 4129
4422 6517
4423 5271
4424 6436
4425 4974
4426 1746
4431 6051
4434 1654
4435 2195
4436 1328
4437 1715
4438 6284
4441 1316
4442 2302
4443 1732
4446 1083
4447 621
4448 1746
4449 4271
4451 796
4452 2511
4453 4002
4455 2675
4456 6162
4457 5864
4463 3953
4464 2494
4465 6784
4466 1459
4467 2672
4468 5319
4469 877
4470 1176
4472 3863
4473 718
4475 1493
4477 5546
4478 6552
4480 284
4482 6562
4483 2634
4484 970
4485 6570
4486 6652
4487 1202
4488 6623
4490 5411
4491 3924
4492 128
4493 2870
4495 2251
4498 2037
4500 3136
4501 4309
4502 1885
4504 3261
4506 93
4507 5549
4508 6736
4512 1443
4514 2180
4516 6634
4519 2653
4521 1275
4522 6547
4523 4980
4524 3215
4527 6670
4528 1856
4529 2624
4530 3130
4532 3585
4534 1803
4535 3407
4537 2603
4538 1575
4539 5238
4540 3420
4542 6741
4544 6545
4545 666
4547 891
4548 4949
4549 2396
4550 5711
4551 5947
4552 6227
4554 6701
4555 4984
4556 5262
4557 3215
4559 6491
4560 970
4561 425
4562 240
4563 6367
4565 4605
4566 4806
4570 2370
4571 336
4573 969
4575 3877
4577 3263
4578 5515
4580 1078
4581 6343
4582 1328
4584 6628
4586 6666
4589 446
4590 11
4591 3411
4592 1042
4593 5090
4594 1224
4598 567
4599 686
4600 113
4602 6511
4603 5142
4604 4316
4606 1727
4607 3628
4608 4724
4609 1976
4610 277
4611 6596
4612 2162
4613 3149
4614 1839
4615 4773
4616 3008
4617 6676
4618 6442
4619 6516
4621 5236
4622 1888
4623 6385
4624 74
4625 6706
4626 2357
4627 1575
4628 4212
4630 6452
4632 2724
4633 6420
4634 197
4635 6584
4636 5447
4638 6654
4639 999
4641 169
4642 5192
4643 3556
4644 606
4645 6244
4647 1356
4648 6363
4650 3438
4651 4188
4652 3008
4653 5636
4654 3457
4655 701
4657 3015
4658 5130
4659 4471
4660 444
4661 3850
4662 2698
4665 2370
4666 3828
4671 1325
4673 2822
4676 1128
4680 5210
4681 6007
4683 2107
4685 5019
4687 1169
4689 5792
4690 1202
4691 3467
4693 4734
4694 798
4696 3561
4697 6429
4698 1320
4699 1840
4700 1095
4701 5365
4702 4880
4703 2483
4704 5321
4705 5238
4706 527
4707 6605
4708 3114
4710 6782
4711 1808
4712 1808
4713 798
4714 2069
4715 5304
4718 6443
4719 371
4720 5724
4721 1209
4722 4045
4723 1305
4725 2850
4727 4951
4728 6743
4729 6740
4730 2400
4731 3593
4732 4430
4733 5128
4735 6416
4738 809
4740 4533
4741 6679
4743 5474
4745 4226
4746 6482
4747 3584
4748 4078
4749 6713
4751 3481
4752 1042
4753 2813
4754 4672
4756 6122
4757 6041
4759 5928
4761 5239
4762 5385
4763 1242
4765 962
4766 2982
4767 493
4768 1766
4769 1131
4771 6089
4774 3039
4775 93
4776 4143
4777 132
4778 3923
4784 4888
4785 6602
4788 26
4793 2286
4794 539
4795 4405
4796 6478
4797 4402
4798 2297
4799 4510
4800 406
4801 339
4802 5378
4803 2943
4804 4792
4805 3741
4807 2401
4808 2589
4809 1568
4810 6578
4812 2772
4813 338
4814 3728
4816 1689
4817 1515
4818 3171
4819 5143
4820 6585
4821 6676
4822 3618
4823 4342
4824 6429
4825 3100
4826 2338
4827 4097
4828 1870
4830 6729
4831 2100
4832 5953
4835 5002
4836 5355
4837 4499
4838 2688
4839 6125
4840 4301
4843 2098
4844 1693
4845 6522
4847 1740
4848 4585
4849 868
4851 2909
4853 5182
4854 3716
4855 6385
4859 2825
4861 984
4863 4105
4867 6476
4868 2836
4869 3212
4870 1625
4871 4533
4872 141
4873 1059
4874 4682
4875 5099
4876 962
4877 1658
4878 4833
4879 372
4883 6679
4885 6471
4886 2130
4887 2483
4889 93
4891 5460
4893 6773
4894 3716
4897 293
4899 5460
4900 6557
4901 4179
4904 877
4905 3515
4906 4176
4907 4620
4908 2215
4909 6644
4910 1219
4912 5723
4913 5636
4914 1096
4915 6752
4916 256
4919 1362
4920 6342
4923 1700
4924 5335
4925 305
4927 6598
4928 4428
4929 2014
4931 282
4932 4316
4933 3417
4935 407
4936 2400
4937 5198
4939 5378
4940 3537
4942 5389
4943 5230
4945 5556
4946 4430
4947 2365
4954 5749
4955 620
4956 6041
4960 5528
4962 277
4963 6597
4964 6505
4965 1497
4967 3921
4970 6681
4972 4462
4973 349
4978 6619
4983 6431
4987 6625
4988 3230
4989 6737
4990 6342
4991 1951
4992 4188
4993 3462
4994 6629
4996 1579
4997 1425
4998 4476
4999 2635
5000 6015
5001 2588
5003 4325
5005 2347
5007 521
5008 1880
5009 473
5010 546
5011 1181
5012 240
5014 6285
5015 3940
5016 3904
5017 5006
5018 4806
5020 952
5021 1190
5023 6424
5024 3370
5025 5621
5027 6477
5029 5712
5030 5288
5033 5924
5036 2340
5037 5842
5038 902
5039 575
5040 1224
5042 3130
5043 2737
5045 6052
5046 2102
5048 5864
5049 4850
5050 2088
5052 6509
5053 661
5054 1989
5055 3652
5057 743
5058 2817
5060 6698
5065 867
5066 6172
5069 5176
5071 1741
5072 1425
5074 3123
5075 1781
5076 4429
5079 3128
5080 2688
5081 4520
5082 2599
5083 6750
5084 5393
5085 1002
5086 970
5087 4750
5088 6784
5089 6060
5091 5363
5092 6148
5093 6724
5096 4176
5097 470
5098 5848
5102 4176
5104 4505
5105 5928
5106 4898
5107 4097
5108 6717
5109 4902
5112 6734
5113 6673
5114 2968
5115 4833
5116 1377
5119 3328
5120 6393
5121 4880
5122 1345
5123 3603
5125 4065
5129 5577
5131 3375
5133 2237
5134 4002
5135 5099
5136 3075
5137 3557
5138 4938
5139 598
5140 3137
5144 6536
5146 5669
5147 6659
5148 6576
5149 1494
5152 965
5155 1889
5156 6707
5157 5596
5158 5378
5159 2889
5160 5826
5162 6390
5163 3948
5165 1181
5167 4188
5168 3024
5169 930
5170 5443
5171 4959
5173 4739
5175 6343
5178 6318
5179 2216
5180 4476
5181 747
5183 2433
5185 6508
5186 4460
5188 801
5189 1746
5190 2928
5191 3741
5194 2688
5195 4852
5196 3625
5199 1638
5200 6463
5203 6691
5204 6148
5205 121
5206 215
5207 572
5208 6188
5211 2695
5214 4444
5216 6059
5218 3134
5219 3330
5220 4684
5221 4007
5222 5386
5223 3678
5224 5749
5226 6614
5227 2258
5229 26
5231 2044
5232 1164
5234 5912
5237 1783
5240 6262
5241 1076
5242 5193
5243 5975
5246 5498
5247 6490
5249 1850
5251 2797
5252 4237
5253 6459
5254 840
5255 3501
5256 1231
5257 130
5258 6723
5260 444
5263 6721
5264 5912
5265 731
5267 2983
5269 5595
5270 2983
5273 2279
5274 1714
5277 1892
5278 6530
5279 6357
5280 330
5281 824
5282 1890
5283 6759
5284 3126
5285 3593
5286 577
5287 2822
5289 5035
5290 2916
5291 5766
5292 5458
5293 6493
5294 1316
5295 6383
5296 6612
5297 6563
5298 6731
5299 6421
5300 2686
5301 2755
5305 1961
5306 1703
5307 2347
5308 6504
5309 1075
5310 5562
5312 3676
5313 1380
5315 6177
5316 1517
5317 1158
5318 4568
5320 6782
5322 6040
5324 2400
5325 690
5327 337
5328 2813
5330 147
5331 3290
5333 2631
5334 597
5336 798
5337 5164
5338 5666
5340 398
5342 6089
5343 4930
5344 1519
5345 5863
5346 2300
5347 6468
5348 5452
5349 410
5350 4171
5351 5704
5352 6481
5353 4672
5354 1568
5356 1947
5358 1278
5362 2603
5364 5775
5366 5161
5368 6440
5369 2817
5371 6466
5372 3289
5374 2657
5375 2601
5376 1848
5379 591
5380 2491
5381 4033
5387 6537
5388 5182
5390 6584
5392 6618
5394 6732
5395 1413
5396 2899
5397 3807
5398 972
5399 173
5400 2161
5401 5764
5404 2737
5405 5437
5406 2932
5407 1117
5412 479
5413 2358
5414 3238
5415 6703
5416 6626
5418 4389
5419 2589
5420 338
5421 3942
5422 525
5423 70
5424 5924
5426 400
5427 2693
5429 3235
5430 6292
5431 5128
5432 3295
5433 354
5434 3198
5435 4553
5436 4135
5438 4173
5440 1451
5442 1249
5444 2095
5445 2221
5446 6485
5448 2840
5449 6383
5450 4726
5451 4481
5453 5735
5455 5951
5457 1445
5459 6311
5461 4895
5462 2277
5463 6674
5464 1468
5465 468
5466 1160
5467 493
5468 6451
5470 1999
5471 2279
5472 1699
5473 4564
5476 6448
5477 4558
5478 6050
5480 1943
5483 6637
5484 6068
5487 4406
5489 3982
5490 2175
5492 916
5493 1941
5494 5980
5495 6591
5496 6642
5497 197
5500 5627
5501 623
5502 431
5503 6671
5505 3121
5507 2781
5508 4018
5510 4898
5511 5341
5513 6520
5516 315
5519 6436
5520 1320
5521 3742
5522 2679
5524 672
5525 6479
5526 2079
5527 142
5529 687
5531 6279
5532 4737
5533 1806
5534 6193
5535 5250
5536 2599
5537 4764
5538 5475
5539 5569
5540 5849
5542 6757
5543 2762
5547 26
5550 2909
5551 4333
5552 2480
5553 4890
5554 1737
5555 6496
5557 3692
5558 6622
5560 6573
5561 736
5566 3785
5567 6032
5568 6083
5570 4675
5571 5661
5573 867
5575 1502
5576 210
5581 1109
5582 3990
5583 999
5585 6190
5586 1270
5588 864
5589 4783
5591 2437
5592 1686
5598 4949
5599 3306
5601 3728
5602 2795
5604 3687
5605 272
5606 957
5607 3617
5608 1036
5609 2040
5610 3070
5612 1036
5613 4002
5614 5727
5617 1420
5618 1033
5620 5578
5622 6699
5623 4251
5624 4367
5625 2766
5628 4503
5629 519
5630 6390
5631 1124
5632 6739
5633 2747
5634 4340
5638 1911
5639 3692
5640 5595
5641 6539
5643 5326
5645 4892
5646 2053
5647 6482
5649 4984
5650 3946
5651 6735
5652 3411
5653 6695
5654 909
5655 4342
5656 1577
5657 1041
5659 2825
5660 6213
5662 1203
5663 6738
5664 4649
5665 6721
5667 2178
5668 1420
5670 6346
5671 858
5673 6457
5674 5850
5675 3946
5677 6363
5682 146
5683 1225
5684 6625
5687 852
5688 3027
5689 6050
5691 805
5694 6511
5695 6651
5696 4921
5698 2449
5699 6698
5701 2391
5702 5749
5706 4047
5708 38
5709 2827
5713 160
5715 607
5716 2968
5717 4782
5719 6341
5721 4568
5722 1911
5728 3202
5729 6634
5731 2846
5734 635
5736 6306
5737 6089
5738 2184
5739 5044
5741 5032
5744 5837
5746 4791
5750 2303
5751 6767
5752 1219
5753 3420
5754 769
5755 2746
5756 5912
5757 6737
5759 6010
5761 5834
5762 991
5763 831
5765 2627
5768 366
5769 5061
5771 4568
5773 6342
5774 3692
5776 6669
5777 5275
5781 4568
5782 1251
5783 6574
5784 3513
5785 4202
5786 3205
5788 122
5789 5590
5790 3635
5791 143
5793 6482
5794 969
5795 521
5796 6490
5797 2822
5798 4055
5799 4080
5800 4230
5801 6506
5802 4384
5803 5672
5805 240
5806 3981
5807 5732
5809 5067
5810 5064
5811 4481
5812 197
5813 4000
5814 2863
5815 2603
5816 173
5817 2431
5819 6397
5821 1501
5823 3346
5824 1038
5825 5742
5827 339
5828 2103
5830 6423
5831 1751
5832 409
5833 3481
5835 2622
5838 2817
5841 3581
5844 6482
5845 6148
5846 2289
5851 3982
5853 2551
5854 4862
5856 2247
5857 5548
5858 4882
5860 1783
5861 6221
5862 736
5865 2537
5866 6777
5867 5804
5868 2169
5869 5748
5870 165
5872 3059
5873 1041
5874 1095
5875 927
5877 697
5878 3500
5879 4251
5880 1361
5881 4132
5882 953
5884 3671
5885 620
5886 3033
5888 1968
5889 463
5890 3270
5891 142
5892 3450
5893 683
5894 879
5895 1640
5897 1961
5898 3010
5899 4597
5900 728
5901 11
5903 5787
5906 3676
5907 1443
5909 3004
5910 3123
5911 697
5913 3880
5917 3430
5918 2879
5919 3556
5920 2472
5921 1128
5922 4846
5923 146
5926 743
5929 1700
5930 3338
5931 5749
5932 2996
5933 3132
5934 891
5935 3396
5936 2581
5938 5718
5940 100
5941 3606
5942 2708
5944 4225
5946 3686
5948 5302
5949 143
5950 5546
5956 3031
5958 3924
5959 4520
5960 1805
5961 1694
5962 5443
5963 1147
5964 2370
5965 3066
5966 4656
5967 4961
5968 6759
5969 4406
5970 6285
5972 1579
5973 851
5974 199
5976 2243
5978 1422
5979 1124
5981 1712
5982 2340
5983 1809
5984 2315
5986 701
5988 6451
5989 5745
5991 2915
5992 496
5993 6289
5995 6754
5996 6575
5997 4421
5998 4332
5999 251
6000 227
6003 4672
6005 4288
6008 4333
6009 1285
6011 530
6012 60
6014 2403
6016 6342
6020 232
6021 4888
6022 1209
6025 964
6026 372
6027 6466
6030 5987
6031 532
6033 6172
6035 2338
6036 655
6037 4669
6039 93
6042 3921
6043 1021
6044 2015
6045 4264
6046 1268
6048 841
6049 1042
6054 4569
6055 5304
6056 688
6057 6765
6058 216
6061 5871
6064 4076
6065 4406
6066 4045
6067 4299
6069 5481
6070 2634
6071 4202
6073 2031
6074 1455
6075 1074
6076 5523
6077 1792
6078 1782
6079 6570
6080 1020
6081 1268
6082 2618
6085 1188
6086 6093
6087 940
6090 1002
6091 4097
6092 2302
6094 5244
6096 6393
6098 6703
6099 3330
6100 6317
6102 6089
6104 623
6106 6647
6109 840
6112 1160
6113 6675
6115 6449
6117 2983
6119 1413
6120 1160
6121 5385
6123 6452
6124 90
6128 6397
6129 3574
6132 3004
6133 3298
6134 972
6136 5319
6137 6532
6138 407
6139 204
6141 4259
6142 4841
6144 342
6145 1316
6146 3839
6149 2767
6150 5184
6151 2347
6152 2536
6153 845
6154 1412
6155 5596
6156 6541
6157 5766
6158 5389
6160 615
6161 3370
6164 1009
6165 2471
6168 6182
6169 323
6170 1795
6176 6084
6178 3614
6179 5760
6180 6741
6181 951
6183 4674
6184 6697
6185 2239
6186 4391
6187 1799
6189 1090
6191 2387
6192 6721
6195 1880
6201 4427
6202 6652
6203 6224
6205 3430
6206 1536
6209 6467
6210 464
6211 1128
6214 2755
6215 398
6216 6541
6218 1109
6219 6700
6220 572
6226 6602
6228 6725
6229 3728
6230 128
6231 75
6232 2043
6236 4346
6237 1073
6239 4280
6241 6007
6242 3231
6247 5486
6248 5359
6249 1521
6251 2169
6254 552
6255 3585
6257 5580
6259 2637
6260 1892
6263 4012
6264 4458
6265 408
6266 2806
6267 5680
6268 5469
6269 6675
6270 4240
6271 5843
6274 5636
6276 6084
6277 678
6278 5064
6280 2935
6281 5710
6283 4510
6286 281
6287 6649
6288 6765
6290 3134
6291 433
6293 5852
6294 5056
6296 6590
6297 4896
6298 219
6299 5565
6300 5172
6301 5772
6302 6561
6304 3896
6305 3321
6307 6530
6310 1802
6313 864
6314 1659
6315 3594
6319 841
6322 5626
6323 2679
6324 2647
6325 6537
6327 5006
6328 5118
6329 4631
6330 1117
6331 2764
6332 1402
6333 2820
6334 6781
6335 4620
6336 3447
6338 2461
6339 6474
6340 3100
6344 6399
6349 472
6350 1589
6351 2531
6352 307
6353 1740
6354 4716
6355 2341
6360 189
6361 3326
6362 530
6364 4517
6366 418
6368 1058
6369 6691
6372 6563
6373 1412
6374 6520
6375 4758
6376 3323
6377 5389
6378 2571
6379 3920
6380 577
6381 3381
6382 3414
6386 3537
6398 819
6402 2943
6404 360
6405 2827
6406 4440
6407 4445
6409 4499
6410 686
6412 111
6413 1257
6414 858
6417 359
6419 4709
6422 61
6425 6505
6427 4056
6428 6426
6432 1783
6433 6450
6434 6551
6435 4980
6785 6321
6786 6047
6787 443
6788 5563
6789 2207
6790 5915
6791 3658
6792 2589
6793 3656
6794 4020
6795 6462
6796 5616
6797 3088
6798 4596
6799 5883
6800 1615
6801 2596
6802 2118
6803 4921
6804 6634
6805 858
6806 4055
6807 5212
6808 4679
6809 4531
6810 3059
6811 975
6812 6529
6813 597
6814 2839
6815 6576
6816 4432
6817 2661
6818 224
6819 6731
6820 6541
6821 6639
6822 4494
6823 3313
6824 622
6825 4382
6826 5871
6827 1059
6828 1167
6829 5410
6830 6068
6831 6111
6832 6143
6833 1809
6834 5545
6835 4346
6836 6469
6837 6641
6838 6371
6839 5778
6840 4663
6841 5118
6842 5479
6843 5235
6844 104
6845 2529
6846 2494
6847 1377
6848 1533
6849 2046
6850 1606
6851 678
6852 3920
6853 1002
6854 3791
6855 6594
6856 1829
6857 473
6858 6466
6859 2747
6860 811
6861 3212
6862 4888
6863 1876
6864 2303
6865 2618
6866 90
6867 3467
6868 2178
6869 1711
6870 1889
6871 6221
6872 6097
6873 6705
6874 649
6875 5718
6876 1473
6877 2265
6878 2019
6879 6733
6880 3396
6881 3096
6882 3382
6883 3618
6884 6159
6885 1117
6886 2813
6887 5064
6888 4898
6889 1727
6890 3556
6891 4576
6892 6363
6893 3223
6894 4938
6895 6639
6896 1153
6897 5248
6898 638
6899 1561
6900 5217
6901 654
6902 6041
6903 962
6904 3734
6905 4204
6906 4458
6907 1782
6908 5261
6909 2207
6910 360
6911 5059
6912 889
6913 4271
6914 6429
6915 6472
6916 6651
6917 1840
6918 6533
6919 5745
6920 3160
6921 3742
6922 6454
6923 2790
6924 2358
6925 1703
6926 3141
6927 2870
6928 780
6929 5690
6930 2093
6931 3455
6932 744
6933 2515
6934 2727
6935 598
6936 6182
6937 5747
6938 2104
6939 1889
6940 1893
6941 3592
6942 5360
6943 59
6944 6578
6945 1760
6946 1645
6947 6453
6948 6498
6949 22
6950 6721
6951 5193
6952 985
6953 4637
6954 1989
6955 1917
6956 1096
6957 1687
6958 951
6959 1687
6960 6704
6961 6060
6962 453
6963 6710
6964 5209
6965 6611
6966 3082
6967 3795
6968 6753
6969 524
6970 300
6971 4977
6972 1712
6973 1917
6974 6506
6975 256
6976 5275
6977 317
6978 1316
6979 1414
6980 4471
6981 3400
6982 5548
6983 3518
6984 1799
6985 670
6986 400
6987 496
6988 4080
6989 3137
6990 1951
6991 1186
6992 6190
6993 5239
6994 6592
6995 6135
6996 5685
6997 4856
6998 3955
6999 4217
7000 2416
7001 4888
7002 6716
7003 4531
7004 794
7005 1700
7006 6418
7007 607
7008 1783
7009 4328
7010 4637
7011 5111
7012 3924
7013 4961
7014 1659
7015 3813
7016 839
7017 2370
7018 6346
7019 3750
7020 3200
7021 6295
7022 3021
7023 2322
7024 4481
7025 3560
7026 4739
7027 2983
7028 4284
7029 306
7030 1473
7031 1267
7032 4410
7033 3713
7034 15
7035 5202
7036 388
7037 1197
7038 4968
7039 554
7040 6088
7041 1317
7042 1880
7043 2893
7044 4440
7045 1709
7046 325
