1089 26
3588 81
5545 85
5303 82
31 23
929 11
1180 65
1245 39
3965 37
2923 72
867 43
4191 21
6859 37
5325 96
130 84
1011 70
3232 62
2489 51
2349 21
5685 20
3012 79
2778 82
3917 80
611 66
6868 7
2394 42
3731 85
3731 63
6802 3
2041 57
238 21
6171 58
4417 63
3279 53
468 57
22 23
2760 26
6238 39
311 85
4230 7
2026 12
4551 23
2066 42
6252 57
4742 65
6898 6
5339 49
952 20
2594 38
5224 23
5370 21
6544 48
3099 80
2168 21
6314 26
4198 79
1722 74
6841 8
2066 79
1329 71
4251 57
852 21
5035 56
1427 37
6408 12
4730 9
1315 51
6824 35
3595 65
2781 91
5431 81
3134 53
6974 64
3965 12
2331 65
60 79
6782 4
2136 11
3277 60
2136 56
4583 67
6832 36
5526 38
428 42
994 38
6436 21
2550 40
3010 62
284 64
4166 53
3791 85
2973 60
4726 85
3093 21
108 21
3899 21
1167 52
4198 79
736 36
797 67
567 8
2239 42
6872 7
1717 53
3193 38
3279 53
6919 30
530 58
890 39
3965 36
6824 34
1557 85
1829 82
6438 12
1127 8
6044 32
3100 21
3931 48
3093 7
5808 53
6858 8
3581 21
479 53
2373 56
462 85
5258 30
6725 0
6544 35
90 84
2334 21
3703 58
339 44
715 53
5564 38
3972 20
6794 1
6497 3
6600 88
1238 48
5365 53
2243 70
570 92
6831 29
6358 61
3954 23
5325 73
41 53
6692 16
1142 79
6951 75
5987 67
232 86
367 23
232 60
4525 36
2818 51
2104 77
1779 0
5437 57
6822 26
5330 29
851 79
1181 58
7014 8
2942 53
192 67
649 38
468 62
1090 21
1214 52
890 21
6942 4
5987 79
488 77
3628 69
3667 56
2051 58
2620 12
2066 23
1717 25
3990 53
5258 36
2609 39
580 37
1782 63
4682 21
6171 63
6834 7
6978 25
6880 21
2766 65
4376 53
1557 70
368 36
6971 5
1593 84
2768 88
580 21
3521 53
6337 65
2820 50
3047 83
6499 12
410 96
4333 58
2410 33
2123 80
4081 21
5025 38
1829 84
1278 42
418 60
5399 48
4059 24
1352 47
3574 39
5099 42
1405 8
4058 26
670 36
3100 54
6876 6
89 21
6445 47
540 39
394 42
394 25
5800 64
3888 23
975 56
889 42
5417 5
6786 8
5285 36
6669 75
3234 20
6864 14
1710 57
5325 67
6692 28
644 57
4900 39
2595 54
1042 8
5310 65
6533 63
394 26
2454 21
4367 78
2358 76
3880 62
479 38
6971 15
6946 23
5280 86
2618 37
1471 39
3070 58
750 56
6910 5
3015 65
3639 66
2014 50
360 44
661 24
5370 39
4663 51
2951 84
1916 43
4299 67
6900 19
1783 72
1128 64
5035 86
3402 25
3687 46
6682 67
6934 54
880 42
3680 63
6891 9
3106 63
6972 8
300 39
1465 21
4053 67
5025 37
5443 21
6272 62
4257 24
6613 4
6946 25
6420 32
4742 79
60 64
6975 33
2515 84
6721 26
6873 46
6769 3
6896 4
6543 22
1833 29
4454 60
5904 74
2749 51
6244 12
6880 24
4629 49
7023 3
4323 54
1474 62
632 20
6974 30
5154 81
3090 58
3669 53
6946 47
2889 45
4195 20
1916 86
649 38
1179 23
2552 38
1914 75
2084 66
6135 46
339 19
4027 28
950 51
3719 86
1743 56
6832 29
2167 58
6855 4
2764 54
3990 37
50 42
76 37
1016 56
6868 3
5692 53
6416 21
3225 96
743 96
950 42
3333 83
212 21
4949 51
6896 5
3347 53
5441 79
1180 60
695 21
6860 6
2482 57
316 21
2066 23
957 71
1558 50
7022 2
832 59
1186 39
6478 39
1085 60
3678 41
5360 53
2233 60
1411 49
6506 63
441 79
4789 53
2420 24
5511 22
918 58
6790 6
2637 83
3066 41
7003 17
3257 25
904 76
6162 51
1722 96
6832 75
750 75
3871 64
2066 37
6063 30
3521 54
3738 65
5127 23
935 46
6337 60
570 33
6805 22
1271 63
223 23
6692 19
1471 20
3616 39
2971 51
2756 21
5546 21
6749 63
1487 23
1714 40
5900 43
957 57
6477 57
109 79
4224 94
6359 37
5587 60
1596 56
4195 33
2112 19
5902 39
1518 70
2058 58
5714 23
3999 56
540 39
4649 56
2603 89
4195 41
3694 83
6197 57
6689 21
2358 87
205 9
6896 3
425 22
7040 1
1550 20
1439 82
1742 46
1192 36
2594 52
6884 3
1877 67
6857 41
6824 34
3379 28
472 58
3010 45
223 21
7029 17
6041 37
459 45
4364 23
4430 60
6879 1
1610 21
1833 8
2066 38
5385 56
3719 69
929 46
6820 15
748 39
6811 21
5285 58
6854 15
5280 62
5325 69
7019 9
4629 51
6999 77
3099 58
6564 7
2100 66
6648 23
3279 21
3547 48
5644 58
2711 51
6918 4
2282 36
4892 53
109 60
6543 12
6639 8
1735 56
455 29
824 92
1068 21
5355 47
2620 41
3726 81
1518 86
4551 39
5360 54
3236 79
5025 58
2655 79
6660 31
2136 33
918 60
238 21
2546 66
5099 12
735 68
4785 45
4280 18
3669 37
670 49
6422 15
397 67
1765 34
165 93
2239 39
394 36
50 22
5288 42
4284 54
5924 52
1068 21
5914 21
4288 63
5807 8
6767 9
3603 5
99 63
2058 86
5842 40
5546 45
2136 40
5237 40
1515 49
360 38
6041 50
5280 69
1271 83
3438 56
3005 21
6728 26
6895 1
1607 54
2942 85
4496 38
132 88
6790 51
957 86
6823 79
5688 7
6192 8
2755 21
659 76
6899 13
5461 19
6895 3
4949 40
1678 40
5895 64
1327 39
3840 21
7014 19
4647 79
368 45
1242 21
6858 8
4726 60
2066 46
4948 58
1327 37
593 58
4561 48
6780 8
6826 17
5579 54
3134 21
5676 57
5635 58
957 63
3954 57
4551 63
5564 47
1721 39
2433 64
6718 28
2084 64
1694 42
1316 56
5859 79
6884 3
6936 3
5724 67
5224 57
606 76
2136 36
3140 23
5804 48
99 58
3599 54
2454 41
2747 56
2041 85
290 57
6860 37
560 23
6044 45
5976 49
1409 37
3843 7
3547 51
826 63
6099 51
6824 35
4918 21
403 46
3223 56
5976 37
2112 49
1137 38
2309 54
222 55
5177 40
5578 27
5285 82
6241 21
6587 2
6171 60
508 37
6162 52
2421 56
2618 39
6487 37
3608 21
1515 22
1968 40
688 23
2084 34
842 57
4864 60
4869 58
1809 83
6190 22
3419 85
2239 44
4195 36
1893 20
6999 33
6359 37
2893 16
4862 84
513 21
7009 16
5652 79
5325 68
281 79
4063 53
6354 59
4104 41
1517 89
222 60
3639 23
5937 38
2037 60
4525 22
1515 76
2766 63
6811 29
3738 56
4682 43
4543 53
6857 17
464 60
6821 7
6544 40
5395 40
659 82
32 53
5590 23
2058 80
6862 17
1612 64
284 90
4791 41
3881 47
3624 54
597 64
7009 18
2368 7
6924 8
6660 9
6920 13
5285 56
5213 66
147 93
6660 30
2494 54
1889 38
5989 0
3968 56
957 54
316 37
311 21
92 85
5758 30
1916 83
4769 39
4553 84
5443 53
2207 30
2717 51
1686 75
521 57
6624 35
1454 64
4195 51
2631 44
469 21
4948 79
3999 75
2454 27
3188 25
4571 60
5760 39
4679 51
843 2
3232 21
2717 20
540 20
4923 42
2161 51
1508 22
2454 63
5597 58
1682 21
1914 36
3236 57
4257 22
929 53
2494 32
957 79
2737 23
3261 79
552 39
5325 39
5998 58
6803 51
6809 58
6899 1
5395 79
3505 70
2 79
3891 38
754 63
3785 85
1341 53
1411 21
2358 95
132 75
6864 4
3027 78
89 42
286 43
3745 60
5 36
6443 21
2504 4
6682 26
479 55
668 12
826 59
621 12
3005 12
3395 51
681 41
1390 47
2858 63
5321 81
937 65
5791 39
6533 86
5271 60
1368 58
638 84
6645 8
6501 79
5325 41
5685 21
6977 1
1180 58
2136 79
2548 62
5545 70
6292 36
6826 12
6883 40
5587 69
6820 9
1641 57
1775 22
3968 57
6506 43
5437 64
2971 82
319 87
108 28
6624 33
1971 49
5662 54
3104 68
1086 40
5370 39
3175 55
1312 85
6906 17
2947 23
3669 38
705 64
108 37
1607 47
3414 69
165 71
2037 67
952 20
4633 65
839 53
2137 84
3766 37
852 38
2631 20
6889 21
6820 0
3952 46
6934 7
3354 21
1229 20
5637 25
935 25
3354 79
5685 86
6726 16
462 59
6824 5
43 25
2567 60
3655 84
5443 40
3931 40
4280 9
1783 44
1911 71
459 37
6503 7
5690 51
5115 36
2874 46
540 53
805 68
1067 12
137 21
6823 21
7015 13
6725 6
7020 1
852 20
5758 26
4639 53
92 79
5171 19
2233 79
530 79
3574 60
296 79
462 36
4125 38
684 68
1278 53
6883 36
580 54
3505 87
773 52
6974 60
4684 84
5669 0
267 7
4760 46
2254 40
6510 12
2247 64
5870 84
6554 32
4222 67
5341 55
6105 68
649 9
2178 12
205 87
2352 56
3232 85
2594 23
1789 40
115 57
2839 57
4976 68
3468 60
917 21
1555 56
6692 29
1877 81
1948 21
6820 5
1608 56
1926 60
740 51
632 36
3521 22
1516 8
2136 21
5976 49
4364 38
3781 21
6900 16
6689 7
736 56
4399 82
6989 13
4311 66
786 53
2983 20
2298 12
4063 21
5090 57
1312 78
5804 61
6909 6
6790 5
4305 94
7012 8
6337 64
3844 21
2594 64
267 53
6477 64
4862 39
686 57
6560 44
4898 11
3158 53
937 91
232 60
1491 21
2112 42
296 51
5924 53
1183 91
6252 30
626 7
76 78
649 40
4325 37
5548 53
1329 87
7000 4
1694 36
6521 26
2781 22
5025 25
1792 70
1914 28
1869 53
2014 52
7037 1
2704 21
3042 38
6389 8
381 58
1388 21
1492 51
1721 21
6874 38
6776 28
904 75
6436 20
6363 21
4217 45
1074 64
1678 20
284 88
4251 58
2820 57
120 39
2766 79
2973 66
2100 79
6692 57
5937 79
811 39
5557 69
7003 10
79 96
6924 1
2595 46
903 54
748 12
6944 17
3209 39
6822 33
3686 38
2631 41
6955 1
4076 53
6800 64
3484 59
4715 53
1608 22
6600 79
1425 68
6800 27
3134 44
3592 63
2136 21
929 38
957 39
1390 23
147 23
6577 51
6918 9
3415 46
1409 56
1619 21
6810 26
5600 72
3047 21
5997 57
441 76
6803 43
2148 70
4042 21
3574 38
1501 79
2686 54
3115 55
27 84
3273 8
1074 65
4398 30
661 21
2 84
903 23
929 12
2800 53
1371 53
3119 41
2066 51
6855 4
5837 22
1483 39
7039 0
1719 39
361 84
4770 79
6879 19
558 79
6838 5
5365 41
4406 53
192 65
229 38
6862 6
889 53
6208 36
6613 57
6783 7
1085 1
4838 79
3581 63
282 87
2926 38
2671 79
4673 21
5669 38
929 45
3047 36
1483 40
1211 51
1376 53
4673 40
3667 63
952 59
6447 82
688 42
5764 48
4285 37
1454 78
1083 20
6285 41
3066 38
4228 12
5724 85
5600 89
4032 23
3992 91
1682 56
584 58
3209 57
5295 7
962 12
6383 47
1238 23
1378 74
65 46
6998 18
5564 53
459 36
6864 5
3624 23
5209 56
462 63
649 42
6899 88
3438 86
4444 38
2650 46
5132 54
10 38
3412 65
2454 21
6291 6
5475 46
3781 21
2367 15
4852 36
2050 82
2193 71
6942 49
23 37
6811 79
2100 85
3606 36
700 57
543 38
5528 85
1789 48
6801 9
1848 70
7018 21
6171 79
5271 21
854 56
6365 4
1558 55
4655 17
673 72
6859 2
232 85
5590 21
264 60
6009 21
4222 58
1375 36
1517 79
5998 82
3871 23
828 82
1550 27
2334 78
688 82
4679 38
6841 2
866 54
5335 74
6721 53
1637 67
5276 40
7037 4
630 60
1554 88
5285 79
4679 46
7041 7
4204 85
3027 79
1567 53
6814 48
3547 42
1916 57
41 55
6367 63
6246 32
4427 75
2781 96
222 63
3387 79
2298 32
2973 57
4629 50
2737 47
2764 45
1326 47
2365 23
6927 3
6272 2
2617 21
3713 42
670 41
540 39
1645 61
4284 23
6631 38
994 39
6153 16
7016 13
6823 9
5220 58
3175 47
6316 26
6774 21
5791 23
6749 21
4081 56
6596 31
6153 8
4331 72
702 44
6114 12
3989 59
6813 4
6946 37
5759 59
2820 38
229 36
1103 18
3716 10
357 65
2926 47
3745 40
459 41
5276 38
3721 43
2756 54
3090 60
381 62
4195 68
2431 53
3697 57
5285 88
267 21
3348 84
5736 51
2494 37
4717 23
3862 91
2454 67
300 17
1686 72
4021 72
6908 5
5271 60
394 44
5132 82
6358 56
3134 78
3307 64
6823 30
5546 49
6999 35
3667 85
3279 24
5341 52
1802 23
1775 37
1454 86
731 87
2041 95
267 54
2136 57
2612 41
1356 79
4288 60
6252 39
5280 77
6682 26
6978 0
6692 39
3592 66
6880 54
2134 22
5261 39
4459 21
5321 79
4949 39
6718 39
6682 33
748 38
786 56
5061 47
3172 84
2617 12
366 74
479 21
6710 4
5780 44
2650 21
5142 50
3383 67
950 20
2298 79
1722 60
6946 4
937 62
2637 63
5647 39
2609 39
580 39
2746 51
1430 21
5310 42
4949 38
5276 55
6832 19
472 58
5357 86
5526 3
4314 38
2531 21
520 86
6562 54
6172 79
2781 79
5256 22
4417 34
649 42
540 23
2376 79
3205 52
630 84
4444 39
3398 57
3738 85
1035 21
3168 21
1036 73
6130 60
5692 85
4982 60
2014 51
5280 96
130 64
588 38
2934 59
6478 82
1506 12
1428 2
4884 22
5200 21
2819 60
2433 82
284 56
6044 45
4982 89
5808 23
3010 29
4060 51
6436 40
2021 57
5724 36
4334 80
2058 66
1612 84
6929 13
455 33
1507 47
3252 45
1421 53
6822 37
1558 21
1518 56
4021 74
5385 79
3402 37
1011 73
6799 16
6685 5
3178 89
3348 84
5341 6
5837 23
6826 33
6027 42
6927 8
1454 58
6952 45
1183 82
5511 9
3200 26
1175 62
786 51
4478 67
6837 16
4125 21
1107 63
6718 58
597 56
5914 21
6326 31
4977 40
1428 2
1107 58
229 23
5545 71
5580 21
543 79
1031 70
4974 56
6823 14
659 2
2990 21
2394 12
6824 19
6135 45
3866 37
1914 46
1717 21
2990 58
649 20
15 68
1147 8
6793 6
2595 50
3402 34
3569 12
3438 82
639 21
6692 56
2817 20
4789 51
2358 88
3261 51
6241 41
1550 23
5548 20
5315 9
4918 37
6533 60
6544 5
1849 38
2148 63
5989 25
92 95
4027 35
6902 5
5837 21
493 64
3989 57
6784 16
1579 61
2178 53
5686 81
6285 63
4215 21
838 48
5594 25
4195 46
4501 21
2567 42
889 54
6858 19
3630 79
4459 21
108 80
1454 79
4783 58
6930 37
3862 56
5676 57
3716 85
6794 7
4042 20
5271 23
6477 39
3646 21
468 58
2760 12
4042 36
261 21
5669 4
6207 38
6889 53
2352 85
1425 96
6371 87
3252 41
2831 9
6478 23
6445 37
76 21
2648 23
653 21
5635 49
673 68
6810 17
6389 17
3070 78
5836 40
4148 21
3008 11
6645 4
4027 54
1107 64
3569 45
1727 82
6725 9
6687 38
1214 21
1052 21
3204 21
3506 59
4934 55
1107 59
2410 85
5441 54
6796 1
4325 54
7028 3
2090 79
330 68
3099 78
6718 56
6130 79
824 71
5031 36
3468 70
5280 88
6109 82
2137 63
1743 93
843 64
6612 45
520 12
6544 41
6292 35
4217 23
5957 73
2634 54
828 64
6774 9
3703 75
4934 46
6721 33
6613 22
6175 7
3209 40
6962 4
3359 21
580 55
1186 50
10 50
2772 67
4855 84
5056 12
6999 20
3121 4
6961 8
668 12
6501 60
6580 12
2631 46
7 72
2942 79
5280 26
1031 82
3379 20
1792 87
3209 21
1926 84
1194 21
5035 60
468 64
4977 51
6821 16
3225 94
1380 56
14 49
6172 67
1211 21
6838 17
6225 12
1295 50
1638 21
6689 42
4311 53
6554 12
6978 5
965 60
418 86
641 53
2104 92
3379 21
815 79
4946 21
3359 21
2990 56
5842 58
4430 63
6987 1
3687 49
2165 5
232 82
76 20
6801 18
4921 23
2820 55
6241 46
5041 95
852 53
4459 21
4450 33
659 70
6443 21
5511 1
6849 34
6842 8
2 79
3734 79
6794 25
5303 57
33 9
3387 79
5193 79
6822 17
6836 24
890 39
6723 29
4769 62
4975 53
4445 37
2682 66
6823 40
3601 11
5669 44
120 44
7027 3
6312 68
109 79
2254 63
779 54
1772 5
2229 21
4679 42
3232 63
3719 23
6849 7
506 55
108 60
455 58
1245 43
2609 58
3505 92
296 56
4311 58
1574 39
3575 4
649 20
839 20
55 42
2942 0
3027 57
4849 42
6682 54
4551 38
5310 43
3387 59
1533 67
3572 57
6811 21
6983 3
5708 84
6981 35
558 55
120 21
1914 20
641 23
5518 44
5650 27
3438 63
6966 0
4583 61
5580 14
856 11
3667 56
1567 51
2595 47
3814 82
2827 81
92 58
1501 35
3779 21
3172 21
2983 37
570 96
6660 30
5360 51
2221 38
4127 58
488 73
5764 53
2695 21
5385 84
6207 39
1016 79
6794 49
606 68
5385 56
2190 79
2179 64
3965 53
6950 7
250 56
5672 51
3484 65
4844 51
1409 54
5869 14
748 53
5459 20
574 40
6942 5
428 51
828 61
6272 61
3384 22
2697 12
6162 21
4730 83
4060 54
357 79
1726 5
2695 23
3606 50
5310 43
581 7
4553 53
4791 38
6786 25
267 21
3693 61
1278 33
2275 74
957 39
2961 56
867 51
5808 38
2127 45
2756 21
223 23
6565 30
3731 86
5228 40
1079 84
360 38
630 52
5395 58
409 40
3719 78
316 58
5937 82
4388 64
4476 42
1455 84
6891 14
6436 36
1315 34
27 78
1694 51
1242 39
3575 3
2352 54
4673 60
6874 6
4715 51
6946 8
5652 84
6105 3
6842 16
748 45
4081 58
1027 38
5443 40
335 64
5460 21
4347 42
3745 6
1968 46
6337 83
1327 38
6624 46
3448 84
6982 7
5774 21
6799 59
1550 23
6815 4
246 21
2668 56
6689 21
878 37
2358 56
4666 36
1557 79
315 71
6888 29
1325 79
4647 56
6130 63
6832 94
3866 38
2058 60
6774 7
653 59
1732 87
2148 96
2908 21
3745 55
6934 37
14 44
4974 56
4742 56
7014 4
6864 54
4387 56
2646 53
3505 93
3134 60
143 54
6416 21
743 56
2038 21
6577 21
6478 38
177 7
3495 23
6436 37
2391 44
558 45
1344 21
5495 21
3701 57
1413 82
1802 42
3719 50
1916 12
366 72
6639 5
5951 85
108 49
6430 21
203 84
6964 26
6790 26
6624 37
64 64
2831 40
2704 85
1278 36
4312 21
3523 84
1870 57
4667 36
120 53
1222 82
4004 53
4148 12
5360 55
5361 63
6503 29
1068 21
6571 25
1238 21
6811 37
31 82
6974 25
4332 63
205 89
6292 40
2993 53
5355 21
6909 82
702 46
1179 49
216 57
5127 54
5579 41
3058 57
4204 82
366 70
4785 45
1411 53
6147 36
6883 53
4224 67
1420 64
1971 46
6944 8
1914 40
6824 84
1634 9
6692 5
6175 70
5736 37
1207 68
4314 21
2562 61
2518 76
952 21
6923 9
1686 81
6026 53
4724 37
6367 69
2618 63
1242 24
3277 24
201 72
3261 60
5219 54
6506 41
3921 55
4515 58
2334 57
6955 1
521 84
6786 5
6841 1
826 69
695 21
5759 79
4862 84
2888 23
2653 21
520 79
5432 79
620 84
4834 8
1464 23
5569 30
5724 85
5127 36
588 50
957 42
5035 63
880 79
2420 25
5341 33
6830 14
626 22
1889 40
3384 91
919 64
1540 22
6721 36
3232 67
4102 33
6682 54
6831 20
6550 79
3680 86
2368 66
1415 51
2112 51
5837 23
2258 60
5724 46
6337 67
4387 79
842 57
6832 22
6517 23
5676 30
132 95
1389 10
6859 79
3027 60
4934 37
3310 32
6252 22
3730 58
2777 64
80 51
4741 46
284 96
3965 41
1916 7
3717 19
2635 54
6838 7
5672 21
1175 21
4503 12
3521 23
378 45
4541 12
6885 32
6615 59
1005 79
2780 70
6851 26
130 60
1041 87
3719 57
6046 20
330 70
520 58
3004 40
4445 51
2460 50
6742 57
6038 40
415 85
505 82
5263 21
1612 67
2618 49
317 89
6805 17
6798 37
6773 9
890 21
6832 76
483 82
1375 12
1558 51
4726 53
6116 25
6029 83
232 79
4603 37
5545 70
1789 55
5704 12
2454 60
4742 56
4549 20
924 63
2054 42
5006 53
2434 60
1313 39
212 38
686 66
6345 63
6876 30
267 4
6477 85
6544 48
6392 41
335 79
6969 1
1663 23
3639 59
6856 61
2755 79
4898 27
2136 36
6544 24
14 23
6390 36
5669 50
3595 23
1379 44
1515 67
3719 21
5325 49
3121 20
3917 79
6823 29
5124 37
3802 85
5760 21
5040 12
2148 80
922 38
4760 38
3270 63
3048 21
22 38
3172 57
889 49
3992 56
1016 82
6682 44
6758 37
2704 85
222 55
3599 42
4986 75
5864 39
5603 20
1686 75
317 88
5486 21
6429 32
1074 48
740 53
1641 79
2368 71
5245 56
3298 79
6371 72
5652 52
3010 65
5939 9
2165 26
5321 57
6279 7
6434 9
6880 11
1356 60
1735 73
269 84
1479 36
6860 2
2550 44
222 40
2136 53
2595 7
5749 49
3639 61
6109 8
2550 60
2148 60
5162 37
935 12
6921 4
5676 20
2021 21
892 22
1238 47
1192 40
1908 22
3178 72
912 33
6105 72
826 60
2168 23
3758 43
668 39
957 52
2108 67
3333 57
5637 38
4284 30
5546 37
2461 63
6883 4
3687 65
316 23
639 45
2292 23
2054 23
2368 25
6865 9
6979 3
2529 51
4551 40
214 56
3027 67
4387 81
120 54
570 88
6422 14
5013 96
740 43
1638 51
1179 56
3012 66
2766 60
5637 47
4333 68
6802 2
6595 34
1430 55
3134 31
90 84
3134 85
1359 26
2777 79
5059 83
2837 78
5280 21
6272 9
4128 79
1783 68
277 41
1968 21
146 22
1690 71
2315 21
4672 56
4898 12
5834 36
6807 2
3888 1
510 80
2598 82
5040 11
677 46
6989 15
2066 36
1518 79
6800 56
2637 79
3501 88
3595 63
570 90
1914 50
64 87
3719 7
1305 79
5652 86
5661 56
649 37
3595 40
3315 58
6423 81
3349 21
3513 79
1653 58
5268 51
6934 3
1971 40
2908 43
2717 20
5528 66
3675 26
2282 51
1974 84
6968 9
574 44
6295 23
4921 21
4836 47
5800 85
6869 4
3986 37
4060 54
5724 79
5341 4
1968 38
1809 59
5285 23
1180 57
1214 57
2766 60
4445 21
2219 2
1521 67
409 21
6607 12
5502 21
1848 68
5924 54
6857 18
552 54
6932 28
4089 21
6544 27
3335 21
3419 60
3661 85
6820 36
2831 20
1782 58
166 21
3089 23
1722 61
2650 47
4783 58
3047 63
1742 36
6506 53
2373 56
6974 22
506 20
6974 7
108 67
7029 17
229 51
3270 44
1051 51
6434 7
3899 37
4520 58
796 96
2148 78
5285 72
5247 57
5777 8
6390 23
6477 58
6832 76
2747 79
3730 81
3516 45
3669 36
1297 23
1352 36
1630 33
5724 63
6337 78
3745 30
147 68
2391 85
2623 50
6358 66
6687 45
5361 25
1756 56
1916 39
2051 63
6153 8
5584 19
6648 54
6751 7
3599 40
2394 38
6814 41
552 39
4633 79
3785 57
418 82
3327 79
368 50
2154 56
6358 64
1142 79
1158 81
3010 4
3119 46
1714 42
6109 21
6952 5
1487 63
6812 3
1550 28
5035 84
2100 80
2831 57
3614 39
2118 48
2410 78
5273 60
2021 23
1869 20
92 56
5676 55
268 7
1722 83
4948 64
6984 3
4081 20
4895 8
1128 75
27 63
3745 52
2174 22
6445 84
212 20
3193 21
4673 37
2778 21
2654 12
493 67
4060 51
3669 37
5998 78
1211 21
6660 10
4257 32
6824 69
6742 33
3588 79
1031 79
3008 37
394 79
6783 31
3354 79
3327 51
1027 23
7036 84
7020 13
2243 91
2021 48
4769 60
120 38
1327 46
3158 36
6292 39
4212 23
1095 67
4311 28
2021 57
3747 36
791 53
573 71
5443 20
2365 58
3461 23
2358 72
4567 36
4862 50
1517 85
6986 13
1882 59
4682 43
3599 17
1789 48
3701 21
626 33
3952 57
1421 36
296 53
3972 21
750 79
3719 64
5725 63
2531 49
4056 39
6363 60
2947 21
4148 12
5142 57
842 21
3010 58
3172 42
5013 84
2148 89
6363 80
6162 47
2050 82
4561 53
687 56
4257 14
2391 55
1389 29
6543 12
6831 1
3414 81
6017 40
1388 40
540 39
5361 26
2541 30
4478 65
12 53
1990 79
3113 91
1722 71
922 53
4332 67
1990 76
6854 18
4195 49
586 41
6022 15
2066 49
1765 51
2433 79
1783 72
6836 10
1492 85
4752 23
76 22
3440 69
381 83
1727 66
130 79
1582 21
2618 69
3891 50
2407 21
2454 56
5280 25
5952 57
1016 58
2780 96
2971 58
120 24
6687 56
5635 23
6873 12
5650 2
2993 80
2112 39
5815 79
1035 21
5847 51
2788 11
6278 12
2817 39
889 51
3497 58
2635 23
2298 22
6993 2
6822 27
3844 53
6429 12
3004 49
6659 26
4752 51
6656 29
6358 66
3669 38
3694 63
3999 96
4032 39
1916 48
2349 40
6935 1
5669 21
1421 46
5286 26
5859 63
2973 78
638 62
2112 49
6571 6
4564 32
1344 51
5165 25
5126 84
3010 41
2521 77
630 84
3375 58
5325 89
6180 64
5338 63
6506 20
3402 39
2454 48
6774 31
1379 38
3295 53
120 45
6171 84
3270 42
597 84
748 49
4975 51
5864 51
2695 21
3066 51
5006 45
695 50
5072 16
6836 22
2434 63
6390 21
2781 57
540 39
403 20
6478 21
6278 44
6803 3
1361 13
79 68
6874 38
5548 21
6147 84
4982 82
5443 37
433 0
645 38
2227 12
3188 42
922 21
6477 56
1576 21
6337 67
1536 79
269 56
6345 85
4734 27
139 67
6387 56
3793 21
6416 21
7012 15
3359 38
6448 84
2365 79
5499 9
2831 33
5644 23
2433 58
4884 21
6711 5
5142 43
3402 44
1916 78
6477 79
3032 23
5395 78
580 36
800 79
6660 34
232 64
807 46
1158 82
2749 56
32 37
1238 21
6571 17
3143 51
6728 27
6972 30
6543 21
4312 21
3270 56
4741 21
1445 87
6932 1
2989 34
2749 62
2243 73
3669 21
4042 47
6241 21
6383 20
488 37
6882 26
6571 8
1245 38
4430 40
1016 67
6292 28
6506 46
786 86
6682 69
1430 38
1371 21
3869 84
6885 53
1411 21
6776 30
6197 51
5686 79
2136 55
6822 29
5590 36
649 47
4730 39
3599 21
3758 51
5692 21
702 36
2434 42
5603 40
5760 49
6963 37
3271 45
6824 65
6543 38
1376 17
290 67
5339 32
1914 59
3513 23
300 2
552 40
6326 11
5688 2
6234 21
4912 59
5475 58
2855 21
6864 25
6040 34
349 79
5714 43
5895 63
2449 48
3115 38
5263 51
1516 54
3644 1
786 56
2521 72
4042 54
3686 37
597 81
866 48
1127 42
6172 60
4742 69
5022 27
27 63
5273 62
5714 49
3198 45
3574 58
653 58
6600 76
5548 21
6868 27
5587 84
543 37
4733 40
4520 60
6883 21
2746 54
7043 1
2894 79
6799 30
4501 23
6883 42
568 23
2041 96
3273 51
6422 28
4975 54
1424 66
3852 40
681 39
80 23
1473 25
2943 58
5403 39
2148 62
2410 79
5662 47
6710 8
4951 58
880 63
5459 36
300 28
786 63
1222 69
109 62
4705 42
3505 93
2008 84
6252 62
5142 20
1809 29
5200 21
5248 17
5647 40
3140 41
5766 79
1271 57
3198 51
4167 53
31 60
670 21
6710 10
4760 40
5250 23
4682 51
3008 54
3824 11
5013 88
6392 37
5142 82
932 54
3719 69
4325 22
4934 36
4922 9
5976 21
4679 46
1295 51
2054 22
2973 62
6292 25
6660 30
462 44
1690 75
1160 21
316 23
6162 37
931 12
5564 40
957 36
5495 12
6445 65
6872 10
6466 16
6943 7
6581 47
222 39
4430 58
5760 21
58 22
4558 36
1698 37
2620 44
6026 53
5870 56
6279 17
1095 59
6292 34
6728 11
1445 76
2078 79
6841 1
3134 42
464 59
3719 27
7029 9
6572 14
3726 65
6983 3
649 53
6858 9
5669 37
2858 69
1186 34
3209 51
6968 27
3989 80
6824 84
4417 9
4734 8
6873 1
4864 59
5644 23
3419 66
2717 60
6387 60
1158 21
5998 58
2990 53
1167 53
1083 21
2947 7
1516 53
2620 37
5078 61
4492 20
5714 44
922 22
2820 36
3012 78
5177 54
4658 4
1427 24
950 38
1371 54
3359 21
681 21
6999 40
543 42
4737 21
6769 24
1913 23
3271 43
1183 38
76 58
641 42
6036 9
1579 63
4261 37
2655 40
4692 54
5916 36
4862 68
1175 62
5951 58
1085 62
3178 76
5518 12
2014 54
5200 21
222 50
508 53
5090 39
6446 7
1517 90
6326 24
6889 36
6359 32
2609 42
5937 59
4948 86
3461 23
5013 88
4027 21
653 57
6326 43
4059 51
4852 39
6041 37
4770 3
6927 7
2620 35
3206 37
4387 85
1188 84
5494 20
4407 21
260 85
1327 20
6477 51
3788 40
661 51
335 60
6506 21
4430 53
4125 21
2373 63
4285 32
1792 95
387 84
4059 46
852 53
3574 78
6773 8
6282 53
4647 23
3644 48
4284 36
3261 84
2484 39
3060 54
4583 21
418 58
2504 40
6544 10
368 38
6776 26
1521 58
1829 65
4892 37
41 38
6999 58
357 63
543 63
3864 26
568 40
3972 12
2454 47
5528 23
4204 85
1137 56
6880 23
409 36
3225 70
2239 21
740 81
462 23
3440 84
3599 81
6172 64
6506 23
6873 38
4836 21
3954 58
1060 40
697 60
459 51
349 84
3298 84
1179 23
1128 57
5951 66
1466 68
229 37
139 72
3726 56
394 62
1849 37
6660 29
632 32
4870 8
4331 70
6883 20
55 54
2963 79
1024 54
2973 67
5248 7
3769 34
260 65
1251 23
791 21
3298 85
3438 79
262 8
1285 56
6867 18
6794 12
1035 21
6794 29
677 49
6799 21
6692 64
3493 79
6506 33
2066 39
597 61
5025 50
686 84
540 23
5750 25
6038 23
6841 2
5261 21
6443 53
4982 56
6448 84
3285 21
5360 18
441 54
5060 4
1916 36
593 78
2790 64
4982 62
3419 58
232 38
3497 38
611 23
6153 4
5361 57
5564 43
3010 26
339 63
2749 64
300 67
6838 17
3402 41
5526 21
3852 56
4638 11
2104 87
530 64
1700 7
1052 42
5315 2
394 53
6363 39
6991 5
5361 57
4328 85
5263 21
501 23
300 33
957 82
6467 30
3693 63
4596 39
4679 21
5672 57
3187 47
1694 22
3999 56
4430 39
3793 51
4934 67
7006 42
2041 90
639 54
6038 21
6934 40
4663 11
4331 70
593 65
183 8
2609 11
2983 21
6864 5
5013 56
2243 91
5528 79
2243 72
2623 12
6420 81
3140 12
5399 40
2768 38
7016 25
4858 29
2148 95
4228 43
797 85
6326 53
5357 40
3750 79
1869 53
3719 72
2952 85
4125 49
2093 58
1128 56
6644 42
1835 40
131 30
5162 37
4102 66
863 51
1515 57
5998 60
4742 67
2431 54
3669 21
2049 21
4633 79
3008 45
6758 37
465 38
3015 65
6893 19
574 40
6383 51
2706 0
90 79
6423 58
1694 42
208 21
1233 25
6445 60
2112 16
922 50
5578 26
3824 30
748 37
1642 3
6105 82
7027 1
41 21
215 79
6344 21
43 30
1325 85
581 21
6891 14
3010 60
339 84
1356 63
4663 8
6477 61
6013 21
3719 30
5263 21
6447 70
3115 54
2482 65
76 40
2014 20
4166 21
2983 50
4224 76
3732 0
3209 21
3581 54
700 23
1026 81
866 42
3921 12
6479 79
6544 45
4205 84
6596 24
824 70
5724 68
2618 53
479 79
832 21
6865 53
6317 4
137 2
6367 38
5090 20
631 56
2482 60
2888 59
2831 17
1638 21
2156 76
805 72
1454 79
199 84
5989 34
6887 8
6811 1
3027 81
1706 79
1352 64
1789 48
3899 37
6832 86
3387 61
2136 39
4224 43
2454 20
6870 2
2454 47
6581 41
4741 37
6721 43
6769 38
6278 60
4224 88
668 27
3158 4
4327 21
684 56
195 7
1300 49
1849 36
570 38
6317 6
5692 85
6503 5
130 53
6550 82
5637 46
3347 12
4212 51
3758 39
2672 56
4684 62
670 37
6908 3
4333 64
3415 40
3419 64
3012 79
3595 57
3224 93
4325 52
5142 21
3383 63
64 94
3349 47
5548 18
6414 7
205 70
455 56
2292 51
6898 9
4384 42
3998 37
4923 81
832 79
3501 88
282 79
397 46
1916 37
1849 46
3713 21
5548 4
1356 56
6172 57
1083 8
4948 82
315 65
1550 17
2675 82
2391 50
6501 40
4958 51
459 16
6692 34
2433 57
2990 61
4388 23
3158 40
2983 54
6937 16
3004 38
5644 61
6743 12
6624 24
1001 56
2309 46
3769 81
6501 67
805 87
593 66
4417 36
1142 90
4387 85
4328 59
811 53
5523 84
5434 51
3411 20
2178 30
574 62
3570 57
1179 62
1833 30
5815 57
372 79
3315 22
6367 60
3745 44
1566 59
3745 58
2653 54
7003 6
301 41
6856 40
52 28
3302 41
14 37
2154 37
1313 40
1710 85
3799 82
1214 36
1136 63
60 64
6241 67
4501 21
6416 51
5760 39
5685 54
4081 21
5325 68
2021 58
4752 47
6613 20
4501 54
3661 23
1233 21
4900 23
6949 7
2136 53
2177 43
1278 21
4849 44
111 23
2309 36
6109 21
2306 60
195 25
722 46
3694 59
229 21
1682 51
3899 54
3785 64
3745 5
4583 62
1083 12
6822 29
2971 21
1558 54
6044 37
6858 6
410 85
552 42
4222 78
510 57
4982 69
109 61
811 38
3227 23
6906 7
3493 65
889 40
6837 9
4171 56
5 20
540 21
1229 21
2434 65
659 77
3512 60
6992 9
3581 21
4286 28
1127 11
4198 54
5759 94
6252 58
1430 51
6412 21
415 23
6863 5
2282 11
3261 3
6857 51
108 79
6946 16
4574 84
5759 73
3999 84
568 23
4553 79
1396 51
2219 30
3616 23
6506 81
4633 21
2850 84
4332 68
1634 84
2618 37
2112 53
3766 21
2298 22
2058 21
2112 46
6824 29
2049 40
3327 84
3588 85
4975 21
881 20
2618 22
6790 53
6851 31
4934 63
575 91
3572 8
6880 9
2127 37
6687 41
1990 58
2058 78
114 56
6824 13
2041 58
2951 51
597 64
4682 41
3010 58
5059 30
2980 57
6860 9
2058 64
2623 40
4892 40
6162 21
6478 28
1375 37
6870 1
1775 12
572 72
407 36
4444 21
6571 5
6401 84
4951 65
3730 57
6292 22
5127 20
290 69
6692 38
2778 57
2634 21
2228 84
4060 21
4673 57
479 21
3852 73
2874 58
3070 67
1809 60
5410 42
455 28
27 79
807 21
661 43
2494 36
3493 58
461 36
461 82
92 85
397 54
6824 14
4288 83
3572 59
4230 31
2473 72
929 53
14 37
1421 67
6782 15
6660 12
5219 21
3592 4
6963 1
4311 15
7043 2
999 21
5669 36
6446 4
6544 36
5590 21
1214 53
1948 51
6241 79
89 79
3592 63
2923 74
1483 22
6865 21
6052 21
5545 70
5685 85
1686 92
6886 11
1051 67
106 23
2746 39
2041 80
5937 39
558 23
6105 91
3595 20
1554 91
4658 8
3719 73
6918 39
1869 37
6935 5
4445 51
1209 9
2637 79
1809 62
505 84
1971 40
3158 44
575 94
3198 21
3678 42
6832 91
5937 56
3731 79
1782 63
317 72
7031 3
5590 20
6581 21
3482 8
6791 3
1229 49
3599 53
1420 67
5220 64
6135 40
4916 45
681 45
5383 6
4334 84
5361 67
2852 56
543 48
2531 21
2961 54
4679 41
2258 79
3581 42
702 62
6882 34
2134 22
6477 67
6966 0
6859 21
1608 33
3529 59
2309 44
6887 16
2026 21
3952 58
418 62
6884 1
1214 54
3965 21
6826 6
1294 49
1033 21
2066 24
2368 58
697 63
3624 21
3205 43
574 40
1579 64
740 21
1912 81
1678 21
2594 39
3070 21
3719 63
2407 21
5280 64
1782 60
6963 45
1359 29
1242 35
3616 36
7030 6
970 21
459 51
1746 21
5836 12
6320 27
1968 42
6776 9
695 41
5760 46
6440 30
922 44
1245 53
5060 23
3236 67
659 68
6943 25
6208 38
1380 88
2737 20
2227 48
3602 12
4647 42
5502 23
6948 3
1183 57
6922 7
6423 57
488 55
4551 79
6826 28
3012 83
3383 58
261 21
5481 28
4328 66
2550 57
6383 5
4791 54
3731 58
2051 63
368 21
1078 51
1052 21
4081 84
6791 4
3614 55
5365 23
5258 34
6615 21
2555 56
3295 79
1238 22
2148 70
1439 84
472 56
6946 49
6864 46
1127 49
1721 22
2571 21
2973 58
6968 0
3793 79
6197 21
22 21
2947 21
1492 81
268 8
2368 61
2617 21
4334 67
552 44
4224 72
5443 44
468 79
2989 8
90 79
657 40
3758 20
630 37
574 55
1142 72
513 37
3420 79
743 73
1802 42
6982 8
6467 28
950 50
1678 54
847 11
147 91
3569 42
3863 78
3952 63
1282 91
543 41
3088 58
1051 9
3175 23
99 82
328 94
2334 80
5759 38
2358 75
5059 4
5025 26
6393 9
1779 30
5760 53
5764 37
6238 21
92 78
4725 37
6506 21
6930 39
6896 4
779 22
6416 36
4430 53
5481 28
5804 40
2088 56
3134 54
5780 52
952 49
25 82
839 23
3104 76
7030 2
4305 92
2050 63
1214 51
1737 84
4311 33
6358 60
4391 23
1127 23
4949 46
1501 21
1074 61
3852 89
1574 84
6756 51
3008 50
6790 3
6506 49
205 89
4892 54
132 79
4881 60
6596 22
847 51
5213 23
6915 59
639 39
6238 38
1180 84
3359 45
4976 40
635 58
296 57
1558 23
3327 85
3522 21
1179 48
1916 51
676 23
1591 64
6359 33
6798 38
5725 63
5514 85
2243 73
1424 56
4012 61
591 71
3574 64
6763 22
6467 28
2842 32
6422 17
4770 42
6749 8
5499 58
6595 24
3419 57
4909 54
632 22
6756 54
3616 42
3921 55
1027 40
4430 56
276 84
6359 38
232 82
2504 46
3158 51
6972 54
3072 21
932 54
6923 4
284 79
712 21
6790 3
5705 81
876 79
6162 48
6907 36
5142 40
6832 49
27 62
574 80
5546 46
2358 75
2239 21
3438 56
3468 84
3172 0
7032 16
1686 94
4399 36
5864 52
6416 9
1595 12
2433 79
3008 38
201 21
5564 46
1421 51
2421 4
5764 40
3027 79
5417 9
6660 22
6519 54
5059 88
3731 84
4865 23
4167 54
1074 83
2058 85
5325 54
4741 42
3581 53
6009 57
4018 36
2233 78
1420 66
2341 42
6876 4
3263 34
876 62
120 24
1016 79
2228 51
2174 21
4787 85
1175 22
3581 55
6946 30
1612 66
4080 10
3505 68
4900 51
2926 37
677 40
1068 21
957 7
6478 39
826 68
2292 21
5987 56
3574 60
3134 63
1471 51
1379 44
3616 45
6358 59
5587 59
1415 51
2550 95
530 58
6968 9
5564 51
3145 21
372 78
5764 39
4968 12
668 25
3204 12
222 38
6501 79
2620 36
2342 58
6554 33
1809 65
736 3
6544 23
3875 59
6816 2
1326 37
6823 54
2980 40
5831 17
6926 1
1926 84
1904 20
2066 54
5460 79
2535 79
3516 21
1229 42
1179 11
5132 8
1222 79
2704 23
935 57
889 20
5652 85
6925 17
5560 21
2655 21
2104 96
6130 63
1352 44
5339 47
2014 21
1221 28
6749 37
10 46
4679 40
3221 57
90 85
3788 53
552 21
970 54
3398 62
4629 39
2251 32
5502 54
1608 46
5578 29
2942 54
2050 59
3206 36
6860 14
4949 20
4170 21
6824 17
1558 36
670 53
187 56
26 79
3027 67
396 60
4934 42
6946 38
130 21
1211 41
6942 9
3965 21
4673 86
2634 42
1175 58
681 52
3592 5
2894 79
1608 33
106 21
328 96
455 4
4059 54
6823 48
6474 30
5261 24
937 77
5989 3
455 42
6859 5
6749 84
1445 70
6478 23
811 54
6942 57
2565 58
1997 33
5431 67
1608 41
6692 15
374 3
3027 83
4332 60
3588 58
256 64
1249 90
6880 37
5859 84
6817 1
1083 82
840 62
1916 60
5708 60
1714 17
4684 60
201 54
4222 83
3003 23
166 53
6582 81
824 96
3624 79
6104 61
4217 54
6983 3
588 78
3852 62
2123 78
4976 55
455 26
3823 57
1554 72
880 84
6854 13
2148 61
3540 12
6272 66
5227 12
6783 4
6581 23
6659 31
2942 23
6946 20
397 41
5341 78
261 54
6225 36
6879 12
106 85
843 56
5596 56
6790 36
6436 60
2391 60
1000 58
264 64
5976 21
757 24
6851 33
3719 45
3060 53
6811 30
2066 37
3687 40
5219 36
2434 59
5171 17
471 43
632 42
2136 79
3687 62
5280 21
4311 42
1371 21
201 96
2168 23
506 63
4081 54
5461 16
3686 55
2127 51
4125 47
6830 21
1619 21
481 56
388 59
4881 84
3728 70
1579 82
425 21
300 4
5090 66
929 21
1179 42
6278 20
6383 39
5759 80
5166 56
6029 85
6436 86
4212 37
2617 36
6864 51
649 43
1558 21
2634 64
3072 78
6644 32
3090 79
3769 18
381 62
4195 21
2014 47
3072 54
6258 34
575 88
4726 21
3616 38
4012 3
574 63
4372 66
2650 53
3751 63
1388 48
6443 21
4900 47
2349 51
5262 58
2060 64
5637 18
929 29
6887 2
957 37
6445 40
842 42
5395 20
2951 81
90 69
6344 15
5370 11
52 81
4417 33
6853 53
2154 44
5410 54
3803 56
3070 54
630 38
5741 8
4387 60
3852 45
4478 63
2420 21
1352 56
1559 68
3236 65
303 40
1579 57
6152 8
222 21
5461 26
6857 35
4785 36
2365 59
5563 21
932 21
4033 36
6587 3
5280 40
1515 59
222 53
4551 79
5502 51
2971 13
1083 21
252 79
4909 53
6501 57
108 38
5417 0
6596 31
3678 46
5419 36
649 54
757 64
4312 38
4774 57
6685 14
4515 85
5864 57
2037 22
3750 21
6345 21
2818 36
14 51
4100 41
866 38
4976 80
952 21
649 51
6882 4
2546 56
4063 21
5459 49
6942 25
1242 21
6826 8
1047 51
4758 60
3158 39
5006 54
2695 53
700 21
6501 84
3349 54
6544 38
6880 20
4838 79
2005 67
5365 55
4325 23
3093 21
6610 49
2764 37
3713 51
4459 34
1381 25
3680 65
2454 4
3359 53
397 39
5760 39
205 4
6831 27
3089 51
232 60
3602 26
2620 33
3134 38
2021 56
5262 57
2174 7
1175 23
6316 24
471 20
5563 20
2926 3
6408 22
3294 4
3175 40
6572 25
843 61
999 21
2565 84
4312 11
6822 47
2482 60
5864 63
4865 36
6692 7
919 84
677 37
4212 47
2292 37
1517 60
2517 3
3047 21
6474 28
2993 61
1908 21
1555 15
6859 39
1242 51
4170 22
297 30
284 68
5724 56
7001 58
5760 39
3188 28
2598 64
2368 48
1027 45
6934 1
6478 40
2609 80
3990 3
3347 36
1375 36
3279 12
4311 61
5515 64
199 85
4862 81
5250 49
3391 93
1678 43
1678 51
6162 21
4224 90
6391 58
6824 66
4384 67
5437 58
5764 23
577 21
3497 56
3731 79
4387 79
3921 37
6972 54
1183 83
55 21
2178 41
1518 80
5341 60
4730 84
6991 9
2364 51
250 96
2635 40
6894 1
5271 54
659 1
710 3
3236 56
3175 54
3595 54
4470 25
2275 70
839 21
1006 87
999 60
5271 62
6749 21
1566 65
5564 4
7038 3
6972 30
462 38
3438 56
7009 1
387 84
3027 65
7016 12
2749 23
3584 37
1849 41
6238 36
6477 46
6317 4
4497 53
1359 25
3616 47
5325 88
580 38
1238 58
1968 45
904 87
2571 7
6932 1
339 58
378 39
3791 68
4672 79
1638 48
465 39
1829 68
6595 28
5142 38
921 6
3313 82
6969 37
4181 12
2282 12
60 9
108 21
2737 63
64 76
1525 56
5434 62
7012 84
2521 70
4982 96
5495 39
621 30
4496 45
6683 64
3270 57
6292 57
697 86
4682 41
740 67
7040 6
2431 54
6946 18
6815 3
3134 54
201 79
3719 35
4515 56
842 84
1849 46
2433 74
1722 64
5557 84
6241 46
1035 51
6836 8
712 21
4742 58
4986 10
6803 46
108 39
397 39
3532 54
5831 46
339 16
2781 68
3042 40
6285 81
1653 85
3008 38
3070 41
3143 20
2037 21
840 56
6363 85
2247 67
2433 81
1607 49
1229 49
6682 55
1990 66
4948 58
2482 60
5593 38
5514 79
462 61
6130 81
6365 3
6983 3
686 79
4427 56
2093 67
41 44
1415 21
4391 53
2617 40
1465 51
4838 63
2292 51
1415 9
348 88
5177 40
2717 60
3649 60
6862 5
433 23
6363 59
4705 80
6506 21
1388 61
5780 23
465 21
702 63
2137 60
2054 11
505 69
5417 25
6278 44
6907 6
5976 95
4742 79
1052 21
4100 42
880 84
3628 64
1107 79
6367 36
3342 42
3793 51
4291 56
1107 64
5479 39
6026 21
4543 39
6880 3
957 23
4386 57
479 21
6477 79
3512 86
1619 21
4314 37
4406 48
245 58
2635 37
6896 6
6763 79
1219 41
2550 96
6590 37
3349 43
6261 68
1809 80
2368 42
31 80
6624 37
3304 40
842 60
6544 40
368 40
2095 84
1501 79
655 8
132 61
6946 34
1567 21
6390 60
4881 79
3719 2
335 69
2810 58
3999 56
5685 84
2130 87
999 38
5685 57
3449 51
3188 11
4217 38
1517 71
60 64
5200 40
5764 49
6038 50
468 57
3438 58
2396 96
580 40
5714 21
3769 7
6774 53
6874 37
2907 51
455 65
2368 64
7041 3
6220 22
4976 63
6981 30
43 22
1458 58
2558 79
5506 60
6721 9
3121 21
2749 60
4081 40
4334 86
6749 85
296 86
5563 21
950 21
6920 3
5395 67
2631 44
1068 40
690 68
3680 69
137 9
1765 21
6814 44
681 47
6913 25
1389 30
5383 6
396 85
5859 51
139 95
2482 62
3655 43
5365 16
4864 57
6337 84
3252 47
3954 84
378 46
328 95
677 12
192 81
6506 67
5228 21
2837 85
4948 56
6152 9
5578 19
4730 33
403 40
5403 40
222 40
722 40
5355 45
3415 54
6478 40
5325 76
4895 8
3686 20
1079 82
7033 6
786 58
1001 56
5584 26
470 84
6756 21
3864 25
2041 56
878 23
4551 60
3132 64
14 41
4583 21
2618 55
1175 8
5385 79
5676 42
3461 79
5365 42
396 58
1257 51
4666 53
1175 63
5285 57
3099 57
2653 54
4125 37
5692 79
2265 66
6935 8
937 61
1591 79
1079 85
1519 8
6644 54
6810 1
641 12
1634 53
4476 21
2535 78
2973 57
6882 29
6351 8
2749 54
560 21
4934 38
5321 60
4372 67
3244 21
6868 4
1876 53
6483 34
2993 47
5511 30
5263 54
4102 90
5758 28
3236 21
5399 45
2623 41
4760 20
3694 81
6371 70
722 54
7007 5
3008 46
6881 20
5924 37
6041 21
5475 40
6811 5
641 21
543 42
1249 68
3522 42
1833 26
1914 39
6899 15
6104 60
6414 8
4836 21
5162 41
488 72
1501 53
5171 17
3608 51
6783 37
1715 40
6685 0
852 21
5506 70
6415 39
2717 60
2634 21
5271 65
5361 52
5276 59
357 85
4752 21
952 20
6860 5
3603 8
852 20
3501 88
360 51
5924 50
1036 94
2923 62
5669 45
5061 21
1344 12
6922 3
5399 38
3008 38
824 87
108 66
459 5
2990 60
5548 23
3134 29
1326 54
2958 21
743 96
5177 21
3137 56
2788 22
6359 34
5579 21
1990 84
6782 9
1640 37
4167 32
3599 51
3793 9
5515 60
5025 79
2631 37
130 61
1242 21
5101 23
6326 52
4433 3
5353 22
5198 70
3015 63
3931 21
165 88
3070 67
4148 25
2407 11
3686 53
64 96
4663 21
6728 29
462 52
2650 51
3769 22
2655 79
935 21
2790 65
5325 47
1641 67
5126 57
6774 14
2154 6
6285 65
6978 9
574 37
6446 8
2602 12
5486 23
1870 57
3513 63
6897 3
5899 12
2454 48
5124 40
1409 20
567 59
4726 84
2990 58
3261 48
5711 65
455 40
5937 37
1516 22
5280 20
3606 39
6317 4
648 82
6600 96
6326 15
2820 80
2990 21
4923 0
4285 36
2737 39
2410 57
300 37
64 85
6790 51
1670 23
1085 81
530 64
3137 79
1257 85
3694 59
543 52
903 23
3398 61
3058 60
2243 74
5237 39
4663 54
4515 81
1914 21
5434 9
630 21
3616 48
4769 42
4311 41
3032 23
2014 54
3687 55
5842 20
5902 55
1971 37
1380 90
5271 41
1721 21
339 58
2112 31
5360 25
2571 48
5276 23
5339 21
6725 5
6130 81
5365 43
5685 63
3216 38
5059 36
3989 60
6234 21
5692 79
92 94
6774 37
5481 12
6613 41
229 38
1783 83
1465 57
681 20
5099 54
3680 65
922 38
1137 57
2421 3
5061 39
1792 68
6595 25
2858 79
1160 23
4752 54
6572 30
7015 1
1420 79
4222 23
300 8
4211 67
89 21
5587 83
6900 13
6918 6
5094 68
2923 8
23 38
4285 23
5725 58
5534 21
3402 18
6831 12
3327 81
5800 63
6932 1
3106 84
4866 56
6682 38
6436 85
6855 9
3232 85
3686 37
5094 56
3440 84
1483 62
1557 79
3198 36
4161 58
5954 23
468 59
2717 58
6682 84
6790 12
2391 52
6052 53
5461 6
3027 79
6359 33
396 69
3608 39
6692 9
3931 46
1300 40
2358 70
90 63
2620 38
558 52
2737 40
3655 64
6930 51
79 94
89 51
212 54
3606 63
5258 30
5013 79
1521 54
1471 47
4496 40
14 23
6864 33
1315 54
2434 60
5248 6
4647 51
3513 87
2433 71
4715 21
6234 21
2646 51
425 56
4949 38
1849 38
2454 40
3106 83
773 40
4836 36
5548 40
4983 50
6682 52
2623 38
397 79
2737 39
3668 19
6972 10
1916 41
5548 23
1183 96
567 63
2161 23
6847 3
6844 0
524 82
4191 35
6544 2
6887 9
4295 56
5528 91
132 69
1242 21
2041 91
2717 58
2190 81
4536 54
300 17
2005 67
2051 62
815 56
6326 44
3990 51
2026 54
5213 21
2174 51
1251 78
6832 58
1219 43
4869 23
5557 59
1722 63
6390 56
3032 23
215 22
60 9
2755 51
90 85
2368 22
2460 84
6874 36
999 81
5365 23
6310 38
6682 44
1187 79
27 57
6906 7
2309 38
2063 23
1031 64
1558 23
991 36
3581 38
335 59
5714 55
2315 51
6344 8
4212 48
4040 6
6238 47
1179 84
6046 40
6044 37
139 23
3008 51
437 37
394 64
5688 17
3134 51
165 56
4125 21
6841 56
1184 74
441 66
1356 84
6963 43
2538 30
2952 66
6942 35
4949 39
715 36
775 3
1211 21
5545 73
5758 25
23 33
374 58
577 46
6823 13
681 37
3802 84
3134 60
543 44
1421 25
1352 21
2772 56
4145 21
5528 84
108 54
303 54
2156 88
1222 23
493 71
3606 39
6412 14
2746 39
157 95
3121 20
5515 80
597 79
773 40
6857 53
3732 17
1207 23
2550 90
6800 49
1521 80
1118 21
5276 23
1221 32
6823 31
5142 23
6337 84
2926 3
5925 51
3826 53
6897 3
2079 45
6958 2
3209 42
6914 8
3130 84
316 23
1517 58
2174 25
6040 33
2492 23
6823 4
2820 63
6811 75
6823 3
2650 40
597 79
3793 7
1107 58
1257 46
6855 3
3750 84
5759 18
60 9
5276 46
372 58
5127 51
543 60
3419 63
1368 61
677 39
6918 58
3500 56
455 25
1550 8
6973 21
64 81
3592 82
6612 46
3106 40
2942 3
575 56
3493 59
6779 0
5764 43
2531 47
4261 53
722 23
2990 60
1211 21
2156 88
5035 85
1036 70
1242 54
4417 60
1579 60
6358 58
137 21
5724 50
3523 54
6832 28
3678 46
6029 80
6580 21
1229 48
842 79
521 78
4515 60
3644 45
3495 42
5035 88
286 65
1947 21
6326 14
1356 66
3333 60
5339 29
1882 3
1579 56
2292 21
5286 8
2943 45
3515 25
1567 7
4417 40
3569 36
681 37
2078 59
6946 17
1691 79
6367 57
659 87
1591 60
2942 23
2454 15
5676 37
6716 17
3168 20
4407 57
378 79
2837 63
3296 84
3990 42
4596 39
1329 88
4191 32
5594 54
3540 28
3497 57
5006 21
6798 58
2800 64
2914 87
3315 65
5385 54
3236 62
2749 64
2134 21
1020 56
348 74
4742 65
6879 9
5280 73
6721 43
1074 38
2349 51
5937 85
5250 23
880 53
575 90
6803 14
4407 11
1619 21
5759 71
1558 45
6716 6
2609 21
6190 39
192 67
147 96
6932 26
5502 51
120 21
418 60
2269 43
6192 25
1550 63
3468 63
5280 60
2618 48
5365 15
403 43
4311 37
6946 11
824 95
90 64
143 21
863 2
4305 58
5724 58
428 42
69 54
6412 0
847 21
1187 23
957 58
815 84
2313 84
6682 39
1347 12
4040 3
6823 63
3697 56
754 42
1579 82
3506 57
2154 67
6363 57
76 4
6728 34
372 60
574 40
1870 57
754 60
4406 23
4916 48
5957 70
5557 41
2309 21
6879 14
4004 23
5688 3
6580 21
3693 57
2777 58
3178 88
233 25
5808 37
3188 37
6944 3
4018 30
1717 26
4968 26
3391 92
4430 58
3270 56
3123 12
4583 54
6519 21
2780 74
3279 21
6820 9
5997 23
201 55
3277 22
6344 84
6882 25
1229 20
3745 28
2104 72
5370 53
2650 39
6972 30
1079 83
6674 36
5724 68
3178 56
6942 39
6866 29
1619 21
6751 8
5245 56
3745 40
2990 21
4445 36
5511 4
695 21
1471 40
3200 25
6416 9
5937 22
2154 84
368 47
2890 60
5731 21
6782 5
5100 81
1312 63
4684 66
165 68
4692 39
1809 83
969 75
3090 79
1501 56
3588 56
543 52
2749 79
2058 64
1074 40
6197 61
3751 56
824 76
1591 60
4941 3
2489 22
6241 14
4004 63
6295 20
1179 79
6803 12
3769 10
4900 48
530 63
2454 63
1971 48
4900 40
2334 23
3104 68
374 61
3728 76
3515 21
3931 21
1706 38
3493 84
3581 50
5341 56
5987 63
317 90
111 50
65 40
6900 5
5383 17
6709 5
2460 84
824 96
2767 56
1691 63
120 12
5579 21
4673 38
185 51
4705 85
1421 65
5800 58
6929 27
5593 54
5900 54
6609 4
5736 21
6810 7
6824 37
1722 60
1074 65
6946 28
1151 75
6889 53
4027 21
3574 20
459 38
510 57
1035 20
2265 79
6285 21
6808 1
3745 69
3871 44
316 56
1877 9
282 63
2365 53
1001 80
620 42
4301 8
2118 21
6778 8
1214 53
1183 40
5261 9
5597 63
5494 20
5353 12
1107 65
688 42
5434 47
6721 37
1424 79
6920 2
1074 44
6889 36
693 68
1719 7
1829 65
6752 7
5688 17
5632 79
3236 55
5669 21
1284 53
702 42
881 21
316 37
6864 41
4444 54
520 64
568 23
1294 51
6786 4
3134 49
2594 83
2298 79
2746 46
5976 20
6832 20
6358 63
5095 12
3225 72
2653 79
3793 8
5395 86
6823 7
3719 34
461 21
580 47
6934 54
3335 21
368 55
6443 51
1512 45
5258 24
1914 23
6044 36
565 38
7030 19
3047 86
3687 21
5764 21
2820 20
2819 60
6345 56
506 25
1792 73
3521 21
3628 61
439 21
6059 8
5924 40
935 21
3158 18
2136 44
1475 51
3263 30
396 65
611 58
1722 73
1179 21
6861 1
2024 87
3008 37
3047 64
6687 69
866 51
4715 22
1733 22
3232 58
4407 79
1634 60
5341 57
3852 21
4314 54
5954 39
659 68
6246 33
2309 12
192 21
30 12
1160 21
6849 36
1052 21
2254 70
2907 21
5357 23
2368 49
1914 39
5546 23
394 78
1974 85
4673 58
2494 30
394 41
23 37
677 47
4063 21
3602 29
10 38
2014 51
3322 38
2654 36
2179 42
6503 28
316 21
407 20
2066 39
5593 25
130 66
6354 60
397 57
3931 21
3130 56
2531 51
1645 84
6038 41
1869 55
1179 57
6883 22
5204 23
27 79
5528 21
730 21
3134 54
6564 84
1295 36
1889 21
1229 23
2078 23
5434 12
300 15
2368 59
5597 85
1167 20
6140 22
2394 23
2247 79
2686 53
6887 14
4603 39
5976 20
3505 73
6295 12
4325 21
3594 30
4501 51
2254 65
4666 58
1295 40
2095 85
6961 17
4327 54
5286 0
6712 4
1158 79
1214 53
5059 25
5357 4
7005 7
114 84
5764 32
6006 75
6838 16
5546 21
6793 26
2063 38
1389 9
957 36
4496 48
4215 54
187 67
731 68
1554 60
5688 6
330 90
6615 53
139 21
2219 63
2760 26
508 50
6959 18
6533 83
6367 53
381 56
1719 54
205 2
6710 4
1765 54
246 21
2494 30
5325 77
3236 50
6478 55
2421 6
463 23
6414 17
6864 37
5384 72
6326 45
2777 64
5461 27
25 21
1882 3
4125 37
2449 46
2368 45
700 58
5708 82
1742 45
147 76
6445 41
6831 7
3694 85
4646 79
6934 1
5325 51
4102 71
455 30
6824 82
6613 21
2315 58
6953 25
1536 56
2292 23
588 50
6224 30
2668 73
5262 79
4222 56
4536 42
333 12
2313 56
2504 38
1515 37
5325 20
2179 54
3479 36
5321 43
3844 51
5676 37
3200 5
3624 63
3134 44
232 83
6389 28
5325 21
5870 84
4501 46
111 23
2772 64
611 67
6866 0
6109 53
3438 60
3884 68
120 50
6648 7
3606 53
5560 51
1356 64
580 40
6832 7
6763 82
1686 88
3500 57
6501 23
6477 58
3004 54
4042 52
6823 42
6660 11
4406 54
6999 20
3697 85
3501 76
4512 25
2561 6
2942 37
1454 56
3099 58
574 63
6824 17
261 42
4063 42
2820 64
2631 47
967 7
1242 42
2650 25
4603 20
5357 60
5952 57
586 36
2609 64
6883 3
5271 38
5330 12
2588 51
296 39
6865 7
5177 21
6964 30
505 57
5013 76
2706 30
2014 40
6824 63
5780 51
2655 51
5760 20
521 63
2112 21
1033 54
3727 54
5261 9
4865 45
2127 20
3630 56
2609 20
918 57
1515 36
6770 24
3624 54
3866 12
1083 8
1612 56
5759 52
6564 28
2562 58
3953 25
5625 28
3719 68
428 62
4752 53
5127 21
1721 42
1517 72
5705 56
6793 4
6914 14
131 24
1312 56
6718 42
2538 26
5692 79
3497 58
4946 21
999 83
1295 39
2136 21
252 65
506 52
2084 62
5502 55
1389 12
5193 56
316 20
1722 57
3010 36
4257 41
5989 29
6644 22
5736 23
3881 40
513 56
992 32
6952 53
4063 38
6725 4
3644 10
6624 50
4450 26
6906 6
6389 25
6478 23
6978 22
303 53
6824 11
3411 21
630 65
4222 82
6344 3
3738 70
2334 20
1445 68
5100 60
2504 11
6751 34
6483 25
250 96
3047 12
1326 43
2454 49
3383 59
1031 53
5250 47
4603 40
5213 63
4033 51
3992 82
1833 32
1916 79
6441 1
1036 68
2275 61
2219 79
2983 21
6907 59
111 40
5652 33
6749 7
670 23
5443 40
6285 41
3574 36
2571 37
1550 13
3505 70
1127 44
7016 9
4682 36
3132 23
3547 38
2127 38
4715 21
1772 79
6544 15
5006 55
4417 84
2646 48
5273 59
5528 56
6824 33
372 79
6935 3
5228 45
2788 51
2168 39
3015 68
4195 49
6905 10
6337 56
31 79
6446 21
3687 40
276 85
441 70
1421 42
3569 38
6135 49
6832 77
2973 83
2358 77
4333 67
4892 13
2594 83
1371 21
889 24
3887 39
1136 85
3172 84
6822 13
1483 60
3294 5
3697 84
2617 21
693 92
4033 54
668 28
3395 14
92 65
6345 79
3881 39
6799 45
3890 54
540 42
3134 59
4525 51
1158 8
2609 43
5676 20
6857 34
5870 64
543 39
6710 5
3158 54
4525 51
3606 53
6345 20
5090 58
6824 15
6802 1
2368 72
2365 21
586 51
472 78
6716 17
1183 88
4305 55
2737 57
5864 40
3954 79
6434 7
2180 64
1706 40
3501 89
2492 54
3869 63
3359 46
6820 16
286 58
5100 60
5560 54
6109 85
6109 85
1186 41
2315 84
2054 41
2952 65
4417 27
394 26
86 52
2394 49
3875 15
4080 63
1765 22
3667 88
6367 45
6799 4
6544 34
2973 54
2127 20
1327 44
622 95
6880 48
6977 7
1536 79
852 39
2737 43
2973 60
4063 53
5511 33
4417 36
922 38
3188 20
2207 38
1379 45
1483 37
6974 28
1722 65
6946 14
1175 83
6292 7
695 44
3738 91
3106 49
2136 53
3644 51
2228 26
5432 40
2454 55
6880 29
748 47
5280 79
2907 51
33 29
6478 20
4666 37
5193 82
6749 33
5325 88
2942 20
1550 28
4769 60
5370 41
5914 21
5502 50
722 39
4430 56
1184 73
585 57
2567 51
4496 41
296 38
1298 23
4063 21
2365 61
1000 3
3852 46
52 78
1024 54
1733 39
1083 53
937 90
374 58
5937 21
4673 41
4976 39
530 81
2567 79
3702 67
852 47
6878 3
1772 7
5410 42
5759 27
4217 37
6443 21
6478 28
6824 79
5760 54
3738 63
4836 45
2552 36
6162 21
4666 36
6446 54
999 56
378 21
6999 28
2618 62
2179 20
1721 53
5742 67
455 58
1051 49
3175 36
4332 57
5127 53
1792 70
5061 23
2494 23
1914 40
23 38
1079 58
4445 21
1137 37
1507 60
3438 23
4063 38
591 91
1507 40
1005 86
409 55
4949 44
3669 44
1714 23
6793 5
455 37
4838 67
3639 62
6743 27
572 68
3010 66
2973 58
3115 55
1686 93
3661 56
3206 44
3271 21
4742 60
510 79
1908 36
686 61
2058 66
6162 54
79 71
6756 53
6692 60
3719 76
5714 38
5580 21
5584 7
757 56
3415 20
6854 14
6909 1
2781 50
6999 60
5285 79
5437 59
2535 81
6995 9
6783 17
4081 57
4391 21
3921 37
3267 21
5764 48
4705 21
3236 60
5100 63
6488 56
5303 70
205 24
5924 37
1833 12
1608 29
3252 51
999 79
5669 51
2494 22
6581 37
965 66
2717 84
4222 56
543 46
2315 85
4407 38
5360 54
2952 42
223 36
3061 56
702 12
452 79
6900 3
5831 67
6389 28
712 53
1465 38
7007 3
673 76
4476 58
6883 1
6814 21
4081 79
1368 59
5280 56
2609 21
55 53
3398 58
1682 59
6436 21
2603 76
4445 21
1756 65
3134 41
6510 12
1411 54
5148 18
580 21
50 12
5502 55
2014 20
5564 47
1192 39
1389 7
2174 27
6501 57
2138 33
2454 17
994 21
5518 40
2907 36
606 74
4100 45
520 83
6983 13
5357 58
4407 57
4222 58
5370 20
232 60
6849 9
635 79
3952 69
6756 51
5808 54
1889 38
992 12
201 76
3677 23
6624 39
6859 6
52 63
1743 70
147 57
3998 23
2820 40
5759 39
409 28
6805 9
6478 37
3172 51
4060 42
1737 84
3184 79
339 69
5869 51
3624 58
1727 64
6916 13
6874 25
4062 57
2609 48
4583 63
2460 84
6751 26
2066 40
1782 69
261 21
6936 7
462 55
157 82
100 54
5341 44
6685 9
1390 53
2431 3
552 20
6952 79
1721 51
3570 64
2358 68
6767 9
236 40
3414 84
6803 28
1327 38
4501 40
6337 58
1430 21
1595 21
5090 59
3209 36
1638 37
2433 83
2951 87
688 54
2078 63
743 88
5564 23
2044 31
1005 63
702 20
2227 51
1714 7
3569 9
4314 40
1916 21
6359 12
5791 40
3891 21
6544 35
5869 8
3697 58
6898 4
5895 81
852 36
5859 64
5258 36
2780 94
3954 64
6443 23
6197 84
493 66
6983 3
4752 21
2552 39
2275 63
1690 72
513 85
3595 48
6241 21
649 36
2410 67
6986 8
4391 45
881 50
6831 66
4102 76
2247 82
315 79
6637 8
5593 21
286 33
4948 84
3008 38
4567 35
2923 73
6624 36
2631 40
6234 54
2219 45
1893 20
3193 21
565 34
5035 63
2180 85
6956 25
6414 28
303 23
1352 58
5479 51
6912 4
6687 37
2704 39
1233 54
5228 53
6669 76
368 21
3134 45
2219 20
552 55
4789 37
6506 65
459 38
2609 86
3010 37
5900 51
4027 37
6758 11
4102 60
6140 37
3680 64
3921 53
659 75
165 72
2014 51
6952 43
3460 60
6872 1
4497 53
757 81
410 88
1211 36
407 38
238 21
5280 20
5410 53
3186 35
2538 27
6866 9
5285 70
1388 12
3175 36
6506 41
690 87
6501 57
6783 28
3225 70
5499 81
6780 16
4579 88
673 72
2078 59
1459 84
1516 53
2434 42
6624 47
2973 58
3614 37
6921 1
815 21
6914 5
3134 24
4525 36
3047 63
317 73
7016 18
5800 79
3977 36
3070 49
5303 68
6973 21
1515 72
5280 88
368 54
5518 21
3547 46
6939 3
6292 17
5395 63
4673 85
6823 54
14 37
2874 21
6832 39
6742 63
2617 83
3106 66
2942 85
6166 79
2755 51
1313 37
2298 23
2168 54
5676 61
6445 57
6830 54
6689 21
5548 21
4553 64
1031 36
1877 56
3501 76
229 38
1733 21
6544 37
2768 79
4633 79
5711 86
2620 44
1877 82
425 21
4986 71
7018 21
5749 23
6824 34
5142 20
1315 21
5268 21
3793 9
2609 7
2341 37
2090 56
649 21
1379 40
940 48
5059 40
3236 57
5518 44
3072 42
1278 35
1233 78
3292 33
5035 79
6436 51
368 47
5764 42
1789 38
5276 23
630 49
5061 40
6282 28
3852 84
5417 14
297 46
3070 57
630 84
1379 37
1579 58
6105 76
750 79
620 82
6855 8
3348 79
2609 64
1083 79
6687 39
6889 0
252 63
5637 40
6879 1
513 84
2634 60
6326 21
3221 14
4898 12
2993 62
6430 30
4948 63
1078 51
575 96
6880 42
6749 61
3703 79
4102 64
1710 23
3104 70
4230 8
645 36
2434 21
4299 82
1610 53
6192 17
3354 58
6879 17
5708 64
6562 21
229 53
1638 45
3601 33
2001 84
455 50
4257 16
5325 54
5154 84
108 64
775 54
5600 76
2014 44
64 76
212 36
1421 21
6596 9
455 79
397 53
4332 63
3175 45
5937 60
3134 57
2454 54
455 65
1167 44
2391 39
1536 56
4496 21
1211 41
1341 21
6310 36
70 40
1559 91
3106 79
3989 79
5506 64
6416 54
1722 76
1714 38
2410 6
2764 37
4417 65
4042 48
3335 37
3225 75
1717 47
1179 21
459 55
1047 49
4553 84
5271 45
2014 40
4551 63
6423 23
2888 65
2827 85
3349 53
3119 54
1114 42
6389 14
626 7
6982 0
5652 59
1219 38
4725 11
6800 57
5219 21
4311 26
1060 38
92 56
2651 17
296 78
1582 51
5 53
1521 22
6971 8
2618 47
5338 65
5987 79
5914 21
5127 36
1743 88
3273 42
5669 54
372 60
5142 52
530 56
403 52
1421 42
1035 21
2254 36
6849 14
3717 22
6596 29
1090 51
6879 7
6478 21
3206 41
6624 55
3521 21
1222 59
433 40
6807 0
6986 3
195 14
6957 26
479 38
957 82
120 21
6823 79
1420 70
3134 56
2037 54
100 42
670 47
6581 36
1579 59
5759 75
4444 51
6390 61
6501 57
6416 21
6799 7
6234 54
4658 14
2749 20
6756 22
5365 44
852 42
3354 22
120 39
6669 87
64 70
6363 20
1016 63
3592 69
1411 36
267 38
2606 51
2764 23
2766 79
6973 46
4305 39
108 21
3276 2
2219 81
1136 63
1257 79
673 88
4726 85
4501 40
488 79
2529 23
999 58
3871 21
4900 54
6814 53
4949 39
6416 21
2908 46
1086 21
1421 61
2219 18
2100 80
659 42
1876 53
140 79
994 55
912 51
4789 41
281 60
1005 64
3592 50
1573 42
315 63
807 52
990 85
773 23
6982 28
2275 70
3960 47
6874 14
3198 36
2650 51
5708 64
2112 40
4145 21
5280 96
6870 13
6859 60
6860 9
4367 86
31 79
6595 41
3130 81
488 94
2136 22
3172 42
560 41
4970 8
284 79
3460 58
6501 52
2421 3
2928 21
1083 21
2066 53
543 83
6790 17
6774 37
5499 84
4417 40
4033 21
1916 69
5355 79
2421 3
6429 5
6544 20
2781 44
2426 59
1103 25
6838 13
1454 85
912 46
6972 30
6879 4
6822 54
5 38
2606 21
3866 23
5565 24
3497 23
5594 21
811 21
824 91
6920 25
670 37
957 60
6292 28
715 53
543 45
6883 3
1518 82
4501 21
6682 24
3799 85
5315 10
1425 74
1691 56
6742 22
3134 27
6197 21
3588 82
1329 89
277 51
6147 21
6910 16
1550 47
5546 54
3495 23
826 70
3285 53
2433 63
1744 22
5557 64
3198 60
4311 36
1914 38
6799 24
2421 26
6687 63
4975 54
60 79
79 73
3010 60
5515 83
1294 58
570 26
1251 54
2449 46
6613 21
2489 33
